970.791870117 294.353027344 291.120483398 314.757324219 2.191831350 40.304506656
967.911071777 293.872863770 290.817321777 343.778839111 2.553882599 36.466049625
962.632629395 293.008697510 290.367156982 394.383148193 2.897861958 33.899629950
953.528503418 291.725891113 289.840454102 477.486083984 3.103334427 28.862792324
940.124816895 291.851959229 289.405303955 598.387451172 0.697963357 343.662547001
922.934326172 292.062500000 289.747192383 756.470336914 3.382633209 199.360166877
902.433288574 291.390991211 289.805053711 946.608520508 7.055692196 186.521528596
880.080017090 290.468109131 290.016052246 1162.039550781 10.865105629 185.735640200
855.905334473 289.477447510 286.200073242 1402.749267578 13.698654175 190.674331422
828.982360840 288.041320801 286.670654297 1675.176513672 16.439138412 202.794406482
799.302978516 285.740997314 283.866882324 1983.651855469 18.196937561 212.931984984
766.902587891 284.514465332 281.161499023 2331.306152344 18.687095642 208.875959108
731.852478027 284.412963867 270.571533203 2723.047851562 19.058584213 212.352074603
694.171508789 282.656982422 258.124816895 3163.755371094 20.724746704 224.276068591
653.760009766 278.890930176 256.465515137 3658.517333984 23.741954803 223.639317376
610.538330078 274.215393066 256.757293701 4212.806640625 25.425415039 222.335680150
564.914062500 269.378845215 254.616989136 4819.495117188 26.303501129 226.376638629
520.581298828 264.913055420 250.418701172 5447.310546875 28.671812057 231.353292043
480.555297852 260.955749512 244.271072388 6062.450195312 31.319246292 232.741268445
444.615509033 256.848754883 238.862915039 6652.493652344 33.053905487 232.925355704
412.161010742 252.675338745 234.299835205 7218.725585938 33.680622101 232.080925756
382.649871826 248.583587646 228.725982666 7762.718750000 33.458641052 230.428388807
356.011627197 244.834960938 223.210113525 8284.007812500 32.418495178 227.471190104
331.936798096 241.659072876 221.082763672 8782.641601562 30.823009491 222.885182529
310.161895752 238.410507202 221.654418945 9259.064453125 29.495414734 219.237233135
290.517364502 234.950897217 221.667480469 9712.531250000 29.003501892 220.419853069
272.782257080 231.487197876 220.556350708 10145.984375000 29.344717026 224.696657980
256.245574951 228.088073730 219.233703613 10563.567382812 30.446004868 228.382200736
241.261566162 224.833908081 218.224334717 10964.325195312 31.430421829 230.997903641
227.498245239 221.722808838 216.766113281 11356.666015625 32.078052521 233.740060668
213.698059082 218.366989136 214.114120483 11759.757812500 33.037635803 236.640418537
199.880554199 214.649505615 210.330368042 12183.486328125 34.701789856 237.860973341
186.062072754 211.112258911 206.123947144 12630.209960938 36.101158142 238.719855969
172.243789673 208.882354736 202.852172852 13105.054687500 36.191841125 241.701465768
158.425552368 208.196975708 201.154022217 13616.247070312 34.620655060 244.399281207
144.607376099 208.614334106 199.231994629 14174.019531250 33.656444550 243.321900828
130.789245605 209.395324707 195.464141846 14789.808593750 34.101173401 242.067960059
116.971183777 209.431777954 189.914733887 15476.062500000 31.537134171 245.296167008
103.153144836 209.172912598 183.785186768 16233.409179688 21.953060150 252.957740464
90.315124512 210.586135864 182.005828857 17020.632812500 11.228407860 253.743376143
80.025115967 212.676818848 182.795349121 17774.042968750 3.173424721 224.654570355
71.646102905 211.762573242 183.796051025 18484.464843750 8.320171356 188.640704069
63.855087280 211.119720459 183.773559570 19198.457031250 7.522317886 194.508697170
56.554073334 211.910797119 182.670257568 19948.283203125 5.304973125 160.569029561
49.792060852 212.905258179 181.395507812 20740.617187500 6.219495773 133.068290566
43.520050049 214.308013916 180.385375977 21585.386718750 6.653193474 114.283446688
37.640041351 215.493530273 179.958969116 22498.707031250 7.499053955 99.547082181
32.152030945 216.781753540 179.856964111 23496.152343750 8.735903740 98.670532415
27.056020737 218.754837036 179.909118652 24599.939453125 8.336878777 100.886162112
22.303007126 221.137344360 180.234710693 25862.238281250 6.093654633 99.970046768
