964.386901855 299.425354004 292.461486816 395.599487305 8.207616806 198.237263287
961.517639160 298.812835693 291.940673828 425.185974121 10.221030235 198.104436598
956.262329102 297.981933594 291.511352539 476.768554688 10.713888168 197.046986710
947.203369141 296.777496338 290.948699951 561.479309082 10.854401588 194.917859652
933.885009766 295.518554688 290.154754639 684.247009277 11.506561279 193.248192588
916.812316895 294.379699707 289.205902100 843.856323242 13.429749489 193.122305372
896.477111816 292.768127441 288.685302734 1034.825683594 16.434036255 196.112439247
874.312194824 290.670288086 289.882110596 1250.456542969 19.500743866 201.119391380
850.309814453 288.814117432 288.992980957 1490.760131836 20.826454163 203.999955361
823.640869141 288.622131348 282.478302002 1762.006103516 21.517210007 206.568516300
794.407653809 287.998840332 256.899932861 2068.405761719 21.093017578 209.167239355
762.588989258 284.948394775 256.534729004 2412.294189453 19.221828461 208.761403175
728.064392090 281.836059570 258.224853516 2797.649902344 18.820173264 212.825707240
690.819824219 278.468872070 257.027526855 3229.596191406 20.391618729 224.872057238
650.831298828 275.751892090 256.226715088 3715.001464844 25.418209076 240.438358885
608.053649902 273.432983398 254.324462891 4262.050292969 30.641380310 246.071571063
562.899475098 270.190368652 250.050445557 4864.829101562 31.552770615 244.247651008
519.002563477 266.438415527 245.435806274 5491.194335938 31.218698502 238.044445883
479.339324951 262.180541992 240.744949341 6105.596679688 30.954917908 232.005793675
443.688232422 258.082885742 237.850753784 6695.014648438 30.250188828 229.489292438
411.463592529 254.177429199 236.796752930 7261.358398438 30.171510696 226.418234481
382.135864258 250.169860840 235.023483276 7806.293945312 30.331470490 222.000413485
355.639404297 245.916839600 231.555557251 8328.277343750 29.860073090 219.695921319
331.674530029 241.674850464 226.529113770 8826.255859375 28.840457916 222.652792173
309.985168457 237.620117188 222.335449219 9300.385742188 28.056583405 228.122516943
290.404327393 233.771163940 220.788391113 9750.712890625 28.205900192 233.222687498
272.714904785 230.194549561 219.204513550 10180.900390625 29.066898346 237.056691246
256.210144043 226.549987793 217.163772583 10595.187500000 30.070491791 239.247911554
241.246429443 223.070602417 214.822052002 10992.558593750 30.774854660 241.137660973
227.493743896 219.928970337 212.334686279 11381.474609375 31.306953430 241.260235548
213.697418213 216.891876221 209.910614014 11781.447265625 31.883127213 235.370768332
199.880355835 213.612838745 208.019897461 12202.653320312 33.102619171 226.464324598
186.061996460 210.579071045 205.465606689 12647.636718750 35.551399231 226.237193487
172.243743896 208.441284180 202.630996704 13121.353515625 38.101459503 232.732225275
158.425552368 207.461761475 200.369049072 13631.065429688 38.027210236 239.712746908
144.607376099 207.306396484 198.761383057 14185.960937500 35.645076752 239.075421957
130.789245605 207.489395142 195.154373169 14797.006835938 34.848583221 234.716244964
116.971168518 208.550445557 189.530471802 15478.890625000 31.094572067 238.062122412
103.153144836 210.817398071 183.657226562 16237.878906250 18.764066696 242.859838531
90.315124512 211.800735474 182.368759155 17030.546875000 10.499261856 224.097103975
80.025115967 211.494918823 183.345062256 17784.197265625 10.327648163 207.574534863
71.646095276 212.063156128 183.833831787 18493.054687500 11.487272263 209.875010877
63.855083466 212.858276367 183.098449707 19210.513671875 3.976958275 227.417463836
56.554073334 212.678695679 181.827957153 19964.646484375 1.055516481 331.781801770
49.792060852 212.540618896 180.870483398 20757.628906250 3.265081882 83.579356657
43.520053864 213.316818237 180.524383545 21599.591796875 5.636221409 104.548036555
37.640045166 214.606338501 180.294326782 22508.761718750 6.084259510 97.970937483
32.152030945 215.906860352 179.977783203 23502.037109375 7.399074554 82.570200476
27.056020737 217.477508545 179.810119629 24600.277343750 10.023196220 93.536713147
22.303007126 220.090225220 180.041717529 25856.050781250 10.427048683 102.776349517
