963.727905273 301.728027344 290.679809570 395.663574219 8.266605377 187.085681731
960.871093750 301.497863770 289.863128662 425.435089111 10.798339844 187.888946128
955.624694824 300.946197510 289.258087158 477.320648193 12.231082916 188.563365837
946.592529297 300.163391113 288.660156250 562.673583984 13.327980995 189.182945957
933.308837891 299.039459229 288.109313965 686.512451172 14.034159660 189.779638113
916.278259277 297.562500000 287.644958496 847.470336914 14.593948364 189.849135288
895.993286133 295.765991211 287.178588867 1039.921020508 15.081496239 189.258173660
873.895996094 293.780609131 286.295471191 1256.914550781 15.949088097 189.103155687
850.009277344 291.852447510 283.958404541 1498.499267578 18.221393585 191.795657239
823.406433105 288.978820801 283.877746582 1770.582763672 19.052631378 190.758171994
794.142944336 288.303497314 275.128356934 2077.964355469 20.023853302 195.066908040
762.302551270 286.639465332 260.505737305 2423.806152344 19.908494949 203.181172774
727.804504395 283.225463867 263.569427490 2811.391601562 18.767536163 209.788253815
690.563537598 280.219482422 267.757873535 3246.286621094 22.005805969 221.323965210
650.552001953 277.015930176 266.815093994 3735.204833984 26.157508850 229.481068890
607.774353027 273.652893066 262.687927246 4284.525390625 29.916053772 233.945403475
562.638061523 269.441345215 257.172912598 4887.151367188 30.342149734 240.052111687
518.771301270 265.100555420 252.318206787 5511.185546875 29.814350128 241.516736472
479.142486572 261.705749512 245.633392334 6123.418945312 30.035594940 237.617449777
443.530700684 258.036254883 237.170913696 6711.837402344 30.606220245 232.394158231
411.346588135 253.737838745 231.024780273 7277.069335938 30.486234665 228.818991333
382.053894043 249.521087646 227.812072754 7820.250000000 29.264635086 227.217448576
355.584442139 245.772460938 226.127319336 8340.851562500 26.915010452 226.282245415
331.639617920 242.159072876 226.292877197 8838.829101562 24.880115509 224.823194065
309.962707520 238.660507202 226.442413330 9314.251953125 24.485033035 224.895129617
290.390502930 235.200897217 225.292526245 9766.750000000 25.177848816 227.474209048
272.707214355 231.924697876 223.319686890 10199.734375000 26.338020325 229.666467545
256.206604004 228.588073730 220.997085571 10617.317382812 27.798404694 229.892287259
241.245391846 225.333908081 218.481338501 11018.387695312 29.202783585 228.845260241
227.493911743 222.035308838 215.839416504 11411.103515625 30.468538284 228.100837923
213.697799683 218.366989136 213.272827148 11814.351562500 31.977659225 228.552409050
199.880554199 214.587005615 210.387771606 12237.955078125 33.609710693 230.869960537
186.062103271 210.737258911 206.501861572 12684.178710938 34.926246643 234.449047964
172.243804932 207.257354736 202.994903564 13156.617187500 35.076000214 237.985815539
158.425582886 205.509475708 201.116088867 13662.403320312 34.090354919 240.890121257
144.607406616 205.614334106 199.404510498 14212.488281250 33.444271088 241.932353483
130.789260864 206.395324707 196.179519653 14819.527343750 33.924732208 241.068976591
116.971183777 208.119277954 190.747283936 15498.937500000 30.052957535 245.174862848
103.153144836 210.360412598 183.347885132 16256.284179688 16.948484421 250.629356296
90.315124512 210.773635864 182.153747559 17046.226562500 9.461677551 218.611792713
80.025115967 210.739318848 183.348693848 17796.792968750 11.574672699 213.674645113
71.646102905 212.262573242 184.081207275 18504.777343750 9.971437454 230.439494695
63.855087280 212.807220459 183.208724976 19222.488281250 0.836982131 259.158636985
56.554073334 211.785797119 181.792572021 19974.970703125 2.286655188 97.926040088
49.792064667 212.842758179 180.937103271 20766.835937500 4.450789928 110.512441191
43.520053864 214.745513916 180.740814209 21612.261718750 4.963723660 100.723904992
37.640045166 215.931030273 180.404815674 22527.269531250 6.261446476 82.486718488
32.152030945 216.656753540 180.035293579 23525.183593750 8.182505608 83.892710368
27.056020737 218.379837036 179.855285645 24627.689453125 8.601458549 95.500504591
22.303007126 220.387344360 180.029174805 25886.800781250 6.867498875 103.087040308
