967.007080078 301.834320068 295.244995117 340.871734619 6.448730469 172.112008277
964.124084473 301.346130371 294.896514893 370.816955566 8.958299637 173.351721763
958.849548340 300.715545654 294.672180176 423.041625977 10.719255447 174.139105970
949.745788574 299.869293213 294.316680908 508.896850586 12.499869347 176.022182294
936.362365723 298.716644287 293.740692139 633.471191406 13.895606041 178.358482651
919.204162598 297.272888184 293.156188965 795.447509766 15.135633469 181.374653207
898.771545410 295.474304199 292.603485107 989.065063477 15.894179344 184.481296449
876.500305176 293.597473145 291.880645752 1207.545898438 16.440217972 187.998625306
852.421569824 291.508911133 290.886108398 1450.855834961 17.016258240 192.702153115
825.607238770 289.773834229 288.924835205 1725.334228516 16.786645889 201.260223051
796.096923828 288.105285645 285.377807617 2035.807373047 15.440419197 210.030179115
763.925781250 285.875854492 282.393981934 2385.156982422 15.508409500 212.248528935
729.053649902 282.953033447 280.516937256 2776.781250000 17.632093430 210.997374883
691.547363281 283.227539062 269.312957764 3217.052490234 23.516349792 217.390800776
651.416137695 280.807281494 256.736602783 3712.841796875 26.437797546 220.946993409
608.553222656 275.655456543 252.498123169 4267.740234375 26.501211166 224.500590570
563.311340332 270.786102295 248.012908936 4874.252929688 26.519613266 227.848257527
519.330688477 266.278350830 243.686218262 5501.764648438 27.096712112 229.295902462
479.595825195 261.960113525 240.494003296 6116.403320312 28.796693802 230.452950167
443.885498047 257.188415527 236.645980835 6705.227539062 30.647609711 232.287142827
411.615478516 252.516708374 235.155685425 7269.355468750 31.610439301 233.358061848
382.247497559 248.039230347 235.739349365 7810.688476562 32.229217529 234.861796296
355.719604492 244.147048950 230.863006592 8328.969726562 32.582836151 236.118018348
331.731689453 240.904281616 224.800415039 8824.728515625 32.241416931 235.487100114
310.024444580 237.842666626 219.475708008 9298.677734375 31.387620926 232.743672672
290.431091309 234.871322632 212.265716553 9750.542968750 30.258058548 229.492161117
272.733276367 231.917556763 204.790573120 10183.531250000 28.789276123 227.992401840
256.222442627 228.874008179 216.446136475 10601.640625000 27.084175110 229.065069388
241.253921509 225.871627808 220.585632324 11003.714843750 25.656999588 231.419558539
227.497970581 222.775695801 218.562850952 11397.728515625 24.983463287 233.113254208
213.699890137 219.455688477 215.170074463 11802.720703125 24.849111557 233.668917417
199.882064819 216.072433472 211.785720825 12228.847656250 24.803867340 233.822446410
186.063201904 213.292846680 209.020568848 12679.350585938 25.406042099 234.048033897
172.244613647 211.125350952 206.608520508 13159.196289062 26.894453049 234.867451692
158.426147461 209.426223755 204.426544189 13674.591796875 28.545013428 236.971190938
144.607818604 207.911071777 202.036346436 14232.908203125 29.727668762 240.709531055
130.789535522 206.548690796 199.731002808 14843.272460938 30.266601562 243.930170155
116.971305847 205.842376709 199.527801514 15518.938476562 28.154851913 247.760635864
103.153167725 206.106048584 189.946029663 16264.357421875 21.721853256 253.144136326
90.315139771 208.384826660 182.970672607 17041.738281250 11.670351982 253.160474139
80.025123596 209.784454346 183.256576538 17786.109375000 7.202726364 213.035694576
71.646110535 209.639953613 184.451507568 18488.171875000 7.708206654 207.471590252
63.855098724 210.710357666 184.126327515 19198.003906250 5.434222221 189.027019568
56.554080963 211.202362061 182.974929810 19945.804687500 4.281937122 147.332000006
49.792068481 211.664916992 181.777618408 20734.371093750 5.757948875 127.155580217
43.520057678 213.442016602 181.162963867 21574.900390625 6.486010551 111.327578165
37.640048981 215.296585083 180.882247925 22485.832031250 7.471782207 93.448839561
32.152034760 217.117828369 180.640625000 23483.449218750 8.617901802 89.163713506
27.056022644 219.336502075 180.448913574 24589.539062500 8.481513023 89.749472610
22.303007126 221.632766724 180.259094238 25854.916015625 5.975254059 89.308653428
