963.911865234 301.540527344 294.592376709 368.226074219 3.901971340 175.696751101
961.047058105 301.372863770 294.241363525 398.122589111 5.719638824 174.804974282
955.792663574 300.946197510 293.974609375 450.289398193 6.685690403 174.711257257
946.728515625 300.100891113 293.673919678 536.079833984 7.610979080 176.248186424
933.404846191 298.851959229 293.369079590 660.543701172 8.392724037 180.060299414
916.318298340 297.312500000 293.000274658 822.345336914 9.164621353 185.063460793
895.977355957 295.453491211 292.407928467 1015.671020508 10.021865845 191.446463818
873.816040039 293.468109131 291.644561768 1233.633300781 11.212086678 198.652012864
849.865295410 291.477447510 290.247436523 1476.186767578 12.653228760 204.388798030
823.230407715 289.791320801 286.549804688 1749.551513672 13.916236877 206.947345912
793.919006348 287.803497314 284.601074219 2058.526855469 14.843112946 207.125723133
761.934631348 285.639465332 282.499053955 2406.337402344 16.282632828 202.426443701
727.268493652 282.537963867 281.094482422 2796.297851562 18.173404694 200.362654232
689.959533691 282.531982422 271.978607178 3234.536621094 21.764955521 211.026116319
650.036010742 280.140930176 262.248840332 3727.923583984 25.125938416 215.099067404
607.386352539 275.527893066 258.762756348 4280.619140625 26.201183319 220.090077876
562.374084473 270.253845215 254.063415527 4884.620117188 26.607223511 225.694644241
518.605285645 265.538055420 248.908630371 5508.904296875 27.420408249 227.659744306
479.035308838 261.643249512 243.864959717 6120.700195312 29.383293152 227.539437354
443.457122803 257.411254883 240.489242554 6707.868652344 31.293684006 228.491715989
411.303405762 252.862838745 237.009674072 7271.038085938 33.073295593 230.978464922
382.033081055 248.271087646 233.808059692 7811.593750000 33.900104523 233.971617741
355.569244385 244.209960938 229.007507324 8329.164062500 33.472778320 236.625597026
331.626800537 241.096572876 222.682434082 8824.422851562 31.525426865 235.685243902
309.951690674 238.535507202 228.360061646 9298.658203125 27.785589218 229.194515134
290.377838135 235.388397217 230.387603760 9751.250000000 25.578760147 222.385076078
272.696105957 231.987197876 228.302566528 10184.453125000 25.103857040 221.516412620
256.200683594 228.650573730 224.795715332 10602.098632812 25.222259521 224.964196490
241.242935181 225.458908081 221.449996948 11003.293945312 25.805187225 229.254060723
227.493240356 222.347808838 217.060791016 11396.384765625 26.770372391 231.854382042
213.697814941 219.179489136 212.919525146 11800.664062500 27.515350342 233.854425355
199.880630493 215.712005615 210.517608643 12226.173828125 27.843406677 236.887316215
186.062149048 212.237258911 207.408065796 12675.147460938 28.158197403 238.870516282
172.243835449 209.632354736 203.802215576 13152.023437500 29.572288513 238.600313998
158.425582886 208.696975708 201.215393066 13664.684570312 32.455181122 239.526159800
144.607406616 207.989334106 198.921661377 14222.175781250 34.375560760 241.460387411
130.789260864 207.145324707 195.826965332 14833.683593750 33.984786987 242.440341972
116.971191406 206.806777954 190.977645874 15512.062500000 31.506584167 245.145411072
103.153152466 207.485412598 185.171264648 16261.752929688 24.756345749 254.035721900
90.315139771 209.336135864 182.005950928 17043.507812500 14.458502769 260.974032964
80.025123596 211.301818848 182.638824463 17792.324218750 5.346764088 228.111602301
71.646110535 210.575073242 183.911956787 18498.527343750 8.154804230 173.398542709
63.855091095 211.182220459 183.744720459 19210.707031250 7.284602165 178.600175725
56.554080963 211.348297119 182.653594971 19959.595703125 2.996457100 168.891683367
49.792068481 211.655258179 181.474822998 20748.492187500 4.687926292 100.721310374
43.520057678 212.745513916 180.783264160 21587.699218750 7.799715996 96.338699430
37.640045166 214.243530273 180.519866943 22495.082031250 8.619744301 98.716466291
32.152034760 215.781753540 180.458282471 23487.339843750 8.152186394 97.963758101
27.056020737 218.067337036 180.313201904 24586.970703125 7.848926544 95.571157348
22.303007126 220.574844360 180.428283691 25845.894531250 7.491178036 100.032506287
