971.106872559 294.112854004 285.989440918 314.693237305 1.467463613 165.440279496
968.237670898 293.687835693 285.384674072 343.529724121 1.806758404 169.675440744
962.966430664 293.106933594 285.030517578 393.862304688 1.953328848 171.264409122
953.883361816 292.339996338 285.001281738 476.666809082 2.310240030 174.891526439
940.517028809 291.331054688 285.215881348 596.965759277 3.012854338 180.227352181
923.364379883 289.942199707 285.392333984 753.637573242 3.961131334 183.422337090
902.893127441 288.205627441 287.509399414 941.356933594 7.183449268 191.529935559
880.552185059 287.920288086 288.004974365 1154.269042969 12.701010704 199.077875158
856.349853516 288.001617432 288.140228271 1393.478881836 17.236362457 204.767190510
829.352905273 286.747131348 286.914245605 1665.037353516 21.058565140 212.893462717
799.663696289 286.186340332 280.454528809 1972.905761719 22.559354782 220.931502540
767.332946777 285.948394775 272.137207031 2320.512939453 22.647113800 221.685733009
732.328369141 284.398559570 265.093994141 2711.899902344 24.885866165 216.749473334
694.619873047 282.156372070 258.347778320 3151.877441406 28.200815201 215.526254755
654.155334473 277.814392090 256.372711182 3645.532714844 27.031694412 223.323516749
610.877624512 273.432983398 255.050109863 4198.269042969 27.692586899 227.586497358
565.203430176 269.190368652 252.656845093 4804.141601562 30.192747116 228.302588051
520.824584961 264.750915527 249.648605347 5431.913085938 32.720809937 228.285990691
480.752105713 260.618041992 246.231109619 6047.002929688 34.593547821 228.620628979
444.766632080 256.520385742 243.033050537 6636.952148438 35.293861389 229.278253253
412.274810791 252.489929199 239.805984497 7203.202148438 35.339576721 230.086578820
382.732666016 248.607360840 236.439407349 7747.606445312 34.847259521 230.099433236
356.068237305 245.041839600 233.103530884 8269.558593750 33.859760284 229.532199686
331.973754883 241.362350464 229.941650391 8768.474609375 32.664157867 230.222294679
310.184753418 237.620117188 227.048767090 9244.135742188 31.937402725 232.840388150
290.530731201 233.896163940 223.260421753 9695.994140625 31.805936813 235.915434937
272.789367676 230.194549561 219.944747925 10127.400390625 32.191387177 238.527367578
256.248626709 226.549987793 218.017013550 10542.531250000 32.523391724 240.402814580
241.262222290 223.258102417 216.042037964 10940.621093750 32.820461273 240.987915905
227.497924805 220.303970337 213.279098511 11330.412109375 33.374706268 239.521023498
213.697662354 217.266876221 210.135269165 11731.197265625 34.773689270 236.277161756
199.880355835 213.987838745 208.009994507 12153.184570312 37.626701355 234.474087437
186.061996460 210.704071045 205.538055420 12598.730468750 40.759193420 236.658327293
172.243728638 208.378784180 202.802673340 13072.478515625 41.997081757 241.254867019
158.425506592 208.024261475 201.101654053 13582.877929688 39.536632538 245.447592301
144.607345581 209.243896484 198.485870361 14141.273437500 33.809722900 243.058856583
130.789215088 210.426895142 194.024719238 14759.600585938 30.337285995 234.904949431
116.971168518 211.050445557 188.576019287 15450.390625000 27.491960526 236.123837669
103.153144836 210.817398071 183.827056885 16213.660156250 19.769384384 243.537147409
90.315124512 211.675735474 182.269378662 17005.953125000 12.674229622 243.133428588
80.025115967 213.994918823 183.212921143 17763.603515625 6.557228565 229.258896497
71.646102905 214.000656128 184.072509766 18479.960937500 8.481805801 184.035612945
63.855087280 213.795776367 183.720520020 19202.169921875 6.701004028 183.128816541
56.554073334 213.178695679 182.633605957 19958.771484375 4.767293453 166.339057259
49.792060852 213.540618896 181.632141113 20754.597656250 5.626618385 126.983329676
43.520050049 214.629318237 180.800491333 21601.216796875 6.849907398 109.537498281
37.640041351 215.606338501 180.200622559 22515.324218750 6.882456779 96.517535126
32.152030945 216.406860352 179.882995605 23512.130859375 7.848103046 93.054668277
27.056020737 218.102508545 179.920440674 24613.496093750 8.038247108 105.279568598
22.303007126 221.215225220 180.311187744 25874.425781250 6.956082344 102.397326952
