970.098876953 299.925354004 292.453613281 314.474487305 6.128769398 184.736711373
967.213684082 299.250335693 291.668701172 344.092224121 7.418617249 183.776974172
961.934387207 298.481933594 291.064971924 395.674804688 7.690607548 182.913044035
952.827331543 297.402496338 290.824279785 480.510559082 7.871653557 182.597892276
939.428955078 296.081054688 290.917236328 603.590759277 8.403439522 183.492742680
922.236389160 294.442199707 290.826080322 763.668823242 9.114153862 185.029098111
901.733154297 292.143127441 291.569641113 955.075683594 10.309662819 187.304671256
879.368225098 290.732788086 290.907562256 1171.269042969 13.571058273 199.203550639
855.181884766 289.564117432 289.748504639 1412.603881836 16.326551437 209.474953037
828.280883789 288.872131348 283.101593018 1685.318603516 17.783102036 214.701564054
798.719665527 287.811340332 279.827911377 1994.249511719 18.318344116 215.807508285
766.445007324 285.823394775 276.598663330 2342.575439453 19.314958572 210.743892902
731.464355469 282.898559570 273.779357910 2733.493652344 21.942180634 209.005555117
693.771850586 281.031372070 267.701995850 3172.221191406 24.227937698 209.551396515
653.371337891 278.939392090 260.077484131 3666.095214844 26.138391495 210.419049105
610.201660156 274.557983398 256.102661133 4220.519042969 26.893478394 219.746123209
564.643432617 269.440368652 253.984802246 4827.047851562 27.847578049 225.850905308
520.370544434 264.688415527 251.236373901 5454.100585938 29.487295151 228.216650610
480.390502930 260.805541992 245.832824707 6068.377929688 31.283246994 228.923206359
444.488250732 257.082885742 239.321990967 6658.202148438 32.347110748 228.726934043
412.065185547 253.114929199 234.475830078 7224.764648438 32.033027649 228.472099685
382.580657959 249.232360840 231.211196899 7769.637695312 30.461986542 227.917734212
355.960235596 245.666839600 229.058639526 8292.183593750 28.091974258 228.024735955
331.898956299 241.987350464 227.159210205 8791.818359375 26.022834778 230.581781196
310.134979248 238.245117188 223.897827148 9268.323242188 25.516672134 234.227080476
290.499206543 234.458663940 221.239257812 9720.962890625 26.051908493 236.972024221
272.770751953 230.819549561 218.803878784 10153.181640625 26.750997543 237.826904358
256.238952637 227.299987793 215.628692627 10569.312500000 27.657365799 236.845488136
241.258316040 224.133102417 212.857330322 10968.714843750 28.904150009 235.087083255
227.497024536 221.053970337 211.458404541 11359.849609375 30.218355179 233.608839073
213.697799683 217.766876221 210.280334473 11761.791015625 31.783895493 233.304130674
199.880508423 214.300338745 208.652557373 12184.590820312 33.436828613 235.135427334
186.062103271 210.766571045 206.540618896 12630.574218750 35.054191589 238.812459674
172.243804932 207.566284180 203.322769165 13103.447265625 36.661254883 242.467020691
158.425567627 206.586761475 201.958312988 13611.002929688 36.973678589 244.373927545
144.607376099 208.368896484 198.779312134 14166.367187500 34.369915009 242.832012340
130.789245605 209.364395142 194.858184814 14781.850585938 31.767032623 236.156376690
116.971168518 208.612945557 189.861297607 15466.765625000 30.517980576 232.657571307
103.153144836 208.629898071 184.309448242 16221.722656250 25.651874542 240.203168151
90.315124512 211.050735474 182.434188843 17008.796875000 15.355236053 249.349952582
80.025115967 213.369918823 183.358856201 17764.259765625 5.346786976 235.486075586
71.646102905 212.750656128 184.030761719 18477.523437500 9.466903687 177.938289413
63.855087280 213.233276367 183.522216797 19196.763671875 7.788819313 185.457303161
56.554073334 212.803695679 182.514526367 19951.708984375 4.538285732 155.584282373
49.792060852 212.915618896 181.435150146 20745.628906250 4.985038280 120.230618757
43.520050049 213.754318237 180.546005249 21589.310546875 6.896679401 105.588077997
37.640041351 215.356338501 180.079711914 22501.136718750 7.984632015 98.325946811
32.152030945 217.281860352 179.931198120 23499.443359375 7.479999065 86.019151028
27.056020737 218.290008545 179.928894043 24603.308593750 8.129401207 89.512358271
22.303007126 220.090225220 180.292816162 25861.363281250 8.380638123 107.756765512
