964.274841309 299.675354004 292.919891357 368.130737305 5.075925350 173.706802807
961.405700684 299.062835693 292.322875977 397.748474121 6.496243000 174.378797799
956.158386230 298.294433594 291.808746338 449.331054688 7.019650936 175.021641543
947.107360840 297.339996338 291.488525391 534.166809082 7.502416611 176.517630556
933.789001465 296.143554688 291.372558594 657.247009277 8.202209473 178.773655699
916.708374023 294.629699707 290.976867676 817.231323242 9.207103729 181.471662384
896.381103516 292.768127441 289.480926514 1008.294433594 10.766737938 184.986347957
874.256164551 290.982788086 287.536437988 1223.550292969 13.397853851 192.780659310
850.341857910 289.689117432 285.981079102 1463.353881836 15.697613716 200.396566121
823.728881836 288.622131348 283.486145020 1734.537353516 18.088907242 211.444397103
794.415710449 287.248840332 281.992431641 2042.030761719 18.645088196 215.557181852
762.421020508 285.510894775 279.088806152 2388.825439453 19.187017441 212.951369061
727.760375977 282.898559570 275.658630371 2778.149902344 21.593698502 208.006052555
690.443908691 280.968872070 269.197326660 3214.846191406 23.806150436 207.383016359
650.455322266 278.939392090 260.982849121 3706.095214844 25.761257172 208.670192829
607.721618652 274.745483398 257.633880615 4257.581542969 27.526206970 215.880044894
562.615417480 269.440368652 254.523391724 4860.797851562 27.673370361 223.843130221
518.764587402 264.688415527 250.071502686 5484.006835938 28.869571686 228.285553559
479.142547607 260.993041992 244.224685669 6094.721679688 30.621795654 230.917225446
443.531433105 257.270385742 238.127792358 6681.452148438 31.905569077 230.689916750
411.346801758 253.177429199 233.498016357 7245.233398438 31.771671295 229.699252453
382.051055908 249.357360840 229.923538208 7787.668945312 29.776334763 228.666445888
355.581024170 245.854339600 227.470046997 8308.246093750 26.503332138 228.206227742
331.634948730 242.174850464 226.866943359 8806.318359375 24.093732834 230.079967197
309.958374023 238.307617188 224.961013794 9281.416992188 23.600576401 233.678793871
290.387023926 234.583663940 221.588867188 9733.025390625 24.041109085 235.622761331
272.704681396 231.007049561 218.431091309 10164.556640625 24.679235458 235.982111244
256.205078125 227.487487793 215.830047607 10580.281250000 25.544498444 235.412282222
241.244567871 224.258102417 213.975601196 10979.433593750 26.766721725 234.172725831
227.493515015 221.178970337 212.788177490 11370.474609375 28.304801941 233.109839113
213.697662354 218.016876221 211.243377686 11772.603515625 30.096670151 233.432866080
199.880554199 214.675338745 209.241592407 12195.934570312 31.905002594 235.950747015
186.062103271 211.204071045 206.944305420 12642.699218750 33.477275848 240.416392997
172.243789673 208.066284180 203.838531494 13116.634765625 34.734924316 244.626535261
158.425552368 206.899261475 202.093368530 13625.190429688 34.902301788 245.806805610
144.607360840 208.118896484 198.640228271 14180.585937500 33.196361542 242.762453693
130.789245605 208.801895142 194.588272095 14794.819335938 31.179271698 235.707510319
116.971183777 207.612945557 189.985549927 15477.140625000 30.083625793 232.174581310
103.153144836 207.379898071 184.827072144 16228.066406250 26.750583649 239.076145957
90.315139771 209.863235474 182.452850342 17010.609375000 18.164247513 249.318342466
80.025123596 213.244918823 183.535369873 17763.697265625 6.779834270 232.874853285
71.646110535 212.688156128 184.136566162 18476.648437500 9.687916756 171.672690510
63.855091095 213.045776367 183.568435669 19195.451171875 7.753847122 179.469788580
56.554080963 212.991195679 182.537384033 19950.458984375 4.019135952 142.648556368
49.792068481 212.603118896 181.477600098 20744.128906250 5.128695965 112.315220103
43.520057678 213.629318237 180.862777710 21586.904296875 6.412431717 102.183231257
37.640045166 215.418838501 180.516693115 22498.574218750 7.798110485 94.366438337
32.152034760 217.281860352 180.282577515 23496.912109375 8.341300011 88.149984780
27.056020737 218.977508545 180.290283203 24602.558593750 7.712637901 85.767757804
22.303007126 220.340225220 180.504241943 25863.113281250 8.070286751 101.115861374
