963.799133301 301.896820068 295.337493896 367.996734619 7.060784340 173.310481080
960.924072266 301.471130371 294.970001221 397.973205566 9.386298180 174.039863322
955.665466309 300.840545654 294.717895508 450.197875977 11.092361450 174.336901418
946.593750000 299.931793213 294.317230225 536.115600586 12.753682137 175.819988204
933.258361816 298.779144287 293.722839355 660.689941406 14.334804535 178.158870372
916.164123535 297.335388184 293.149749756 822.635009766 15.445611954 180.883275738
895.803588867 295.536804199 292.690338135 1016.190063477 16.188503265 183.512714153
873.628295898 293.659973145 292.002014160 1234.514648438 16.371425629 186.048797543
849.653564453 291.758911133 290.566680908 1477.605834961 16.068183899 191.866315546
822.975219727 289.773834229 288.533508301 1751.740478516 14.422671318 200.387584422
793.624938965 288.105285645 285.164550781 2061.557373047 13.829613686 208.810799103
761.613769531 285.563354492 282.133880615 2409.813232422 14.832592010 212.182836175
726.973693848 283.890533447 276.646453857 2800.250000000 18.449451447 214.993691245
689.743286133 284.290039062 261.406799316 3239.677490234 24.136676788 219.277162421
649.876159668 280.744781494 252.807556152 3733.935546875 25.839052200 221.736740862
607.253173828 275.530456543 251.426086426 4286.615234375 26.324274063 225.459152978
562.251342773 270.786102295 247.676330566 4890.940429688 26.639423370 228.978093760
518.488647461 266.465850830 244.230392456 5516.702148438 27.205936432 229.838834199
478.935028076 262.022613525 241.253952026 6129.809570312 28.872470856 231.849956079
443.371917725 257.125915527 236.262359619 6717.008789062 30.560869217 234.065888012
411.225067139 252.454208374 231.466537476 7279.386718750 31.208782196 235.358091501
381.960327148 247.976730347 227.331893921 7819.063476562 31.803964615 236.778757188
355.514038086 244.022048950 223.801605225 8335.938476562 32.280788422 237.747032125
331.587646484 240.654281616 220.723236084 8830.259765625 32.346080780 237.209304992
309.926452637 237.592666626 217.165939331 9302.865234375 32.013530731 234.832057652
290.366455078 234.683822632 212.923004150 9753.605468750 31.327976227 232.019139865
272.692291260 231.792556763 208.727172852 10185.750000000 30.186101913 230.798475777
256.198486328 228.749008179 204.974700928 10603.171875000 28.429349899 231.376528347
241.241638184 225.746627808 207.697418213 11004.652343750 26.370647430 232.987004991
227.492401123 222.650695801 210.864883423 11398.197265625 25.165441513 234.479551589
213.697265625 219.330688477 208.806976318 11802.845703125 24.796369553 234.825637274
199.880310059 216.134933472 207.589294434 12228.878906250 25.274948120 234.773181421
186.061950684 213.292846680 205.643737793 12679.444335938 26.534397125 235.305061912
172.243713379 211.187850952 202.257476807 13159.321289062 28.170820236 235.602789858
158.425506592 209.551223755 199.388183594 13674.904296875 29.392580032 236.445252711
144.607376099 208.036071777 196.246810913 14233.501953125 29.790216446 238.829781033
130.789260864 206.798690796 193.184631348 14844.459960938 29.596759796 242.750951655
116.971229553 205.842376709 189.530639648 15520.532226562 27.240831375 247.257688054
103.153182983 205.981048584 185.070144653 16265.701171875 21.441431046 252.742166033
90.315155029 208.197326660 186.649902344 17042.550781250 11.869279861 256.574544195
80.025138855 209.346954346 182.872589111 17785.859375000 5.488497734 215.364993989
71.646125793 209.014953613 184.534790039 18486.078125000 8.023759842 203.842246293
63.855102539 210.710357666 184.231338501 19194.847656250 5.798638344 196.687937326
56.554088593 211.577362061 183.043350220 19943.273437500 4.431431770 150.438766192
49.792068481 212.227416992 181.845809937 20733.621093750 5.554905415 119.409117755
43.520057678 213.317016602 181.160217285 21575.087890625 6.543265343 105.935254805
37.640048981 214.921585083 180.915176392 22485.050781250 7.471782207 93.448839561
32.152034760 216.742828369 180.676788330 23480.980468750 8.308269501 88.270285435
27.056022644 219.149002075 180.480361938 24585.820312500 7.870058060 93.372066955
22.303007126 221.820266724 180.394042969 25851.447265625 5.854756832 92.353288745
