997.499389648 302.816436768 296.253845215 113.103019714 6.207665443 163.921306896
975.000000000 300.460784912 293.103027344 321.548828125 10.284961700 163.782968245
950.000000000 297.761810303 294.814849854 551.073974609 11.377562523 165.430368892
925.000000000 295.221954346 294.447906494 784.759582520 12.502387047 168.176746976
900.000000000 293.243225098 292.843658447 1023.029174805 13.752798080 171.867501165
875.000000000 291.297851562 291.032287598 1266.150024414 14.567266464 173.535044040
850.000000000 291.324157715 286.092864990 1515.183105469 17.545761108 183.210662697
825.000000000 290.068542480 281.947113037 1770.754882812 19.221887589 187.323426955
800.000000000 288.930084229 278.427032471 2032.712646484 19.342365265 193.241376060
775.000000000 288.150024414 273.824584961 2301.510742188 18.051134109 196.867680584
750.000000000 287.921142578 262.969390869 2578.501464844 14.948901176 189.938979596
725.000000000 286.476440430 257.165130615 2864.261962891 12.982987404 187.405846848
700.000000000 284.625457764 254.453353882 3157.208496094 11.303367615 188.862630575
675.000000000 282.592132568 255.356445312 3459.388916016 10.616900444 199.005994247
650.000000000 280.276458740 255.651809692 3770.586181641 10.398686409 210.033771795
625.000000000 277.716430664 255.233810425 4090.710449219 10.612198830 220.602205460
600.000000000 274.782775879 254.558105469 4421.718261719 12.109844208 231.264499584
575.000000000 271.652954102 253.796051025 4761.339355469 14.348058701 239.776144724
550.000000000 269.174560547 250.998138428 5114.066894531 17.708602905 240.084951237
525.000000000 266.879211426 246.687759399 5478.134277344 21.477516174 238.794373333
500.000000000 266.009735107 240.638244629 5858.839843750 23.114583969 232.807657884
475.000000000 264.790069580 231.719268799 6257.282226562 23.868343353 228.160793323
450.000000000 261.686706543 227.654602051 6673.780761719 21.839620590 227.133068419
425.000000000 257.800994873 226.527206421 7109.553222656 20.248666763 229.134600714
400.000000000 253.592620850 226.430068970 7562.097656250 19.534933090 231.893382422
375.000000000 249.485931396 224.932159424 8036.637207031 19.968339920 233.669941946
350.000000000 245.096679688 223.660369873 8535.676757812 20.733438492 230.979885601
325.000000000 240.596008301 222.288970947 9062.214843750 21.830247879 228.159372644
300.000000000 236.062789917 220.440521240 9620.456054688 23.580848694 229.060424860
275.000000000 231.150405884 218.206695557 10215.945312500 24.968486786 231.633958177
250.000000000 225.743194580 214.992950439 10852.083984375 25.892942429 234.809518028
225.000000000 220.841690063 210.007415771 11540.329101562 27.677146912 238.870625565
200.000000000 216.706542969 205.113677979 12294.267578125 29.019655228 241.671003124
175.000000000 211.677734375 201.029876709 13130.872070312 27.600990295 242.215014031
150.000000000 206.500274658 196.331802368 14072.966796875 26.988437653 244.612369449
125.000000000 203.210479736 192.019989014 15165.448242188 27.405979156 244.860455580
100.000000000 203.723175049 187.023590088 16487.798828125 22.426406860 253.601881944
