995.866394043 303.501403809 295.054565430 119.603019714 4.521666527 157.013151117
975.000000000 303.383087158 292.037597656 310.117553711 11.038176537 162.288809722
950.000000000 301.197479248 291.158447266 541.827392578 13.692404747 166.452643305
925.000000000 298.717651367 291.430328369 777.783569336 14.806771278 169.555871452
900.000000000 296.302520752 291.708496094 1018.368041992 15.376364708 172.368024258
875.000000000 293.984710693 291.458923340 1263.835083008 15.641624451 174.898821081
850.000000000 291.262145996 290.764343262 1514.272460938 16.090311050 177.139068488
825.000000000 289.393554688 287.663146973 1770.108398438 17.336082458 182.089999409
800.000000000 289.003295898 280.701263428 2031.867187500 18.824161530 188.894397785
775.000000000 289.400268555 268.455566406 2301.416259766 19.818628311 195.561482038
750.000000000 289.524200439 257.022125244 2579.589355469 18.976392746 200.551905113
725.000000000 288.282287598 255.796325684 2867.006835938 17.173412323 205.579682493
700.000000000 286.356628418 258.403320312 3161.896240234 15.536658287 210.354298912
675.000000000 283.984619141 260.491668701 3465.941650391 15.100837708 211.125618515
650.000000000 281.356445312 260.373046875 3778.644531250 15.041309357 211.087492399
625.000000000 278.579772949 258.109802246 4100.013671875 15.380293846 211.059597906
600.000000000 275.885345459 255.906692505 4432.049804688 15.500727654 218.415793604
575.000000000 273.224182129 253.634628296 4773.531250000 16.055191040 229.632972297
550.000000000 271.251647949 249.552658081 5128.311035156 17.615550995 240.317368914
525.000000000 269.382049561 242.846343994 5495.593261719 19.969911575 249.107754074
500.000000000 267.091857910 237.543243408 5879.617187500 21.956110001 256.096062123
475.000000000 264.428558350 231.906127930 6277.687011719 23.552259445 258.915632514
450.000000000 260.546234131 233.135635376 6692.969726562 23.407674789 250.818784763
425.000000000 256.969055176 231.828155518 7126.551757812 23.360456467 242.387039176
400.000000000 253.244201660 229.802169800 7578.416503906 23.708475113 236.859626628
375.000000000 249.130462646 228.084869385 8052.332031250 24.218660355 236.737885336
350.000000000 244.436889648 226.007965088 8550.374023438 24.500631332 237.589814831
325.000000000 239.886596680 223.143981934 9075.386718750 24.882749557 237.113750646
300.000000000 235.595962524 219.915863037 9632.169921875 25.188880920 237.336824624
275.000000000 231.131164551 216.602813721 10226.890625000 25.102891922 238.468409385
250.000000000 226.451446533 212.191909790 10864.022460938 25.325614929 245.065006085
225.000000000 221.900543213 209.761840820 11555.350585938 28.428380966 254.828857126
200.000000000 216.790618896 207.454208374 12311.263671875 30.334791183 254.306825768
175.000000000 211.317687988 203.908538818 13147.012695312 29.414447784 252.169222445
150.000000000 205.641845703 198.862060547 14086.626953125 26.409933090 257.589838155
125.000000000 203.985168457 193.016998291 15176.281250000 23.041746140 263.133820742
100.000000000 204.410736084 185.714813232 16512.726562500 8.935157776 247.039449850
