996.866394043 303.626403809 295.117065430 113.103019714 4.752818108 158.190177126
975.000000000 303.258087158 292.504821777 310.617553711 11.204678535 163.895727838
950.000000000 300.947479248 291.780609131 542.202392578 13.785470009 167.079429274
925.000000000 298.405151367 292.129791260 778.033569336 14.879650116 169.362822985
900.000000000 295.990020752 292.333496094 1018.493041992 15.349757195 171.412091472
875.000000000 293.672210693 292.014831543 1263.803833008 15.569903374 173.024924532
850.000000000 291.324645996 290.286956787 1514.209960938 16.221828461 176.720145665
825.000000000 289.831054688 285.755249023 1770.077148438 17.576433182 180.838565319
800.000000000 289.628295898 278.178070068 2032.085937500 18.861778259 186.959610099
775.000000000 289.900268555 266.155212402 2302.010009766 19.494640350 193.359053389
750.000000000 289.899200439 256.309570312 2580.558105469 18.272863388 199.083619347
725.000000000 288.532287598 255.824066162 2868.319335938 16.425306320 204.657005899
700.000000000 286.544128418 258.314086914 3163.364990234 14.925088882 210.617370478
675.000000000 284.047119141 260.456237793 3467.535400391 14.555863380 211.848976529
650.000000000 281.481445312 260.551147461 3780.300781250 14.509661674 212.361951056
625.000000000 278.642272949 258.445007324 4101.794921875 14.795612335 212.433312873
600.000000000 276.010345459 256.150787354 4433.924804688 14.865798950 220.700642146
575.000000000 273.474182129 253.639038086 4775.656250000 15.500328064 233.252658369
550.000000000 271.439147949 249.543792725 5130.717285156 16.918981552 243.787501163
525.000000000 269.569549561 243.117431641 5498.280761719 18.966201782 252.560947454
500.000000000 267.154357910 237.916458130 5882.554687500 20.696813583 258.076898945
475.000000000 264.366058350 232.517471313 6280.593261719 21.985044479 259.442841156
450.000000000 260.608734131 232.416473389 6695.907226562 21.561187744 248.389832890
425.000000000 257.094055176 231.282073975 7129.676757812 22.013311386 239.409664094
400.000000000 253.369201660 229.677978516 7581.822753906 22.728809357 234.654527375
375.000000000 249.192962646 227.951202393 8055.957031250 23.179698944 235.600180726
350.000000000 244.499389648 225.912185669 8554.155273438 23.527648926 237.347192851
325.000000000 239.886596680 223.143981934 9079.292968750 23.932996750 237.602218455
300.000000000 235.658462524 219.850708008 9636.107421875 24.292877197 237.906339458
275.000000000 231.193664551 216.709869385 10230.984375000 24.341220856 239.434635266
250.000000000 226.388946533 212.503768921 10868.147460938 24.427192688 244.731487948
225.000000000 221.838043213 209.664306641 11559.256835938 27.267061234 254.302577390
200.000000000 216.728118896 207.458953857 12314.888671875 29.639181137 254.179975495
175.000000000 211.255187988 203.826873779 13150.293945312 29.320268631 252.750567166
150.000000000 205.704345703 198.762969971 14089.970703125 25.917148590 259.465831573
125.000000000 203.860168457 192.987930298 15179.843750000 21.646881104 263.355678947
100.000000000 204.098236084 186.104309082 16514.664062500 8.978743553 245.414725431
