997.499389648 302.253936768 296.441345215 119.603019714 6.087653637 163.595472722
975.000000000 300.273284912 293.512390137 320.736328125 10.440244675 163.315844777
950.000000000 297.636810303 294.422302246 550.136474609 11.514301300 165.285835259
925.000000000 295.159454346 294.171020508 783.759582520 12.563568115 168.235151923
900.000000000 293.055725098 292.718414307 1021.904174805 13.953161240 173.537332153
875.000000000 291.422851562 291.055725098 1265.025024414 14.869335175 177.050125764
850.000000000 291.386657715 287.013427734 1514.151855469 17.692167282 186.434423193
825.000000000 290.256042480 281.996551514 1769.786132812 19.548364639 189.979701184
800.000000000 289.055084229 278.359802246 2031.868896484 19.467554092 195.432712481
775.000000000 288.087524414 274.132324219 2300.729492188 17.807222366 198.372630806
750.000000000 287.671142578 263.673370361 2577.532714844 14.887343407 189.980500316
725.000000000 286.101440430 257.254791260 2863.011962891 13.168945312 187.300696086
700.000000000 284.250457764 253.731750488 3155.520996094 11.878466606 189.040358928
675.000000000 282.404632568 255.207138062 3457.388916016 11.410978317 199.958812467
650.000000000 280.151458740 255.835800171 3768.461181641 11.254901886 211.195873840
625.000000000 277.653930664 255.752334595 4088.491699219 11.612559319 222.073988282
600.000000000 274.657775879 255.078216553 4419.468261719 12.871222496 231.486221185
575.000000000 271.465454102 254.222579956 4758.870605469 14.733030319 238.673000871
550.000000000 268.924560547 251.331588745 5111.316894531 18.005884171 239.249004384
525.000000000 266.441711426 246.826889038 5474.853027344 21.714469910 238.401050059
500.000000000 265.697235107 241.060211182 5855.027343750 23.678092957 232.512853259
475.000000000 264.540069580 232.440612793 6253.094726562 24.784315109 227.532429580
450.000000000 261.624206543 227.609100342 6669.312011719 22.667978287 226.049363285
425.000000000 257.738494873 226.252960205 7104.990722656 21.025436401 228.257563444
400.000000000 253.530120850 226.057586670 7557.410156250 20.258348465 232.149705761
375.000000000 249.423431396 224.882827759 8031.824707031 20.874717712 234.641631978
350.000000000 245.034179688 223.204071045 8530.770507812 21.645174026 232.493715069
325.000000000 240.596008301 221.828552246 9057.183593750 22.435281754 229.318196199
300.000000000 236.000289917 220.091186523 9615.331054688 23.669015884 229.045275500
275.000000000 230.962905884 217.862091064 10210.445312500 24.617872238 230.797587853
250.000000000 225.618194580 214.845611572 10846.177734375 25.169746399 233.463246761
225.000000000 220.716690063 209.968811035 11534.047851562 26.442417145 237.562111584
200.000000000 216.519042969 204.783721924 12287.486328125 27.937051773 241.201099770
175.000000000 211.552734375 200.301803589 13123.465820312 27.604318619 241.925004199
150.000000000 206.625274658 196.039215088 14065.435546875 27.878812790 244.057703447
125.000000000 203.710479736 191.739868164 15159.948242188 27.650888443 244.094777714
100.000000000 203.598175049 186.821655273 16483.767578125 22.779314041 253.371349399
