996.543212891 304.881652832 294.620788574 108.978019714 6.219553947 156.588518256
975.000000000 303.616516113 291.172332764 307.754425049 11.380684853 158.057220664
950.000000000 301.364562988 290.123229980 539.463684082 12.567372322 159.930461515
925.000000000 298.857147217 289.997619629 775.419738770 13.333569527 162.363743728
900.000000000 296.432983398 289.822052002 1015.916137695 14.232258797 165.138733474
875.000000000 294.060821533 289.070312500 1261.171386719 15.513401985 169.503067260
850.000000000 291.608947754 288.051147461 1511.500000000 16.799177170 173.389499539
825.000000000 289.857635498 284.643554688 1767.274902344 18.883335114 181.172465947
800.000000000 289.560150146 277.686248779 2029.186645508 20.576173782 188.408477637
775.000000000 289.850280762 266.055633545 2299.080566406 21.085165024 195.207609937
750.000000000 289.654235840 258.285339355 2577.401123047 19.097597122 202.687814550
725.000000000 288.334350586 258.228881836 2864.864501953 17.147319794 206.855493528
700.000000000 286.487213135 260.007873535 3159.999755859 15.484788895 209.633973502
675.000000000 283.672851562 259.995513916 3463.967529297 15.290465355 206.781877750
650.000000000 280.767761230 258.987487793 3775.925781250 14.798418999 204.892264935
625.000000000 277.905914307 256.890228271 4096.603027344 14.046470642 204.006983626
600.000000000 275.343627930 255.312347412 4427.822265625 13.952386856 214.378714673
575.000000000 272.807403564 253.775115967 4768.726562500 15.088051796 229.845172614
550.000000000 270.583770752 250.823547363 5123.023437500 17.532314301 238.028531542
525.000000000 268.335510254 246.394729614 5489.055664062 20.379377365 243.207003386
500.000000000 266.967803955 239.286346436 5871.751464844 21.931718826 248.400023532
475.000000000 265.018768311 227.508300781 6270.828125000 23.412801743 251.791253436
450.000000000 260.940185547 231.310302734 6686.895019531 24.536321640 249.587533882
425.000000000 257.126464844 230.901077271 7121.048828125 24.747215271 244.693744323
400.000000000 253.268692017 229.369628906 7572.908203125 24.705453873 239.643843960
375.000000000 249.086944580 227.520492554 8046.824218750 24.486698151 236.553401926
350.000000000 244.606338501 225.555130005 8545.012695312 24.209522247 234.002449215
325.000000000 240.097930908 222.975845337 9070.457031250 24.213867188 232.873132077
300.000000000 235.727355957 219.988311768 9627.746093750 24.628814697 233.350903810
275.000000000 230.982284546 217.283660889 10222.545898438 25.305795670 233.909463020
250.000000000 225.943405151 213.827087402 10858.644531250 27.123916626 235.666119372
225.000000000 221.456436157 209.299575806 11548.217773438 29.890556335 244.796784557
200.000000000 216.812194824 206.182800293 12303.684570312 31.516950607 250.030212102
175.000000000 210.996276855 202.718231201 13138.794921875 29.748855591 249.844635863
150.000000000 205.479171753 197.768707275 14077.169921875 27.178457260 252.978572541
125.000000000 204.287078857 192.185745239 15167.632812500 23.577909470 257.320523796
100.000000000 205.177307129 185.922149658 16506.343750000 10.486156464 248.493037049
