996.866394043 304.819061279 295.045074463 113.103019714 6.500500679 157.247938870
975.000000000 303.289337158 291.419433594 312.728698730 10.267724991 154.796440543
950.000000000 301.019409180 290.123504639 544.206970215 11.018111229 155.285427446
925.000000000 298.511993408 290.057128906 779.931091309 11.639472008 156.474870739
900.000000000 296.082397461 290.051116943 1020.184082031 12.663259506 159.564452168
875.000000000 293.628417969 289.175323486 1265.181640625 14.203698158 165.041143732
850.000000000 291.163269043 288.123748779 1515.159057617 16.031995773 170.460010913
825.000000000 289.607727051 284.213073730 1770.610717773 18.285905838 179.518399036
800.000000000 289.432006836 277.210998535 2032.275024414 19.825122833 187.197287022
775.000000000 289.720458984 266.193603516 2302.082519531 20.059076309 193.869398293
750.000000000 289.524566650 257.369567871 2580.342529297 17.521865845 201.691324101
725.000000000 288.088439941 256.742431641 2867.678955078 15.805025101 205.257201942
700.000000000 286.136291504 258.431091309 3162.387695312 14.254440308 206.787000391
675.000000000 283.243072510 258.966186523 3465.935302734 13.662015915 204.268211041
650.000000000 280.459472656 258.581359863 3777.484619141 12.822554588 203.620879862
625.000000000 277.700775146 257.228973389 4097.842773438 11.846332550 205.963129313
600.000000000 275.162780762 256.295898438 4428.851562500 12.093029022 219.904993409
575.000000000 272.556884766 255.502975464 4769.514648438 14.099414825 236.440758447
550.000000000 270.203338623 252.669525146 5123.509765625 17.184686661 241.216836526
525.000000000 267.846801758 248.290267944 5488.933593750 20.615001678 242.748670372
500.000000000 266.640441895 241.299697876 5870.927246094 21.947013855 246.027816871
475.000000000 264.904357910 229.697250366 6269.759765625 23.116182327 248.926644778
450.000000000 260.864013672 230.100921631 6685.649414062 23.726575851 249.828994729
425.000000000 256.939697266 229.738265991 7119.599609375 23.973699570 247.327041795
400.000000000 253.133010864 228.641204834 7571.154296875 23.823411942 242.943289782
375.000000000 249.209869385 227.093597412 8045.000488281 23.398460388 237.658062081
350.000000000 244.735717773 225.570037842 8543.377929688 23.334255219 233.417279588
325.000000000 240.184204102 223.403259277 9069.041992188 23.694120407 232.094381229
300.000000000 235.656555176 220.424224854 9626.253906250 24.567722321 233.257425841
275.000000000 230.843322754 217.686798096 10220.716796875 25.702238083 234.367222298
250.000000000 225.819076538 214.735198975 10856.508789062 27.482978821 234.808029046
225.000000000 221.500183105 210.186950684 11545.988281250 30.456501007 239.288250651
200.000000000 216.919067383 206.122940063 12301.873046875 31.610504150 244.612984166
175.000000000 211.011962891 202.231414795 13137.373046875 30.103998184 246.126526765
150.000000000 205.442565918 197.556335449 14075.624023438 27.753845215 250.620927843
125.000000000 203.920379639 192.208160400 15165.092773438 24.023763657 255.062982351
100.000000000 205.229675293 186.106369019 16501.773437500 11.988970757 249.873172393
