998.499389648 302.691436768 296.441345215 108.978019714 6.027723312 163.427695955
975.000000000 300.335784912 293.234222412 321.173828125 10.302591324 163.449217881
950.000000000 297.636810303 294.668182373 550.636474609 11.453862190 165.206427479
925.000000000 295.159454346 294.300170898 784.290832520 12.502387047 168.176746976
900.000000000 293.180725098 292.801940918 1022.497924805 13.851509094 172.708454547
875.000000000 291.360351562 291.094635010 1265.587524414 14.716619492 175.068107320
850.000000000 291.324157715 286.850952148 1514.683105469 17.643133163 184.820702209
825.000000000 290.131042480 282.005767822 1770.286132812 19.406137466 188.557642138
800.000000000 288.992584229 278.411926270 2032.306396484 19.371137619 194.363473687
775.000000000 288.087524414 274.087371826 2301.135742188 17.946643829 197.805212840
750.000000000 287.796142578 263.419586182 2578.001464844 14.938241005 189.702859956
725.000000000 286.288940430 257.275512695 2863.636962891 13.106954575 187.335413937
700.000000000 284.437957764 254.022094727 3156.364746094 11.621772766 188.929723523
675.000000000 282.529632568 255.421401978 3458.388916016 11.032657623 199.292425061
650.000000000 280.276458740 255.747802734 3769.554931641 10.826238632 210.637806404
625.000000000 277.653930664 255.510955811 4089.647949219 11.088031769 221.477944994
600.000000000 274.720275879 254.787231445 4420.624511719 12.471029282 231.490906695
575.000000000 271.590454102 254.039718628 4760.151855469 14.529080391 239.048319766
550.000000000 269.049560547 251.137634277 5112.754394531 17.802854538 239.561895350
525.000000000 266.691711426 246.750396729 5476.540527344 21.649234772 238.682822683
500.000000000 265.884735107 240.767028809 5856.996093750 23.415229797 232.597684208
475.000000000 264.727569580 232.136505127 6255.250976562 24.346950531 227.786184768
450.000000000 261.686706543 227.654602051 6671.593261719 22.184803009 226.414710104
425.000000000 257.800994873 226.527206421 7107.334472656 20.630950928 228.442866476
400.000000000 253.592620850 226.269210815 7559.847656250 19.896591187 232.023880016
375.000000000 249.485931396 224.801483154 8034.293457031 20.446138382 234.217832400
350.000000000 245.096679688 223.459594727 8533.301757812 21.162923813 231.700716446
325.000000000 240.533508301 222.009567261 9059.808593750 22.105346680 228.578992146
300.000000000 236.000289917 220.269882202 9617.987304688 23.621850967 228.945909908
275.000000000 231.087905884 218.107147217 10213.289062500 24.860818863 231.252806300
250.000000000 225.618194580 214.916793823 10849.177734375 25.623889923 234.212067721
225.000000000 220.779190063 210.024475098 11537.204101562 27.164371490 238.370095642
200.000000000 216.644042969 204.935119629 12290.923828125 28.545608521 241.585571118
175.000000000 211.615234375 200.633422852 13127.278320312 27.630180359 242.100362476
150.000000000 206.562774658 196.170196533 14069.341796875 27.405141830 244.302237879
125.000000000 203.460479736 191.935119629 15162.760742188 27.569488525 244.445289361
100.000000000 203.723175049 187.023590088 16485.892578125 22.641668320 253.432370309
