995.866394043 304.444061279 295.045074463 119.603019714 6.385410309 156.814153555
975.000000000 303.101837158 291.529571533 312.478698730 10.215121269 155.430821683
950.000000000 300.894409180 290.273925781 543.863220215 11.055508614 156.439080547
925.000000000 298.324493408 290.143951416 779.462341309 11.681347847 157.562885722
900.000000000 295.957397461 290.271759033 1019.590332031 12.616640091 160.993539478
875.000000000 293.440917969 289.553802490 1264.494140625 13.959356308 165.833862317
850.000000000 290.788269043 288.982147217 1514.252807617 15.693306923 170.946013024
825.000000000 289.295227051 285.345458984 1769.485717773 18.098455429 180.502731748
800.000000000 289.244506836 278.017364502 2030.993774414 19.813737869 188.295847818
775.000000000 289.782958984 265.904144287 2300.801269531 20.136270523 194.732693223
750.000000000 289.524566650 256.730377197 2579.030029297 17.673446655 201.278384524
725.000000000 288.025939941 256.694183350 2866.335205078 16.156532288 203.698621075
700.000000000 286.011291504 258.787322998 3160.950195312 14.904801369 204.735525753
675.000000000 283.180572510 259.367645264 3464.372802734 14.349050522 203.037247028
650.000000000 280.396972656 258.915832520 3775.890869141 13.577671051 203.666655790
625.000000000 277.700775146 257.582458496 4096.186523438 12.600358009 206.507550032
600.000000000 275.037780762 256.568695068 4427.132812500 12.773963928 219.181812980
575.000000000 272.431884766 255.729049683 4767.577148438 14.417985916 234.577701407
550.000000000 269.890838623 252.976074219 5121.322265625 17.624464035 239.907502922
525.000000000 267.409301758 248.988464355 5486.214843750 21.293090820 241.792580492
500.000000000 266.265441895 242.088516235 5867.645996094 22.792264938 244.033702162
475.000000000 264.654357910 230.873413086 6266.103515625 23.962827682 246.319807458
450.000000000 260.864013672 229.895889282 6681.805664062 24.645475388 248.284019600
425.000000000 257.002197266 229.157440186 7115.849609375 24.796081543 247.650956686
400.000000000 253.133010864 227.874816895 7567.373046875 24.503072739 245.048599971
375.000000000 249.209869385 225.906585693 8041.250488281 23.878376007 240.129292825
350.000000000 244.860717773 224.676574707 8539.815429688 23.658100128 234.927284149
325.000000000 240.309204102 223.314865112 9065.729492188 23.968235016 232.225766748
300.000000000 235.656555176 221.125579834 9623.097656250 24.744279861 232.475014011
275.000000000 230.718322754 218.696502686 10217.404296875 25.771640778 233.446717703
250.000000000 225.631576538 215.174774170 10852.727539062 27.577028275 234.308714897
225.000000000 221.500183105 209.991622925 11541.863281250 30.537456512 240.192649660
200.000000000 217.044067383 205.738433838 12297.966796875 31.425420761 245.333637425
175.000000000 211.074462891 201.685485840 13133.810546875 30.092166901 245.594919482
150.000000000 205.317565918 197.285644531 14071.811523438 28.263381958 247.870861457
125.000000000 204.107879639 191.948028564 15161.592773438 24.835721970 254.217937686
100.000000000 205.479675293 185.706512451 16499.242187500 12.221508026 252.129388782
