998.499389648 300.107757568 296.027343750 113.103019714 5.815313816 155.442999910
975.000000000 299.140167236 294.953704834 321.475677490 11.878597260 157.981316771
950.000000000 297.096984863 294.660247803 550.473327637 15.545598030 163.774287074
925.000000000 294.769927979 293.684539795 783.756958008 16.943378448 167.769496946
900.000000000 293.277648926 291.883941650 1021.727416992 17.641763687 175.038833129
875.000000000 292.327575684 290.202972412 1265.179443359 18.849584579 183.651004993
850.000000000 291.737701416 287.348388672 1514.812011719 21.015258789 185.853973227
825.000000000 290.901367188 283.028686523 1770.958007812 21.699556351 183.993388716
800.000000000 290.430114746 277.559234619 2033.910400391 20.707500458 185.375013042
775.000000000 290.332855225 270.307891846 2304.388427734 18.865880966 190.655302515
750.000000000 290.524719238 258.472686768 2583.508056641 16.984045029 200.819505095
725.000000000 288.999908447 255.887084961 2871.863281250 15.660490990 207.043446674
700.000000000 286.932983398 257.266998291 3167.348388672 14.741905212 211.220940635
675.000000000 284.600158691 258.857360840 3471.948242188 14.851950645 208.512101270
650.000000000 282.220794678 258.163269043 3785.352783203 14.557634354 210.311036494
625.000000000 279.742736816 255.389419556 4107.831054688 14.076436043 216.505020863
600.000000000 276.916107178 253.552062988 4441.313476562 13.637541771 228.201405628
575.000000000 273.807983398 252.237442017 4783.592773438 13.827651978 242.403636536
550.000000000 271.978515625 247.006759644 5139.064941406 14.728207588 252.836996380
525.000000000 270.404479980 234.806335449 5507.621582031 15.989904404 261.094353577
500.000000000 267.421447754 233.537780762 5892.987792969 16.971223831 259.724859667
475.000000000 264.089721680 233.887222290 6290.565917969 17.951427460 255.277108781
450.000000000 260.463806152 233.072662354 6705.512695312 19.147495270 243.401704758
425.000000000 256.820129395 232.678009033 7139.051269531 20.636236191 237.002063393
400.000000000 252.934387207 232.020645142 7590.439453125 21.552856445 234.586553332
375.000000000 248.841278076 230.559692383 8063.831542969 21.261384964 235.763736436
350.000000000 244.300674438 227.722778320 8561.536132812 20.222890854 237.697554235
325.000000000 239.666015625 223.980239868 9086.240234375 19.876434326 238.454776327
300.000000000 235.623840332 219.582611084 9642.769531250 21.291238785 240.062302330
275.000000000 231.961395264 215.591476440 10238.375000000 22.987138748 243.286657052
250.000000000 227.819732666 212.340545654 10878.857421875 23.924915314 249.595129052
225.000000000 222.762298584 211.735946655 11573.555664062 25.316913605 257.985333429
200.000000000 217.515884399 209.080902100 12332.016601562 25.214570999 262.022248436
175.000000000 212.061676025 204.143890381 13170.634765625 24.488752365 264.452019931
150.000000000 206.712524414 198.817901611 14113.958984375 23.470413208 268.180565557
125.000000000 203.848693848 192.734542847 15208.146484375 17.455860138 266.322999990
100.000000000 203.041412354 186.937805176 16537.867187500 8.978444099 237.801291148
