970.624816895 288.719848633 280.741607666 314.434295654 1.569117308 46.292851105
967.761352539 288.402191162 280.350280762 342.688446045 1.484271049 49.806730716
962.508605957 287.842712402 280.032073975 391.926605225 1.301938772 58.331974762
953.443969727 287.107788086 279.745117188 472.973937988 1.144757986 84.568374879
940.112548828 286.097106934 278.153045654 590.643493652 1.893815279 160.975596571
923.003906250 286.908813477 277.623718262 744.367126465 5.780548096 196.735741820
902.602966309 287.623291016 281.523590088 930.049072266 11.832393646 211.170424555
880.323608398 288.945800781 282.533264160 1141.992065430 18.417953491 217.172876760
856.237792969 290.019592285 275.609436035 1380.495361328 22.398090363 219.147183921
829.455261230 289.404846191 268.330383301 1651.178955078 24.704086304 218.182091852
799.942993164 287.506958008 265.887298584 1958.083984375 26.512197495 218.591056258
767.688293457 285.244079590 265.880279541 2304.220214844 28.471824646 220.584501609
732.690490723 282.506774902 263.057708740 2693.239746094 27.903577805 220.763001773
694.955017090 278.530792236 259.329772949 3128.923339844 25.060514450 219.115710409
654.440429688 274.611206055 258.250762939 3616.897460938 26.666500092 224.759960173
611.115539551 271.966796875 255.578781128 4165.442382812 31.929094315 235.248057153
565.397033691 268.280639648 254.125427246 4769.175292969 34.805732727 242.048698925
520.967773438 264.755340576 250.996505737 5396.314453125 38.527839661 241.316598269
480.860595703 261.419128418 246.279357910 6012.703125000 40.457695007 239.264304008
444.849853516 257.786804199 241.966674805 6605.219726562 40.795104980 238.234297821
412.337524414 253.624298096 238.544982910 7174.359375000 40.557865143 237.625140570
382.779266357 249.300369263 235.427276611 7720.985351562 40.319499969 237.550869092
356.101989746 245.022048950 232.286315918 8243.878906250 40.044193268 238.304389222
331.997589111 240.986206055 228.519607544 8742.623046875 39.903053284 239.813902010
310.201263428 237.315536499 224.434448242 9217.759765625 40.347759247 241.686944786
290.541900635 233.724746704 222.248596191 9669.270507812 41.040626526 242.903661024
272.796356201 230.032897949 221.316040039 10100.445312500 41.417407990 243.435227327
256.252349854 226.320510864 219.504730225 10515.289062500 41.507083893 244.337536297
241.263870239 222.907302856 217.184753418 10912.941406250 41.553047180 246.636796538
227.498443604 219.687835693 214.767166138 11301.859375000 41.626895905 249.282251747
213.697708130 216.426681519 211.903976440 11701.300781250 41.787078857 250.322557859
199.880310059 213.317352295 208.636657715 12121.814453125 42.488018036 247.912689535
186.061935425 210.361740112 205.201690674 12566.343750000 44.626003265 242.511348619
172.243667603 208.281265259 202.208557129 13039.593750000 46.941234589 242.060788360
158.425476074 208.796813965 200.421539307 13550.722656250 43.653144836 247.692183708
144.607330322 210.425262451 196.797607422 14111.724609375 32.789863586 247.411380971
130.789230347 211.267196655 192.669250488 14732.948242188 25.945041656 235.027701590
116.971168518 211.871017456 188.307464600 15426.367187500 22.758222580 229.241834684
103.153144836 211.833648682 184.192199707 16192.916015625 18.460229874 228.472605119
90.315139771 211.752395630 182.211791992 16987.330078125 14.710268021 226.840490436
80.025123596 212.403503418 182.914031982 17742.521484375 10.098163605 228.383730698
71.646110535 213.978134155 184.161117554 18456.183593750 7.025679588 201.948965666
63.855098724 214.523193359 183.868804932 19179.666015625 4.030723095 185.916729005
56.554080963 214.011871338 182.826751709 19939.085937500 4.141872406 155.932410285
49.792068481 213.377609253 181.797210693 20736.035156250 5.262519360 135.765006345
43.520057678 213.753738403 181.151702881 21580.445312500 6.696707726 120.611548652
37.640045166 215.152999878 180.589141846 22491.710937500 7.340910912 111.581901966
32.152034760 216.726882935 180.097564697 23488.146484375 6.893654346 91.827499715
27.056020737 218.212951660 179.969619751 24590.412109375 8.877250671 79.396778474
22.303007126 220.581939697 180.325271606 25849.689453125 9.828042984 81.529329165
