966.264831543 295.719848633 291.494598389 349.371795654 3.827473879 193.072540614
963.393310547 295.339691162 290.981262207 378.594696045 5.010761261 194.341944931
958.140563965 294.780212402 290.567504883 429.520355225 5.480179787 194.039210457
949.067993164 294.045288086 290.346527100 513.348937988 6.182600498 193.305491045
935.712585449 292.722106934 292.072723389 635.112243652 7.606667519 192.876678109
918.571899414 291.221313477 291.347412109 793.554626465 9.760825157 193.943731242
898.162963867 290.185791016 290.303649902 983.174072266 14.688598633 199.898242349
875.915527344 290.258300781 290.382385254 1197.992065430 18.612884521 205.042078304
851.917785645 291.019592285 281.211822510 1438.276611328 19.715568542 211.164482291
825.303283691 290.779846191 270.422576904 1709.928955078 19.326026917 214.544114534
796.039001465 288.506958008 266.874664307 2017.240234375 19.082908630 213.516635517
764.064208984 285.681579590 268.527862549 2363.095214844 20.118789673 213.648949941
729.354431152 282.819274902 268.807312012 2751.427246094 22.084320068 215.363723574
691.914978027 279.280792236 265.987915039 3186.642089844 23.481479645 217.741134839
651.752441406 275.923706055 259.212188721 3674.459960938 25.111543655 221.920213403
608.831542969 273.029296875 254.626647949 4222.473632812 29.000230789 228.541576370
563.533020020 269.468139648 251.907699585 4825.206542969 31.818353653 231.051575267
519.499755859 266.067840576 247.006851196 5451.501953125 32.220138550 229.635772675
479.724578857 262.356628418 241.638305664 6066.890625000 31.455785751 227.219347369
443.984252930 258.099304199 238.180892944 6657.625976562 30.366529465 227.279193487
411.689544678 253.811798096 236.779312134 7224.484375000 29.820106506 228.448508212
382.302459717 249.550369263 235.133209229 7769.079101562 29.528661728 230.087849236
355.759613037 245.334548950 232.708709717 8290.441406250 28.943845749 232.855756076
331.758789062 241.236206055 229.693695068 8787.998046875 27.931465149 237.970392972
310.041259766 237.253036499 226.149902344 9261.916015625 27.527547836 243.549387108
290.439666748 233.412246704 223.420867920 9711.926757812 28.151674271 246.986119733
272.735534668 229.970397949 221.401184082 10141.914062500 29.273809433 248.145394080
256.220642090 226.820510864 218.758544922 10556.476562500 30.553256989 249.073084034
241.250579834 223.719802856 215.082443237 10954.785156250 31.460918427 250.786956081
227.494720459 220.562835693 212.012268066 11344.984375000 31.891859055 252.243521243
213.697357178 217.301681519 209.741653442 11745.988281250 31.865339279 250.148907130
199.880279541 213.879852295 207.322509766 12167.876953125 32.499004364 244.651041980
186.061935425 210.674240112 205.132614136 12613.312500000 35.279834747 241.358412687
172.243667603 208.906265259 202.690032959 13087.718750000 38.045413971 242.413075857
158.425476074 209.171813965 200.171112061 13600.160156250 37.607196808 245.647238731
144.607345581 210.050262451 197.511642456 14161.130859375 33.186820984 245.817160177
130.789245605 209.642196655 193.774597168 14779.354492188 28.680517197 238.475034668
116.971168518 207.996017456 188.896606445 15463.585937500 26.832796097 231.249090677
103.153144836 207.208648682 184.309539795 16214.759765625 24.488990784 231.143441311
90.315139771 208.939895630 182.397155762 16995.267578125 18.965822220 235.701622695
80.025123596 211.903503418 183.421997070 17744.365234375 10.201824188 233.842977958
71.646110535 212.603134155 184.069976807 18454.933593750 7.706193924 178.613692669
63.855098724 213.273193359 183.603454590 19174.072265625 8.304674149 170.752889425
56.554080963 213.136871338 182.611099243 19929.835937500 5.949203014 158.409672085
49.792068481 213.252609253 181.652740479 20725.035156250 4.959409237 121.388014802
43.520057678 213.753738403 181.050369263 21569.351562500 5.801124573 96.533374762
37.640048981 214.590499878 180.849548340 22479.460937500 6.953456879 88.559624628
32.152034760 216.101882935 180.783630371 23473.146484375 7.952713966 90.233010116
27.056022644 218.962951660 180.833801270 24575.849609375 8.031575203 83.235902302
22.303007126 221.144439697 180.716552734 25838.783203125 9.077148438 81.222186657
