  971.0    317   14.6    8.6     67   7.27      0      0  290.2  311.0  291.4
  937.3    610   10.9    7.9     82   7.19     30      3  289.4  310.0  290.6
  936.0    622   10.8    7.9     82   7.19     44      3  289.4  309.9  290.6
  929.0    683   10.4    5.7     73   6.22    121      5  289.6  307.5  290.7
  925.0    719   11.2    4.2     62   5.62    165      6  290.8  307.1  291.7
  903.8    914   13.8    6.8     63   6.92    195     23  295.4  315.8  296.6
  901.0    940   14.2    7.2     63   7.12    197     24  296.0  317.0  297.3
  880.0   1140   14.8    8.8     67   8.14    214     34  298.7  322.8  300.1
  871.8   1219   14.3    9.2     71   8.45    220     38  298.9  324.0  300.5
  870.0   1237   14.2    9.3     72   8.52    220     39  299.0  324.2  300.6
  863.0   1305   14.2    9.7     74   8.83    222     42  299.7  325.9  301.3
  859.0   1344   14.6    8.6     67   8.22    223     44  300.5  325.1  302.0
  853.0   1404   17.6    4.6     42   6.27    224     47  304.3  323.5  305.4
  850.0   1434   17.4    3.4     39   5.78    225     49  304.4  322.2  305.4
  841.1   1524   17.3    2.7     38   5.55    225     52  305.1  322.3  306.2
  835.0   1586   17.2    2.2     37   5.40    225     51  305.7  322.5  306.7
  811.3   1829   15.7   -1.1     32   4.37    225     47  306.6  320.4  307.4
  782.6   2134   13.8   -5.3     26   3.31    220     52  307.8  318.4  308.4
  771.0   2260   13.0   -7.0     24   2.95    220     52  308.2  317.8  308.8
  754.8   2438   11.4  -10.8     20   2.24    220     52  308.4  315.7  308.8
  741.0   2591   10.0  -14.0     17   1.76    218     53  308.5  314.3  308.8
  727.5   2743    8.6  -14.4     18   1.73    215     53  308.6  314.4  308.9
  700.0   3060    5.8  -15.2     20   1.68    220     49  308.9  314.5  309.2
  650.1   3658    0.4  -14.8     31   1.87    230     53  309.4  315.6  309.8
  648.0   3684    0.2  -14.8     31   1.88    230     54  309.4  315.7  309.8
  611.0   4152   -2.3  -17.3     31   1.62    234     63  311.8  317.3  312.1
  602.2   4267   -2.9  -17.1     33   1.68    235     65  312.4  318.1  312.7
  570.0   4700   -5.1  -16.1     42   1.92    242     71  314.8  321.3  315.1
  557.3   4877   -4.8  -18.3     34   1.63    245     74  317.2  322.8  317.5
  555.0   4910   -4.7  -18.7     33   1.58    245     74  317.6  323.1  317.9
  515.0   5492   -9.5  -21.5     37   1.34    238     78  318.7  323.4  318.9
  500.0   5720  -10.5  -22.5     37   1.26    235     80  320.2  324.7  320.4
  476.1   6096  -12.0  -29.1     23   0.73    235     82  322.8  325.5  322.9
  472.0   6162  -12.3  -30.3     21   0.66    235     82  323.3  325.7  323.4
  457.4   6401  -13.4  -30.5     22   0.66    235     84  324.7  327.2  324.9
  442.0   6662  -14.7  -30.7     24   0.67    235     79  326.4  328.9  326.5
  439.4   6706  -15.1  -30.8     25   0.67    235     78  326.4  329.0  326.6
  400.0   7410  -20.7  -32.7     33   0.61    235     81  328.0  330.3  328.1
  388.6   7620  -22.6  -33.8     35   0.57    235     81  328.3  330.4  328.4
  344.0   8502  -30.5  -38.5     45   0.40    238     80  329.1  330.7  329.2
  316.0   9100  -34.3  -53.3     13   0.09    240     79  331.9  332.3  332.0
  314.0   9144  -34.7  -53.2     13   0.09    240     79  332.0  332.3  332.0
  300.0   9460  -37.7  -52.7     19   0.10    245     80  332.1  332.5  332.1
  272.0  10128  -43.7  -53.7     32   0.09    245     81  332.8  333.2  332.9
  268.0  10228  -44.5  -58.5     19   0.05    245     81  333.1  333.3  333.1
  250.8  10668  -48.3  -57.5     33   0.06    245     81  333.8  334.1  333.8
  250.0  10690  -48.5  -57.5     34   0.06    250     80  333.8  334.1  333.8
  226.0  11346  -54.5  -61.5     42   0.04    250     79  334.4  334.6  334.4
  207.5  11887  -58.3  -65.3     40   0.03    250     79  336.8  336.9  336.8
  200.0  12120  -59.9  -66.9     40   0.02    245     85  337.8  337.9  337.8
  197.0  12214  -60.7  -66.7     45   0.02    244     85  337.9  338.1  337.9
  179.0  12802  -64.6  -68.8     56   0.02    235     88  340.9  341.0  340.9
  176.0  12906  -65.3  -69.2     58   0.02    237     91  341.4  341.5  341.4
  171.0  13081  -66.2  -70.5     54   0.02    240     97  342.9  342.9  342.9
  169.0  13152  -66.5  -71.1     52   0.02    245     95  343.4  343.5  343.4
  161.9  13411  -64.3  -76.2     18   0.01    240     97  351.3  351.3  351.3
  160.0  13485  -63.7  -77.7     13   0.01    242     91  353.6  353.6  353.6
  150.0  13880  -63.3  -81.3      7   0.00    250     62  360.8  360.9  360.8
  146.6  14021  -61.4  -83.5      4   0.00    255     65  366.4  366.4  366.4
  145.0  14090  -60.5  -84.5      3   0.00    248     62  369.2  369.2  369.2
  139.6  14326  -61.2  -84.8      3   0.00    225     52  372.0  372.0  372.0
  130.0  14769  -62.5  -85.5      3   0.00    230     70  377.3  377.3  377.3
  126.6  14935  -62.3  -85.8      3   0.00    230     70  380.5  380.6  380.5
  120.5  15240  -62.0  -86.5      3   0.00    235     59  386.5  386.5  386.5
  111.0  15748  -61.5  -87.5      2   0.00    239     42  396.6  396.6  396.6
  109.2  15850  -58.8  -87.5      1   0.00    240     39  403.5  403.6  403.5
  109.0  15862  -58.5  -87.5      1   0.00    241     38  404.3  404.4  404.4
  104.0  16154  -60.6  -87.9      2   0.00    255     25  405.9  405.9  405.9
  100.0  16400  -62.3  -88.3      2   0.00    220     31  407.1  407.1  407.1
   94.3  16764  -59.2  -88.1      1   0.00    220     31  420.0  420.0  420.0
   94.1  16778  -59.1  -88.1      1   0.00    222     31  420.5  420.5  420.5
   89.8  17069  -59.4  -88.4      1   0.00    255     27  425.5  425.6  425.5
   85.5  17374  -59.8  -88.8      1   0.00    260     23  430.9  430.9  430.9
   81.4  17678  -60.1  -89.1      1   0.00    250     10  436.2  436.3  436.2
   77.5  17983  -60.4  -89.4      1   0.00    205     17  441.7  441.7  441.7
   73.8  18288  -60.7  -89.7      1   0.00    205     27  447.2  447.2  447.2
   70.3  18593  -61.1  -90.1      1   0.00    210     16  452.8  452.8  452.8
   70.0  18620  -61.1  -90.1      1   0.00    195     16  453.3  453.3  453.3
   68.5  18754  -61.7  -90.7      1   0.00    193     17  454.9  454.9  454.9
   65.8  19005  -58.1  -89.1      1   0.00    188     18  467.9  467.9  467.9
   63.8  19202  -58.8  -89.4      1   0.00    185     19  470.7  470.7  470.7
   60.7  19507  -59.9  -89.9      1   0.00    180     12  474.9  474.9  474.9
   57.8  19812  -60.9  -90.3      1   0.00    220     10  479.2  479.2  479.2
   55.8  20034  -61.7  -90.7      1   0.00    118     10  482.3  482.3  482.3
   55.1  20117  -61.2  -90.5      1   0.00     80     10  485.3  485.3  485.3
   51.1  20583  -58.3  -89.3      1   0.00    111     12  502.5  502.6  502.5
   50.0  20726  -58.7  -88.7      1   0.00    115     22  504.8  504.8  504.8
   50.0  20720  -58.7  -88.7      1   0.00    120     12  504.7  504.7  504.7
   47.6  21031  -59.9  -89.1      1   0.00    120     12  509.1  509.2  509.1
   46.7  21148  -60.3  -89.3      1   0.00    124     16  510.8  510.8  510.8
   45.3  21336  -60.0  -89.2      1   0.00    130     22  515.9  516.0  515.9
   43.2  21641  -59.5  -89.0      1   0.00    145     24  524.4  524.4  524.4
   41.1  21946  -59.0  -88.8      1   0.00    145     11  532.9  532.9  532.9
   39.2  22250  -58.5  -88.7      1   0.00     90      4  541.5  541.6  541.5
   37.4  22555  -58.0  -88.5      1   0.00     75     10  550.4  550.4  550.4
   35.6  22860  -57.5  -88.3      1   0.00     85     13  559.3  559.4  559.3
   33.9  23165  -57.0  -88.1      1   0.00    105     18  568.4  568.5  568.4
   32.3  23470  -56.5  -88.0      1   0.01    115     15  577.7  577.7  577.7
   30.8  23774  -56.0  -87.8      1   0.01     95     11  587.0  587.1  587.0
   30.0  23940  -55.7  -87.7      1   0.01     75     21  592.2  592.3  592.2
   29.4  24079  -55.4  -87.7      1   0.01     65     15  596.8  596.8  596.8
   28.0  24384  -54.7  -87.5      1   0.01     80     24  606.9  606.9  606.9
   26.7  24689  -54.0  -87.4      1   0.01     95     23  617.2  617.2  617.2
   24.3  25298  -52.6  -87.2      1   0.01     65     17  638.2  638.3  638.2
   22.1  25908  -51.2  -86.9      1   0.01     90     17  660.0  660.1  660.0
   21.1  26213  -50.5  -86.8      1   0.01     75     17  671.1  671.2  671.1
   20.1  26518  -49.8  -86.7      1   0.01     95     20  682.5  682.6  682.5
   20.0  26540  -49.7  -86.7      1   0.01     90     21  683.3  683.4  683.3
   19.2  26822  -49.5  -86.3      1   0.01     90     22  692.2  692.4  692.3
   18.3  27127  -49.4  -85.8      1   0.01     75     17  702.1  702.2  702.1
   17.4  27432  -49.2  -85.3      1   0.02    100     22  712.0  712.2  712.1
   17.1  27566  -49.1  -85.1      1   0.02                716.5  716.7  716.5
Station information and sounding indices
                         Station identifier: LMN
                             Station number: 74646
                           Observation time: 190522/1500
                           Station latitude: 36.62
                          Station longitude: -97.48
                          Station elevation: 317.0
                            Showalter index: 4.80
                               Lifted index: 12.03
    LIFT computed using virtual temperature: 12.04
                                SWEAT index: 265.52
                                    K index: 10.30
                         Cross totals index: 13.90
                      Vertical totals index: 27.90
                        Totals totals index: 41.80
      Convective Available Potential Energy: 0.00
             CAPE using virtual temperature: 0.00
                      Convective Inhibition: 0.00
             CINS using virtual temperature: 0.00
                     Bulk Richardson Number: 0.00
          Bulk Richardson Number using CAPV: 0.00
  Temp [K] of the Lifted Condensation Level: 279.25
Pres [hPa] of the Lifted Condensation Level: 874.54
   Equivalent potential temp [K] of the LCL: 309.70
     Mean mixed layer potential temperature: 290.17
              Mean mixed layer mixing ratio: 6.83
              1000 hPa to 500 hPa thickness: 5656.00
Precipitable water [mm] for entire sounding: 18.50