997.543212891 300.019805908 297.308349609 113.103019714 5.819208145 154.768880729
975.000000000 297.413391113 295.746643066 311.800109863 10.505171776 159.019054733
950.000000000 295.692962646 295.390441895 539.604797363 13.781455040 164.661077855
925.000000000 294.565063477 294.364166260 772.320800781 15.395627022 173.541949361
900.000000000 293.452697754 293.272705078 1010.427490234 15.853567123 185.499479579
875.000000000 292.152862549 291.733673096 1254.149536133 18.032768250 196.340704169
850.000000000 291.065521240 287.299346924 1503.535644531 20.528789520 199.850123667
825.000000000 289.945251465 282.579528809 1758.966186523 20.793775558 201.256104447
800.000000000 289.541351318 275.385223389 2020.933593750 18.937196732 202.116114056
775.000000000 289.149047852 263.380187988 2290.299316406 15.896126747 201.784016598
750.000000000 287.911163330 248.983673096 2567.365722656 12.692861557 196.535398711
725.000000000 285.804962158 247.307769775 2852.752441406 10.423144341 194.298381985
700.000000000 283.493438721 251.149093628 3144.425781250 8.507657051 198.317538500
675.000000000 281.890014648 252.503280640 3445.558593750 8.463570595 224.226221871
650.000000000 279.786193848 253.293228149 3756.097656250 9.929497719 239.680781623
625.000000000 277.242614746 253.535858154 4075.705322266 11.858545303 245.002919666
600.000000000 274.496917725 252.574798584 4406.113281250 13.410409927 241.261287397
575.000000000 271.503204346 250.778839111 4745.492187500 15.011386871 235.094883331
550.000000000 269.108093262 248.169586182 5097.951660156 17.203075409 232.284233167
525.000000000 266.788024902 244.695602417 5461.919921875 19.686716080 230.361261708
500.000000000 265.500762939 239.448638916 5842.437500000 20.998588562 229.204842380
475.000000000 263.919067383 231.871292114 6239.511718750 21.710296631 228.872854205
450.000000000 261.079956055 226.666976929 6654.829589844 20.701400757 232.149569157
425.000000000 257.520507812 226.002288818 7089.691894531 21.523197174 239.502691270
400.000000000 253.595657349 226.535766602 7542.148437500 23.590700150 245.466962718
375.000000000 249.343383789 226.479690552 8016.505371094 25.727653503 246.539398040
350.000000000 244.735794067 224.841293335 8515.042968750 25.914569855 243.538923259
325.000000000 240.115173340 222.733062744 9040.690429688 25.157192230 241.408874124
300.000000000 235.630493164 220.633239746 9597.846679688 24.430204391 242.708017086
275.000000000 231.014038086 218.247467041 10192.406250000 22.888422012 244.525748990
250.000000000 226.191360474 215.284042358 10829.154296875 20.649431229 242.035024886
225.000000000 221.061401367 211.111770630 11518.824218750 20.349628448 236.471658222
200.000000000 216.065200806 205.797821045 12271.901367188 22.956893921 237.183883028
175.000000000 211.073699951 201.067428589 13105.900390625 27.336124420 242.909357402
150.000000000 206.544372559 196.617004395 14046.537109375 29.255079269 246.544739248
125.000000000 204.588241577 191.909515381 15142.881835938 26.467121124 239.514480177
100.000000000 204.272079468 186.728851318 16471.857421875 22.829353333 244.244126630
