997.543212891 300.144805908 297.495849609 108.978019714 5.727591038 158.431296464
975.000000000 297.475891113 295.921813965 311.050109863 10.536043167 160.532003106
950.000000000 295.755462646 295.515411377 538.917297363 13.944727898 166.171225850
925.000000000 294.565063477 294.384765625 771.664550781 15.716479301 175.733880009
900.000000000 293.452697754 293.231811523 1009.802490234 16.359243393 187.531952631
875.000000000 292.027862549 291.465240479 1253.430786133 18.339458466 197.487588553
850.000000000 290.878021240 286.544525146 1502.691894531 20.542354584 200.952365934
825.000000000 290.007751465 281.582977295 1757.997436523 20.691913605 202.860324638
800.000000000 289.666351318 273.966857910 2019.996093750 18.687627792 203.259153044
775.000000000 289.211547852 261.303039551 2289.424316406 15.536468506 201.569610130
750.000000000 287.848663330 246.576492310 2566.396972656 12.563753128 195.523513016
725.000000000 285.679962158 246.668792725 2851.658691406 10.256817818 193.455850830
700.000000000 283.368438721 251.053924561 3143.207031250 8.369372368 198.180292679
675.000000000 281.765014648 252.541671753 3444.246093750 8.463570595 224.226221871
650.000000000 279.723693848 253.354232788 3754.722656250 10.100602150 239.426643944
625.000000000 277.180114746 253.846328735 4074.236572266 12.164529800 244.700096399
600.000000000 274.371917725 252.870925903 4404.613281250 13.744578362 241.430744390
575.000000000 271.378204346 251.333618164 4743.835937500 15.268714905 235.765922096
550.000000000 268.920593262 248.618316650 5096.107910156 17.489089966 232.748563087
525.000000000 266.663024902 245.101226807 5459.857421875 20.016281128 230.908277898
500.000000000 265.375762939 239.713104248 5840.187500000 21.317117691 229.499278174
475.000000000 263.856567383 232.040603638 6237.199218750 22.116340637 229.145952489
450.000000000 261.017456055 226.907470703 6652.392089844 21.189264297 232.104544550
425.000000000 257.520507812 225.767471313 7087.191894531 22.058813095 239.379993752
400.000000000 253.595657349 226.535766602 7539.617187500 24.258363724 245.212852360
375.000000000 249.343383789 226.258270264 8013.974121094 26.425426483 246.457353808
350.000000000 244.735794067 224.841293335 8512.511718750 26.669305801 243.596037300
325.000000000 240.115173340 222.868530273 9038.096679688 25.818229675 242.205410785
300.000000000 235.567993164 220.633956909 9595.127929688 24.709001541 244.012501255
275.000000000 231.014038086 218.203460693 10189.593750000 22.709205627 245.874916257
250.000000000 226.253860474 215.193557739 10826.404296875 20.087562561 242.394579705
225.000000000 221.061401367 211.012756348 11516.042968750 19.693227768 235.417923958
200.000000000 216.002700806 205.879165649 12268.870117188 22.451934814 235.964885507
175.000000000 211.073699951 201.367996216 13102.712890625 27.200389862 242.317904001
150.000000000 206.544372559 196.651336670 14043.443359375 29.362306595 246.369517575
125.000000000 204.713241577 191.640151978 15140.288085938 26.247875214 240.337490651
100.000000000 204.272079468 186.728851318 16469.982421875 23.106624603 243.541313825
