975.238281250 21.994995117 20.215759277 0.000000000 3.748009205 2.266797781
972.335632324 21.751464844 20.389007568 29.193176270 5.006053448 4.390378475
967.030212402 21.323974609 20.894531250 80.196319580 5.303810120 4.736819267
957.859130859 20.565124512 20.704284668 164.143585205 4.591485500 5.665210724
944.371276855 20.096679688 20.242492676 286.229553223 5.287870884 12.304427147
927.062255859 20.422088623 20.561157227 445.861877441 7.251554966 20.586366653
906.410156250 20.613555908 20.754272461 638.210937500 11.205876350 25.526660919
883.886108398 20.197235107 20.395202637 856.789611816 15.410030365 27.646156311
859.512207031 19.035858154 19.245330811 1101.409667969 19.132646561 29.049667358
832.359924316 17.488006592 16.592529297 1378.011718750 22.150005341 28.080047607
802.475402832 15.827789307 13.880157471 1691.102783203 22.098495483 23.848421097
769.877441406 14.778076172 9.859100342 2044.068603516 24.543668747 23.563026428
734.614013672 12.763732910 0.939636230 2440.351562500 29.384014130 30.494989395
696.672241211 8.845367432 -3.558593750 2883.529052734 33.854751587 36.247512817
655.946105957 5.075836182 -2.742370605 3380.013916016 39.384086609 34.602432251
612.385559082 1.440185547 -5.233062744 3937.450195312 46.240783691 27.724338531
566.433105469 -2.846954346 -8.867767334 4549.127441406 49.882141113 22.192678452
521.799499512 -7.434417725 -11.395080566 5182.463867188 52.185977936 19.894285202
481.509368896 -11.631042480 -14.541381836 5802.644531250 52.314315796 20.470281601
445.340209961 -15.291168213 -17.738464355 6397.799316406 50.862155914 20.947210312
412.692810059 -18.886108398 -21.178237915 6969.959472656 49.622455597 20.847602844
383.026794434 -22.332015991 -24.824523926 7520.836425781 47.386852264 22.107048035
356.266448975 -26.150466919 -28.867141724 8048.947753906 42.576187134 24.488626480
332.105743408 -30.420196533 -33.464691162 8552.625976562 36.077140808 25.960983276
310.274749756 -34.535400391 -37.814773560 9031.583007812 34.689693451 24.940225601
290.591583252 -37.986633301 -41.474182129 9486.345703125 37.545936584 24.367847443
272.830047607 -40.817520142 -44.504196167 9921.386718750 37.662921906 26.227752686
256.275299072 -43.931823730 -47.757141113 10341.177734375 36.001125336 28.499214172
241.280044556 -47.291397095 -51.203826904 10744.180664062 35.318195343 29.023363113
227.511016846 -50.456649780 -54.488906860 11138.484375000 35.899715424 28.547634125
213.708709717 -53.823913574 -57.934677124 11543.458984375 37.871173859 27.453094482
199.888534546 -57.379287720 -61.585388184 11969.286132812 41.920635223 26.140193939
186.065124512 -60.806945801 -65.065460205 12418.509765625 48.091754913 25.346101761
172.244140625 -64.072891235 -68.290618896 12894.945312500 54.143093109 24.518049240
158.425842285 -66.682067871 -70.903366089 13404.184570312 59.673194885 22.092166901
144.607604980 -67.993682861 -72.200866699 13954.921875000 64.902404785 18.169492722
130.789413452 -67.477752686 -75.401397705 14560.187500000 66.232589722 14.478683472
116.971305847 -65.372512817 -80.777557373 15237.884765625 57.172935486 9.980510712
103.153259277 -63.328582764 -86.093627930 15993.614257812 34.474872589 9.332876205
90.315193176 -62.976516724 -80.534957886 16781.380859375 15.724856377 17.860279083
80.025146484 -62.746063232 -84.600204468 17530.232421875 12.972067833 18.149898529
71.646102905 -60.809768677 -83.693328857 18237.771484375 4.503093243 7.227605343
63.855079651 -61.385040283 -90.193695068 18953.849609375 -5.006976604 7.195731640
56.554073334 -61.314926147 -92.408111572 19704.673828125 -6.670462608 6.458093643
49.792060852 -60.325912476 -91.837677002 20496.677734375 -10.287124634 -0.360718757
43.520050049 -60.000289917 -92.644287109 21338.869140625 -14.653394699 -3.624602079
37.640041351 -58.761077881 -93.113739014 22247.218750000 -15.582681656 -2.054730892
32.152030945 -56.227416992 -93.363372803 23242.365234375 -14.408862114 -2.174521446
27.056020737 -53.932296753 -93.521972656 24347.810546875 -13.378353119 -3.572884798
22.303007126 -51.668121338 -93.391143799 25612.513671875 -9.881217957 -2.748864889
