980.086425781 27.884552002 22.009155273 0.000000000 1.067220211 14.911811829
977.165771484 27.890380859 21.723510742 29.911102295 1.340174794 22.091190338
971.815490723 27.682281494 21.490142822 82.127258301 1.339344263 26.552257538
962.591552734 27.323303223 21.002655029 168.177825928 1.025893569 31.298162460
949.012084961 26.570922852 20.073822021 293.222137451 1.657084703 35.546531677
931.590148926 25.403625488 19.094360352 456.016082764 3.012712717 38.941776276
910.826904297 23.696655273 18.286041260 650.887573242 5.477525234 41.926002502
888.180541992 21.608215332 17.410247803 870.963134766 8.957587242 44.687164307
863.634460449 18.922241211 19.115509033 1116.383666992 12.997005463 46.809215546
836.268615723 17.098602295 14.901947021 1393.385742188 18.856241226 47.321865082
806.154602051 15.380950928 11.600311279 1706.711181641 27.349845886 41.048839569
773.288208008 13.788726807 8.158203125 2060.012939453 29.915935516 29.528928757
737.636962891 12.701385498 6.489929199 2458.378173828 25.473501205 21.601219177
699.235778809 11.863922119 0.159729004 2907.787597656 29.958654404 25.170774460
658.109375000 8.868682861 -9.501617432 3413.423583984 34.078514099 30.831842422
614.205017090 3.620880127 -15.458709717 3978.896972656 37.435562134 30.971342087
567.917236328 -2.227172852 -19.741424561 4595.509277344 39.112712860 29.691055298
522.977416992 -7.017852783 -24.150375366 5231.979003906 41.067459106 28.128366470
482.440887451 -11.213348389 -27.481750488 5854.972167969 44.393566132 28.110101700
446.073913574 -15.707061768 -30.671691895 6451.814941406 48.540569305 30.019807816
413.269958496 -20.272445679 -32.835357666 7023.471191406 51.982830048 31.309232712
383.475189209 -24.616485596 -34.224243164 7571.673339844 54.624114990 31.408218384
356.610107422 -28.507949829 -35.891387939 8096.229980469 55.832218170 31.627780914
332.359741211 -31.752914429 -40.111648560 8597.409179688 54.256023407 33.367713928
310.453765869 -34.870544434 -45.293731689 9075.905273438 49.765453339 36.045864105
290.713836670 -38.163116455 -48.725402832 9531.121093750 44.451717377 37.775497437
272.911224365 -41.413406372 -51.867706299 9966.257812500 40.152462006 36.934822083
256.327789307 -44.476699829 -55.219802856 10385.664062500 36.811435699 33.369693756
241.310974121 -47.334564209 -57.726455688 10788.629882812 34.599948883 28.916881561
227.525207520 -50.048233032 -57.741897583 11183.638671875 34.378307343 24.986303329
213.711914062 -53.012115479 -58.387268066 11589.993164062 35.850704193 22.303787231
199.886322021 -56.013336182 -61.244918823 12018.144531250 36.714645386 21.398691177
186.064331055 -59.098861694 -64.642181396 12470.636718750 37.314208984 22.517189026
172.245941162 -62.545730591 -67.904541016 12950.652343750 39.435264587 25.016511917
158.427612305 -65.639541626 -70.000289917 13462.935546875 45.332302094 26.073663712
144.609329224 -67.140945435 -71.391754150 14016.117187500 55.100090027 24.719326019
130.790969849 -67.477172852 -71.702026367 14622.539062500 60.467525482 22.516277313
116.972480774 -66.474624634 -72.970489502 15298.419921875 56.587589264 15.493042946
103.153747559 -64.182586670 -68.824676514 16050.667968750 37.160381317 5.891963482
90.315216064 -64.635635376 -76.074218750 16833.753906250 11.368685722 3.611644030
80.025123596 -64.755569458 -92.098968506 17576.146484375 8.016020775 13.241705894
71.646110535 -64.333358765 -89.714981079 18274.486328125 10.158304214 12.406897545
63.855098724 -63.512695312 -88.867874146 18981.066406250 4.538000107 6.202167988
56.554080963 -62.639282227 -90.404602051 19725.720703125 -3.897981167 2.015600204
49.792068481 -62.251907349 -91.702239990 20511.638671875 -8.742258072 3.207612276
43.520057678 -60.150314331 -92.484054565 21349.884765625 -11.640313148 5.354279518
37.640045166 -57.279022217 -92.663238525 22261.203125000 -14.520657539 3.000881672
32.152034760 -55.483825684 -92.716156006 23261.466796875 -16.018331528 -1.548654318
27.056020737 -54.071945190 -92.855773926 24368.322265625 -14.963308334 -0.986962080
22.303007126 -51.845092773 -93.013580322 25632.066406250 -10.122600555 1.887140512
