956.839233398 26.185302734 21.420043945 0.000000000 -8.391041756 12.765152931
953.991882324 26.136016846 21.381225586 29.710449219 -11.709841728 19.594348907
948.765136719 25.887420654 21.306976318 81.591674805 -13.039657593 22.975009918
939.767944336 25.856933594 21.117797852 167.126708984 -14.210818291 30.537683487
926.533569336 25.899627686 20.994140625 291.580505371 -12.611382484 36.593318939
909.564636230 25.045837402 20.722930908 453.850219727 -9.224055290 40.239139557
889.370178223 23.692138672 20.178466797 648.051696777 -4.884911537 41.047283173
867.382324219 22.014739990 19.668121338 867.272888184 0.591686726 39.440616608
843.623596191 20.099029541 18.525665283 1111.293457031 5.302378654 37.604583740
817.204223633 18.537933350 15.247619629 1386.299072266 9.162171364 35.946529388
788.170166016 15.932647705 12.362457275 1696.375000000 11.911912918 32.404972076
756.556457520 13.295227051 5.597595215 2043.430419922 15.074664116 27.309436798
722.443359375 13.098785400 -14.446838379 2432.038818359 19.397142410 19.554691315
685.786071777 11.964508057 -35.765411377 2869.005126953 21.046031952 15.656992912
646.454711914 8.739715576 -26.051910400 3360.625488281 23.811115265 16.235561371
604.363464355 4.684417725 -32.485137939 3912.274658203 29.888158798 15.068383217
559.915710449 -0.092346191 -41.444076538 4516.642089844 37.602592468 15.847084999
516.658508301 -5.222625732 -40.963638306 5141.715332031 44.943214417 20.239238739
477.520965576 -10.560333252 -38.293365479 5752.578125000 49.221820831 24.267631531
442.296997070 -15.275787354 -40.427307129 6337.158203125 48.646183014 27.522665024
410.419952393 -19.337356567 -44.902145386 6898.226562500 45.864692688 29.182886124
381.372161865 -23.431579590 -49.267623901 7438.085937500 44.613632202 30.512390137
355.096832275 -27.672607422 -51.848648071 7955.579101562 45.206626892 32.034801483
331.296295166 -31.992111206 -53.221374512 8449.690429688 46.385528564 33.638301849
309.728485107 -36.225906372 -54.362075806 8920.316406250 47.827053070 34.556167603
290.241973877 -40.160842896 -55.228851318 9367.360351562 50.192642212 34.265411377
272.619659424 -43.687088013 -55.489242554 9794.657226562 53.026828766 33.125186920
256.161590576 -46.886810303 -55.343750000 10206.944335938 56.473625183 31.197284698
241.226898193 -49.705017090 -55.796279907 10603.610351562 60.350376129 29.276903152
227.488845825 -52.121200562 -57.731063843 10993.450195312 64.350395203 27.261457443
213.697311401 -54.225036621 -61.167770386 11396.188476562 65.971252441 23.692295074
199.880493164 -56.262680054 -64.600982666 11822.625976562 63.863605499 18.918729782
186.062103271 -58.484573364 -67.125961304 12275.405273438 61.861019135 15.152330399
172.243835449 -60.949615479 -69.606506348 12757.940429688 61.540679932 13.665832520
158.425582886 -63.279953003 -72.562774658 13275.175781250 59.783035278 13.287880898
144.607421875 -65.447753906 -75.659667969 13833.741210938 54.906688690 13.644120216
130.789306641 -67.251220703 -78.581253052 14442.897460938 49.792335510 15.818902969
116.971237183 -68.391021729 -81.350921631 15115.751953125 46.022624969 17.534137726
103.153182983 -68.577423096 -84.381439209 15856.300781250 37.729877472 18.519622803
90.315155029 -66.077575684 -87.745437622 16628.265625000 19.176395416 16.218002319
80.025138855 -63.370056152 -89.263244629 17370.197265625 -1.811991453 14.117199898
71.646118164 -64.451492310 -89.012847900 18070.640625000 -2.368370771 17.427377701
63.855102539 -63.637985229 -88.928161621 18776.867187500 0.679814279 12.691172600
56.554088593 -62.029403687 -89.711517334 19522.468750000 -0.113897137 4.949181080
49.792068481 -61.056747437 -90.936737061 20311.746093750 -9.238118172 -1.872419596
43.520057678 -60.025695801 -91.789871216 21152.421875000 -15.493451118 -3.444438219
37.640048981 -58.924346924 -92.264785767 22060.394531250 -17.642553329 -1.675258398
32.152034760 -57.212066650 -92.519927979 23052.849609375 -16.101606369 -1.436286569
27.056022644 -55.011703491 -92.711776733 24152.994140625 -13.347945213 -2.930459738
22.303007126 -52.326187134 -92.884750366 25412.886718750 -9.591933250 -3.655360222
