981.593688965 23.197509766 21.550018311 0.000000000 0.710774481 14.395335197
978.677124023 23.182128906 21.550659180 29.346649170 3.265963316 20.519941330
973.327636719 23.503723145 21.885009766 80.730957031 4.889887333 24.683389664
964.091003418 23.693267822 21.903472900 165.648468018 7.055215836 28.706245422
950.492248535 23.422576904 21.575195312 289.316131592 9.003038406 32.320701599
933.041259766 22.516418457 20.997680664 450.649261475 11.857789040 28.480285645
912.239929199 21.351867676 20.337585449 644.104003906 15.524888039 22.671428680
889.552246094 20.161804199 19.762176514 863.128051758 17.986360550 19.613939285
864.969299316 19.525787354 19.743011475 1108.451782227 18.213598251 19.736694336
837.554504395 18.363189697 18.166961670 1386.850830078 16.381088257 21.431711197
807.338195801 16.790039062 16.592498779 1702.842773438 15.471494675 22.971809387
774.331115723 14.528289795 14.011199951 2059.155761719 16.456407547 22.609508514
738.557373047 11.458312988 11.660705566 2458.933593750 21.140291214 24.302108765
700.011901855 8.255401611 8.526458740 2906.719970703 24.277879715 26.273092270
658.696044922 5.470367432 4.321899414 3409.184570312 23.797008514 28.320270538
614.611083984 2.245330811 -1.101898193 3973.131347656 27.292266846 29.037855148
568.198608398 -2.019439697 -8.544403076 4590.841796875 33.499328613 31.871755600
523.208435059 -6.271942139 -18.092651367 5229.565917969 36.590145111 34.439586639
482.643371582 -11.327239990 -24.455596924 5853.715332031 40.323680878 35.341049194
446.240142822 -16.197387695 -27.259918213 6450.160156250 42.261074066 37.538509369
413.404449463 -20.621932983 -29.706634521 7021.249511719 44.266582489 39.822856903
383.579772949 -24.758392334 -32.167373657 7569.323730469 44.806587219 41.202732086
356.690826416 -28.542327881 -35.459121704 8094.041503906 43.778957367 40.736488342
332.419677734 -31.920272827 -39.497436523 8595.403320312 42.800659180 38.845691681
310.493835449 -35.005340576 -44.041839600 9073.946289062 42.557189941 37.704547882
290.735382080 -37.962966919 -45.369293213 9529.651367188 41.855121613 38.197612762
272.915069580 -40.945922852 -44.639648438 9965.807617188 40.644504547 39.494037628
256.316864014 -44.022689819 -47.859100342 10386.401367188 39.683475494 39.321308136
241.292922974 -47.171539307 -51.125366211 10790.127929688 40.066875458 36.831901550
227.507339478 -50.307998657 -54.312561035 11185.102539062 42.273143768 32.878189087
213.698944092 -53.498489380 -57.642288208 11590.696289062 44.733402252 31.045007706
199.880950928 -56.862670898 -61.072891235 12017.290039062 45.893264771 31.884849548
186.062377930 -60.513061523 -64.711517334 12467.280273438 46.192436218 32.371501923
172.243988037 -64.106842041 -68.344650269 12943.958007812 49.493179321 31.125284195
158.425735474 -66.966644287 -71.200195312 13452.737304688 55.733776093 29.499639511
144.607513428 -68.218917847 -73.979949951 14002.713867188 61.478973389 29.190946579
130.789352417 -67.719894409 -74.547546387 14607.211914062 66.160636902 26.961973190
116.971237183 -66.086105347 -81.180206299 15283.334960938 62.427555084 19.058675766
103.153190613 -63.471725464 -87.653182983 16037.634765625 40.596866608 13.676710129
90.315177917 -61.697860718 -86.953826904 16827.490234375 14.861596107 19.488393784
80.025138855 -61.606170654 -83.200927734 17580.576171875 10.240591049 21.287437439
71.646110535 -61.246047974 -87.316955566 18289.296875000 7.012927055 11.405144691
63.855087280 -61.660934448 -89.929519653 19004.226562500 -3.990774632 3.219303370
56.554073334 -62.885498047 -90.643554688 19751.632812500 -8.312692642 3.683930874
49.792060852 -61.753540039 -91.821853638 20537.984375000 -6.451349735 3.074530363
43.520053864 -58.695678711 -92.745559692 21380.070312500 -7.341927052 -1.846652746
37.640045166 -56.612411499 -92.817413330 22295.951171875 -14.325612068 -6.422161579
32.152030945 -56.224334717 -92.828948975 23295.939453125 -18.103982925 -4.094318390
27.056020737 -54.785156250 -92.958801270 24399.074218750 -15.139873505 0.716165304
22.303007126 -52.491714478 -93.226470947 25658.962890625 -12.774542809 2.035698175
