955.919860840 30.640533447 20.988250732 0.000000000 -3.120425463 13.637956619
953.071105957 30.160369873 20.648712158 30.084014893 -3.679485559 16.417989731
947.864685059 29.546203613 20.501556396 82.563323975 -3.992176056 17.800228119
938.880493164 28.638397217 20.215972900 168.822509766 -4.005334377 18.893522263
925.676818848 27.389465332 19.667572021 293.817626953 -3.627538443 19.715867996
908.766357422 25.850006104 19.145843506 456.213012695 -3.044331074 20.174882889
888.633300781 23.865997314 18.884735107 650.163696289 -1.965496778 20.308385849
866.703979492 21.880615234 18.587554932 868.719726562 -0.805054784 20.285398483
843.017333984 19.827453613 17.235076904 1111.898193359 2.988372326 20.700214386
816.670410156 17.641326904 15.389526367 1385.825439453 7.034660816 21.076635361
787.678955078 15.278503418 13.347259521 1694.957031250 11.089899063 21.669960022
756.062561035 12.551971436 11.218200684 2041.986328125 13.289630890 23.061143875
721.868530273 10.450469971 4.884704590 2430.290527344 17.273267746 27.773126602
685.143493652 9.944488525 -8.467468262 2865.748046875 24.600872040 35.282909393
645.840026855 6.865936279 -23.006240845 3354.572509766 30.391448975 39.352188110
603.846313477 2.690399170 -32.825164795 3901.986816406 36.079364777 36.655597687
559.486083984 -1.396148682 -34.449295044 4502.112792969 37.619918823 34.424846649
516.313293457 -5.674438477 -36.993988037 5124.365722656 38.425949097 33.834598541
477.249694824 -10.506744385 -37.973434448 5733.974121094 42.623245239 32.362388611
442.085906982 -15.801239014 -40.062149048 6317.298828125 46.646602631 31.809482574
410.256988525 -20.662155151 -41.627639771 6875.780761719 49.946994781 32.580497742
381.247497559 -25.191406250 -43.720565796 7411.930175781 53.292224884 34.264270782
355.002044678 -29.315032959 -46.260559082 7925.500488281 56.401435852 36.036224365
331.230377197 -32.990921021 -49.122695923 8416.572265625 58.025753021 37.218986511
309.686492920 -36.176986694 -52.412185669 8885.962890625 57.526744843 37.847023010
290.213500977 -39.136596680 -56.363632202 9333.742187500 55.385761261 38.183452606
272.601470947 -42.225296021 -60.835937500 9763.132812500 53.241317749 37.874668121
256.150970459 -45.374420166 -65.104003906 10177.935546875 52.991500854 36.390655518
241.221496582 -48.316085815 -68.557525635 10577.068359375 54.646911621 33.712482452
227.486480713 -50.927185059 -70.594879150 10969.064453125 55.989295959 31.048151016
213.696350098 -53.533004761 -71.044799805 11373.437500000 56.433155060 29.118055344
199.879928589 -56.250488281 -70.912933350 11800.509765625 56.753604889 28.351947784
186.061752319 -58.912734985 -71.386657715 12252.859375000 56.937049866 27.689193726
172.243591309 -61.142639160 -72.920120239 12734.703125000 56.840991974 25.818744659
158.425445557 -62.890518188 -75.228225708 13252.146484375 56.316764832 22.396936417
144.607330322 -64.285659790 -77.538757324 13812.824218750 53.963031769 19.168220520
130.789245605 -65.567169189 -80.300109863 14426.175781250 49.453380585 18.172628403
116.971191406 -67.030715942 -83.791412354 15103.898437500 43.422302246 18.452419281
103.153152466 -68.227081299 -87.283721924 15847.464843750 36.911811829 16.637241364
90.315139771 -68.251358032 -89.971038818 16616.031250000 29.943889618 11.455619812
80.025123596 -66.723175049 -90.353958130 17348.222656250 21.951604843 3.537675858
71.646110535 -63.699920654 -89.295501709 18044.207031250 -0.121482864 14.410179138
63.855098724 -63.217773438 -89.487060547 18752.324218750 -2.654235125 16.707204819
56.554080963 -63.364196777 -90.119445801 19496.212890625 -5.617341995 10.696621895
49.792068481 -61.807235718 -90.820831299 20281.703125000 -11.504822731 5.825905323
43.520057678 -59.966979980 -91.547515869 21121.160156250 -15.676198006 4.589674473
37.640048981 -58.406463623 -91.957427979 22030.511718750 -16.440431595 4.483046055
32.152034760 -56.305740356 -91.947479248 23026.425781250 -15.693755150 1.831020594
27.056022644 -54.145156860 -91.959381104 24131.119140625 -13.605650902 -0.219676509
22.303007126 -52.012649536 -92.063705444 25394.167968750 -10.451334000 0.228430122
