978.198364258 27.009552002 22.028411865 0.000000000 2.282123089 11.267103195
975.285766602 26.827880859 21.749938965 29.754852295 2.312097073 16.259656906
969.951477051 26.432281494 21.572692871 81.689758301 1.825305343 20.113273621
960.751586914 25.698303223 21.308593750 167.209075928 1.268874168 23.765764236
947.212097168 24.633422852 20.936126709 291.409637451 0.685162425 26.799232483
929.838195801 23.278625488 20.538909912 453.047332764 0.461416870 28.979572296
909.130859375 21.571655273 20.033233643 646.575073242 -0.475498289 31.113367081
886.548583984 19.920715332 19.016021729 865.181884766 -1.733557343 34.117507935
862.106384277 17.984741211 17.875213623 1108.946166992 -2.675240517 39.398307800
834.876647949 16.036102295 16.186767578 1384.260742188 1.847602844 45.135040283
804.866638184 14.318450928 14.009765625 1696.086181641 8.883323669 46.272922516
772.096252441 12.226226807 11.644012451 2047.637939453 12.056864738 40.827526093
736.549011230 10.638885498 10.907623291 2443.690673828 18.427066803 33.142795563
698.223754883 10.176422119 7.844604492 2890.725097656 29.229711533 32.217208862
657.209350586 8.556182861 -4.823699951 3394.579833984 34.685962677 37.878280640
613.497009277 4.245880127 -10.733612061 3959.334472656 37.557052612 38.139266968
567.389282227 -1.539672852 -9.317443848 4576.384277344 37.168869019 33.700233459
522.581420898 -6.955352783 -10.818023682 5213.291503906 40.945968628 32.016056061
482.100128174 -11.650848389 -14.115295410 5835.972167969 45.122509003 32.726734161
445.774688721 -15.832061768 -18.171630859 6432.158691406 47.447154999 34.514945984
413.055541992 -19.647445679 -21.770584106 7003.783691406 50.160476685 35.075431824
383.335205078 -23.366485596 -25.836441040 7553.235839844 53.409214020 34.202495575
356.533294678 -27.070449829 -29.871887207 8079.729980469 54.131355286 32.842685699
332.333312988 -30.815414429 -33.883819580 8582.565429688 50.368335724 32.152812958
310.455963135 -34.370544434 -37.687942505 9061.936523438 44.541374207 34.344997406
290.726318359 -37.850616455 -41.382965088 9517.714843750 40.928497314 37.168045044
272.927551270 -41.163406372 -44.836090088 9953.320312500 39.666500092 38.392707825
256.342651367 -44.289199829 -48.119232178 10373.164062500 39.727203369 38.350795746
241.323944092 -47.334564209 -51.293090820 10776.317382812 41.403404236 37.056728363
227.536895752 -50.298233032 -54.359283447 11171.138671875 45.069450378 34.584033966
213.719772339 -53.449615479 -57.566055298 11576.961914062 49.822086334 31.415557861
199.890808105 -56.825836182 -61.019897461 12003.925781250 53.966262817 28.688108444
186.065032959 -60.536361694 -64.763885498 12454.136718750 55.659240723 27.133819580
172.243911743 -64.295730591 -68.554748535 12930.621093750 56.686882019 27.446317673
158.425628662 -67.014541626 -71.268737793 13439.091796875 58.696231842 29.961353302
144.607421875 -67.703445435 -72.930175781 13989.742187500 61.053112030 32.737686157
130.789260864 -67.289672852 -77.025360107 14595.632812500 62.897335052 30.413145065
116.971191406 -66.349624634 -81.906311035 15271.919921875 59.260375977 19.259241104
103.153144836 -65.057586670 -87.374114990 16022.761718750 39.347206116 8.443259239
90.315124512 -63.510635376 -90.804504395 16806.253906250 15.134884834 12.601924896
80.025115967 -62.005569458 -89.801361084 17555.365234375 8.623472214 15.671511650
71.646102905 -62.270858765 -89.013122559 18261.705078125 7.121047497 10.584544182
63.855087280 -62.950195312 -89.399871826 18972.628906250 1.865213871 6.445148468
56.554073334 -62.389282227 -90.744979858 19718.751953125 -5.720335484 5.417327881
49.792060852 -60.939407349 -92.117431641 20507.576171875 -8.134806633 5.637417793
43.520053864 -59.025314331 -92.751800537 21350.509765625 -10.425410271 2.924474001
37.640045166 -57.404022217 -92.803115845 22263.890625000 -14.034696579 -0.765316844
32.152030945 -56.046325684 -92.826675415 23262.591796875 -15.653860092 -1.791634917
27.056020737 -54.446945190 -92.932495117 24367.134765625 -14.112876892 -0.986962080
22.303007126 -52.345092773 -93.158004761 25628.347656250 -10.851542473 -1.271606684
