985.905700684 22.822509766 21.574127197 0.000000000 -2.447972775 1.395875812
982.965148926 22.994628906 21.729797363 29.377899170 -2.565570116 3.025340796
977.583618164 23.441223145 22.058319092 80.855957031 -2.521019697 5.487925053
968.291015625 23.380767822 21.918395996 165.835968018 -1.570594072 8.903329849
954.612243652 22.735076904 21.590728760 289.534881592 0.255738378 11.181391716
937.049194336 21.953918457 21.601654053 450.993011475 3.474960089 12.565059662
916.079895020 21.601867676 21.760925293 645.197753906 6.899077892 13.924128532
893.192260742 21.224304199 21.113128662 865.878051758 9.846510887 16.333702087
868.393310547 20.338287354 20.555206299 1113.201782227 11.531632423 19.615203857
840.770568848 19.425689697 16.112670898 1393.350830078 11.399987221 23.861516953
810.362182617 17.477539062 14.232879639 1710.811523438 11.097845078 26.009067535
777.147094727 14.965789795 11.812896729 2068.499511719 12.690209389 28.198060989
741.093261719 12.020812988 8.938507080 2470.152343750 18.831975937 33.778350830
702.251892090 8.567901611 5.570159912 2919.938720703 17.717403412 28.581407547
660.643981934 5.532867432 2.656158447 3424.372070312 21.853164673 18.844028473
616.239074707 2.995330811 -4.291961670 3991.193847656 34.946155548 24.299734116
569.530639648 -1.519439697 -19.041458130 4612.279296875 37.629997253 30.049400330
524.262451172 -6.271942139 -25.200927734 5253.690917969 36.711635590 31.523820877
483.452972412 -10.702239990 -28.864730835 5880.902832031 42.996463776 32.303794861
446.862548828 -15.697387695 -32.882598877 6480.660156250 49.671977997 32.435916901
413.881256104 -20.684432983 -36.053222656 7053.968261719 51.920467377 32.047481537
383.942199707 -25.133392334 -37.919952393 7603.011230469 50.881103516 32.090961456
356.965240479 -29.042327881 -39.508316040 8127.979003906 48.274101257 32.475151062
332.626098633 -32.482772827 -40.103088379 8629.184570312 46.323879242 33.014160156
310.649658203 -35.630340576 -39.550003052 9107.415039062 45.958919525 33.452388763
290.855072021 -38.587966919 -42.117950439 9562.588867188 45.864299774 33.702472687
273.012115479 -41.445922852 -45.157943726 9998.213867188 44.289211273 34.026977539
256.392333984 -44.460189819 -48.304977417 10418.401367188 40.898376465 33.489776611
241.346481323 -47.484039307 -51.420928955 10821.909179688 37.515579224 32.215270996
227.545547485 -50.245498657 -54.287384033 11217.071289062 35.834159851 31.177324295
213.723403931 -53.185989380 -57.303710938 11623.352539062 36.229084015 31.287988663
199.892776489 -56.362670898 -60.513839722 12051.165039062 37.024475098 32.613792419
186.065582275 -59.638061523 -63.826736450 12502.936523438 38.174079895 34.558326721
172.244049072 -63.106842041 -67.321136475 12981.864257812 43.175685883 34.769992828
158.425750732 -65.904144287 -71.170440674 13493.206054688 52.818008423 31.807954788
144.607574463 -66.843917847 -74.008438110 14046.495117188 62.936859131 27.004121780
130.789428711 -66.407394409 -77.306579590 14655.024414062 67.254051208 20.887458801
116.971343994 -65.398605347 -80.765350342 15334.303710938 60.119243622 12.498201370
103.153282166 -64.221725464 -85.032440186 16088.259765625 38.774509430 4.200468540
90.315231323 -63.385360718 -81.223876953 16873.396484375 11.459868431 9.161719322
80.025177002 -65.731170654 -81.350463867 17616.294921875 3.801606178 18.493160248
71.646125793 -63.371047974 -83.274536133 18314.484375000 12.722970009 14.442401886
63.855087280 -61.473434448 -87.664611816 19026.070312500 4.027583599 2.733342171
56.554073334 -62.322998047 -91.156372070 19774.757812500 -6.854809284 1.861576796
49.792060852 -61.753540039 -92.033126831 20562.171875000 -8.152213097 2.467078924
43.520053864 -59.195678711 -92.704193115 21403.257812500 -10.986635208 2.769977808
37.640045166 -56.862411499 -92.789505005 22317.419921875 -16.269456863 2.082157850
32.152030945 -55.474334717 -92.786682129 23318.626953125 -18.468454361 -0.206629500
27.056020737 -53.910156250 -92.888244629 24426.011718750 -16.111795425 -1.349169374
22.303007126 -51.679214478 -93.098022461 25690.869140625 -11.195168495 -0.029636612
