965.752441406 23.477294922 18.239135742 0.000000000 1.257176757 -2.574980021
962.891723633 23.915985107 17.916503906 29.271331787 3.357433081 -0.135690346
957.646240234 23.904724121 17.767608643 80.424102783 4.782166958 1.524345517
948.602294922 23.451080322 17.721496582 164.730407715 6.664146423 4.507030487
935.293518066 22.575317383 17.587677002 287.239685059 9.587824821 10.540482521
918.226074219 21.415008545 17.379455566 446.736938477 12.872097015 18.850301743
897.885070801 19.518981934 18.961883545 637.706481934 16.490739822 27.110721588
875.705566406 17.741455078 17.884857178 853.329772949 21.834814072 33.179569244
851.726501465 16.258941650 16.444549561 1093.655273438 28.358444214 32.648220062
825.042968750 15.061676025 14.003265381 1365.220214844 32.355850220 26.051296234
795.653259277 13.435180664 13.632598877 1673.100585938 30.327352524 18.170310974
763.552429199 11.908477783 12.126617432 2020.597900391 19.983478546 15.080544472
728.780334473 10.246795654 7.912750244 2411.347900391 13.387841225 17.518299103
691.387939453 8.773834229 0.970489502 2850.085693359 19.304363251 20.964691162
651.340576172 5.547088623 -5.295623779 3342.533203125 22.593847275 25.847242355
608.531616211 1.883941650 -5.397186279 3895.119140625 30.196762085 24.512910843
563.310974121 -1.498565674 -5.347076416 4502.914062500 30.100154877 19.273241043
519.323181152 -6.392364502 -8.290313721 5133.324218750 40.661052704 11.413056374
479.580383301 -10.911285400 -12.534027100 5750.043945312 49.059234619 4.191547871
443.870239258 -15.121307373 -17.873367310 6340.890625000 51.992679596 4.127977848
411.610046387 -18.987533569 -21.582748413 6908.147460938 55.554225922 10.686101913
382.236694336 -22.865036011 -25.329833984 7454.081054688 58.522060394 15.417564392
355.703002930 -26.886169434 -29.745010376 7977.251953125 57.894062042 15.849186897
331.722473145 -30.799468994 -34.459594727 8476.740234375 53.621978760 13.727748871
310.020782471 -34.021453857 -38.426727295 8953.380859375 49.434070587 10.400469780
290.432617188 -37.085021973 -42.229095459 9407.527343750 47.225257874 7.850434303
272.738189697 -40.367523193 -45.745269775 9842.302734375 45.674758911 3.839653254
256.229919434 -43.598312378 -48.726837158 10261.761718750 47.533500671 -3.220545292
241.262954712 -46.347229004 -51.455200195 10665.158203125 51.240127563 -8.540149689
227.506912231 -48.981048584 -54.312957764 11061.177734375 54.131023407 -7.320590019
213.707809448 -51.862152100 -57.724960327 11469.130859375 56.497711182 -1.862944841
199.888977051 -55.120178223 -61.086410522 11898.994140625 55.753730774 5.656164169
186.069488525 -58.766754150 -63.986541748 12352.666015625 50.841613770 13.607874870
172.250122070 -62.847122192 -67.844299316 12832.677734375 45.887279510 19.974420547
158.430786133 -66.155395508 -70.789260864 13344.018554688 47.629474640 21.128229141
144.611572266 -67.415985107 -71.651687622 13896.175781250 54.339965820 15.781352997
130.792251587 -67.522430420 -71.747268677 14502.162109375 54.941162109 9.676640511
116.972732544 -67.105300903 -71.341339111 15176.870117188 45.457061768 6.154075146
103.153671265 -67.528167725 -73.245300293 15921.792968750 31.036087036 8.096803665
90.315315247 -67.600784302 -74.300933838 16692.962890625 26.640872955 12.694932938
80.025177002 -65.245315552 -81.423767090 17428.853515625 21.750392914 13.017167091
71.646125793 -61.693267822 -84.078430176 18130.644531250 4.804979801 10.165845871
63.855098724 -61.391616821 -88.351013184 18845.162109375 -4.011047840 5.390769482
56.554080963 -62.276535034 -91.013946533 19594.156250000 -5.132523060 -0.056085628
49.792068481 -62.124542236 -91.552612305 20381.031250000 -9.247809410 -1.588644385
43.520053864 -61.193115234 -92.222534180 21217.402343750 -11.683855057 0.973382056
37.640045166 -59.360656738 -92.883453369 22122.031250000 -12.843547821 2.110672951
32.152030945 -57.625045776 -93.362609863 23112.564453125 -17.315389633 -0.721557975
27.056020737 -56.056732178 -93.697479248 24209.042968750 -19.809461594 -0.894930422
22.303007126 -53.484130859 -93.723098755 25462.589843750 -18.287424088 0.428625107
