978.557189941 24.182952881 20.999847412 0.000000000 0.457968801 8.343725204
975.646667480 24.469146729 20.837646484 29.483093262 0.322767884 16.977251053
970.309692383 24.338409424 20.573150635 81.017303467 0.680375934 23.142908096
961.107360840 24.192474365 20.250762939 165.982666016 2.019838810 31.656803131
947.564941406 23.806701660 19.942016602 289.636962891 4.291430473 40.317100525
930.181701660 23.104614258 19.539733887 450.951721191 7.151991367 46.306659698
909.458618164 21.834411621 18.863525391 644.410766602 11.532203674 48.739528656
886.868408203 20.156311035 17.573730469 862.988769531 17.347843170 48.141330719
862.425292969 18.160461426 15.844116211 1106.628784180 24.890840530 47.732910156
835.201416016 16.343536377 13.177246094 1381.556396484 30.104562759 42.313850403
805.235961914 15.257293701 8.188232422 1692.788574219 27.764413834 32.024517059
772.573608398 14.726715088 -0.011810303 2044.107910156 24.684133530 30.456983566
737.197998047 12.807800293 -5.333282471 2439.653076172 25.822542191 34.067420959
699.046508789 9.355682373 -5.332336426 2883.825927734 28.835187912 36.749691010
658.037475586 2.746887207 -1.420196533 3380.326416016 33.196166992 39.481307983
614.137451172 -1.325531006 -2.988281250 3935.323486328 36.014133453 38.509281158
567.821472168 -5.095886230 -6.694396973 4544.612304688 42.188114166 23.225576401
522.869995117 -9.011230469 -10.766632080 5176.574218750 50.479248047 6.055990696
482.328674316 -12.262115479 -14.698760986 5796.899414062 56.480274200 -5.379051685
445.964141846 -15.552246094 -18.364822388 6393.300781250 55.959388733 -10.369755745
413.166320801 -19.166458130 -21.996276855 6966.747070312 51.320148468 -6.811789989
383.378753662 -22.733169556 -25.297073364 7518.502929688 44.673069000 2.351775646
356.520355225 -26.697891235 -29.502212524 8047.121093750 41.901268005 10.669314384
332.277740479 -30.500991821 -33.777770996 8551.511718750 42.239173889 13.911534309
310.383972168 -34.216491699 -37.811645508 9031.831054688 42.338176727 16.137807846
290.657531738 -37.870132446 -41.620452881 9487.880859375 42.008129120 16.721086502
272.865112305 -41.461547852 -45.159194946 9923.148437500 42.108585358 15.636631012
256.288970947 -44.999404907 -48.848480225 10341.938476562 43.382381439 14.028597832
241.280563354 -48.513549805 -52.563018799 10743.273437500 44.676010132 12.380425453
227.504959106 -51.505004883 -55.897216797 11135.767578125 44.013042450 9.461930275
213.700546265 -54.130767822 -58.780548096 11539.578125000 42.686737061 6.908172607
199.882507324 -56.705871582 -61.601745605 11965.763671875 45.645107269 9.843678474
186.063705444 -59.519531250 -64.702850342 12417.021484375 50.947937012 17.260829926
172.245117188 -62.812759399 -68.211898804 12896.289062500 54.386146545 21.312334061
158.426696777 -65.739883423 -71.090148926 13408.139648438 59.439624786 17.899469376
144.608398438 -67.260604858 -72.669464111 13961.033203125 65.055854797 10.189566612
130.790161133 -66.009826660 -73.986999512 14569.542968750 62.576160431 5.410484791
116.971893311 -62.972335815 -70.203491211 15253.702148438 46.980396271 7.583880901
103.153465271 -62.979171753 -68.947723389 16014.238281250 29.964078903 19.766811371
90.315185547 -64.179779053 -79.674377441 16800.369140625 29.879520416 19.698154449
80.025123596 -61.621551514 -86.944641113 17548.837890625 18.727939606 4.993901730
71.646102905 -61.443939209 -88.460083008 18257.222656250 3.901101112 4.610138416
63.855087280 -61.415313721 -89.958343506 18972.201171875 -1.308495283 5.664647102
56.554073334 -62.197875977 -91.213073730 19721.265625000 -1.137873888 4.893474579
49.792060852 -62.397048950 -91.994583130 20507.814453125 -3.528916597 3.554973602
43.520050049 -60.920532227 -92.520416260 21344.222656250 -9.092326164 0.755432367
37.640037537 -58.748687744 -92.903442383 22250.785156250 -13.312417030 -2.960031509
32.152027130 -56.779083252 -93.295379639 23244.794921875 -16.459510803 -7.017176628
27.056015015 -55.516586304 -93.707244873 24344.785156250 -18.925113678 -7.192496777
22.303005219 -53.329284668 -93.766021729 25600.226562500 -18.278783798 -4.135922909
