983.214355469 25.634552002 23.167663574 0.000000000 -4.156861782 10.052200317
980.285766602 25.140380859 22.985015869 29.661102295 -5.341790676 12.614949226
974.919555664 24.557281494 22.938385010 81.377258301 -6.436033249 13.917269707
965.663574219 23.948303223 22.599700928 166.552825928 -6.749484062 15.504425049
952.036071777 23.570922852 21.964141846 290.440887451 -4.781899929 17.444480896
934.550170898 23.028625488 21.273620605 452.047332764 -0.996466458 18.531408310
913.706848145 22.009155273 20.435058594 645.950073242 4.141132355 19.085830688
890.980529785 20.545715332 19.319793701 865.306884766 10.293979645 20.146125793
866.378417969 18.797241211 18.204010010 1110.164916992 16.155752182 22.268180847
838.940612793 17.411102295 16.921997070 1387.323242188 19.706672668 25.696594238
808.690612793 16.443450928 15.471588135 1702.304931641 19.695959091 29.750242233
775.632202148 14.976226807 13.402069092 2058.450439453 16.673494339 32.687675476
739.804992676 12.576385498 9.508575439 2459.034423828 14.660867691 31.927892685
701.207763672 9.551422119 6.490966797 2908.256347656 18.903038025 31.366777420
659.821411133 6.556182861 3.585968018 3412.736083984 24.966741562 31.560785294
615.593017578 2.808380127 1.701568604 3979.428222656 30.632108688 31.821773529
568.969299316 -1.852172852 -3.948638916 4600.321777344 32.673728943 34.186195374
523.757446289 -7.142852783 -8.536804199 5241.041503906 32.927608490 37.240135193
483.040893555 -12.275848389 -13.591033936 5865.565917969 34.674343109 39.773170471
446.545898438 -16.894561768 -18.705505371 6461.814941406 38.821346283 41.075424194
413.653930664 -21.147445679 -24.298583984 7032.564941406 44.571922302 41.392925262
383.785583496 -25.053985596 -30.920150757 7580.423339844 49.157054901 41.613399506
356.855712891 -28.632949829 -35.706390381 8105.261230469 50.365158081 41.225513458
332.552124023 -31.877914429 -36.926834106 8607.034179688 47.938529968 40.049682617
310.599975586 -34.683044434 -38.034088135 9086.374023438 43.690940857 39.690570831
290.821960449 -37.350616455 -40.842376709 9543.277343750 39.349124908 40.812755585
272.989074707 -40.225906372 -43.847015381 9980.976562500 35.535831451 41.429965973
256.379791260 -43.414199829 -47.201446533 10403.039062500 32.923748016 39.930171967
241.345138550 -46.709564209 -50.611694336 10807.942382812 33.020572662 37.299709320
227.550094604 -49.923233032 -55.755081177 11203.919921875 36.079170227 34.827014923
213.730285645 -53.262115479 -60.552215576 11610.305664062 38.766468048 33.237911224
199.899841309 -56.763336182 -63.096832275 12037.550781250 39.751903534 32.697288513
186.071685791 -60.098861694 -65.618774414 12488.324218750 40.351467133 32.843864441
172.246597290 -63.045730591 -68.518753052 12966.839843750 44.051895142 33.156360626
158.425582886 -65.139541626 -71.576309204 13479.248046875 50.191913605 33.241592407
144.607406616 -66.078445435 -74.163970947 14034.617187500 55.586051941 32.616195679
130.789260864 -66.164672852 -77.755310059 14644.632812500 58.280700684 29.198242188
116.971191406 -65.724624634 -82.355957031 15323.826171875 54.643745422 19.137750626
103.153144836 -65.370086670 -87.374114990 16075.199218750 38.496776581 7.349846840
90.315124512 -64.635635376 -90.804412842 16855.972656250 16.471277237 9.686158180
80.025115967 -63.193069458 -90.631347656 17600.896484375 6.922608376 18.708768845
71.646102905 -62.333358765 -89.124542236 18305.173828125 6.149125576 14.107761383
63.855087280 -62.700195312 -89.434127808 19016.441406250 -1.050552726 6.202167988
56.554073334 -62.951782227 -90.629226685 19761.876953125 -5.598845005 5.538818359
49.792060852 -61.876907349 -92.017059326 20547.826171875 -8.013316154 5.394437313
43.520053864 -60.025314331 -92.741943359 21386.916015625 -10.182430267 2.802983761
37.640045166 -57.466522217 -92.825363159 22298.140625000 -13.184264183 -0.765316844
32.152030945 -55.483825684 -92.836578369 23298.123046875 -16.868762970 -1.670144677
27.056020737 -53.821945190 -92.908599854 24405.728515625 -16.421192169 0.592411578
22.303007126 -51.782592773 -93.096130371 25670.410156250 -10.973031998 0.915218353
