974.535156250 25.560302734 20.162445068 0.000000000 4.365437508 12.279191971
971.631896973 25.698516846 20.107940674 29.585449219 5.177307129 19.594348907
966.325134277 25.387420654 20.249816895 81.279174805 4.940903664 22.003087997
957.167968750 25.356933594 20.290863037 166.501708984 5.227626324 27.135955811
943.685607910 25.399627686 20.135253906 290.705505371 5.855139732 29.911352158
926.380615234 23.858337402 20.031951904 452.600219727 4.139875412 32.099288940
905.754211426 21.879638672 19.584655762 646.270446777 5.563251972 36.430652618
883.270324707 20.202239990 18.589477539 864.866638184 9.460476875 40.169559479
858.951538086 18.661529541 17.093566895 1108.668457031 15.507561684 39.912899017
831.868225098 17.162933350 14.404785156 1384.080322266 21.675670624 33.152252197
802.058227539 16.057647705 10.878784180 1696.187500000 25.154352188 24.143634796
769.516479492 14.670227051 9.031524658 2048.649169922 24.793886185 19.655550003
734.235290527 12.286285400 6.304748535 2445.195068359 25.228675842 17.975318909
696.206115723 8.964508057 3.478942871 2889.848876953 26.270114899 16.628915787
655.426696777 5.052215576 -0.080932617 3387.906738281 29.399667740 18.665367126
611.879455566 1.371917725 -6.859069824 3945.649658203 36.934593201 25.395057678
565.995727539 -3.217346191 -13.312927246 4556.204589844 44.284561157 29.818466187
521.454528809 -7.847625732 -19.274581909 5187.309082031 49.195377350 29.593990326
481.261749268 -11.997833252 -23.322799683 5805.046875000 55.539318085 27.061906815
445.168975830 -15.963287354 -20.264587402 6397.845703125 59.944778442 24.971368790
412.571960449 -18.712356567 -21.310379028 6968.664062500 58.985641479 20.071115494
382.943359375 -21.869079590 -25.329254150 7519.585937500 56.641170502 13.746731758
356.216064453 -25.985107422 -29.836441040 8047.829101562 55.897769928 8.708666801
332.075897217 -30.367111206 -34.564147949 8551.377929688 54.282394409 8.611305237
310.254089355 -34.350906372 -38.342803955 9030.347656250 49.649406433 10.622583389
290.575897217 -37.785842896 -41.382522583 9485.297851562 44.847072601 10.574808121
272.817199707 -40.874588013 -44.542465210 9920.407226562 41.728233337 7.612228870
256.264129639 -43.886810303 -47.704025269 10340.163085938 40.072437286 4.590914726
241.269821167 -46.892517090 -50.832015991 10743.516601562 38.968086243 3.156492949
227.501373291 -49.871200562 -54.530014038 11138.637695312 37.622539520 4.178304672
213.699356079 -52.975036621 -57.703216553 11544.907226562 37.178054810 8.141539574
199.881530762 -56.325180054 -60.518508911 11972.532226562 40.051517487 14.788060188
186.062896729 -60.047073364 -64.433151245 12423.530273438 46.310264587 22.198766708
172.244537354 -63.699615479 -69.524078369 12901.127929688 54.615734100 27.394233704
158.426284790 -66.654953003 -71.540405273 13410.800781250 63.306251526 27.745223999
144.608078003 -68.322753906 -72.827636719 13961.022460938 69.242538452 22.269929886
130.789886475 -68.438720703 -74.137420654 14564.303710938 69.595252991 13.389097214
116.971740723 -66.578521729 -77.741516113 15238.470703125 58.779106140 6.600012779
103.153518677 -64.639923096 -71.840667725 15989.738281250 34.935604095 8.071458817
90.315315247 -64.390075684 -80.285003662 16772.453125000 17.718511581 14.638628960
80.025207520 -64.182556152 -76.368255615 17516.228515625 11.308958054 6.341821671
71.646125793 -62.451492310 -83.775360107 18218.609375000 -1.396448612 -5.048323631
63.855087280 -63.575485229 -87.625091553 18928.179687500 -7.217053890 -4.195975780
56.554073334 -63.216903687 -91.282958984 19671.687500000 -8.618216515 -0.153410763
49.792060852 -61.931747437 -92.192687988 20457.089843750 -9.602588654 1.407817841
43.520053864 -59.588195801 -92.551452637 21297.046875000 -11.970232964 2.630075693
37.640045166 -57.236846924 -92.850616455 22209.675781250 -15.820199013 -0.217375025
32.152030945 -55.899566650 -93.226440430 23209.099609375 -15.858626366 -2.043738127
27.056020737 -53.949203491 -93.544647217 24315.306640625 -13.590926170 0.349777669
22.303007126 -51.826187134 -93.536834717 25579.574218750 -12.872170448 1.933192492
