978.567749023 25.263793945 19.863220215 0.000000000 -0.672845840 19.860256195
975.658996582 25.401824951 19.721618652 29.507659912 -0.005338928 28.962099075
970.333496094 25.258941650 19.536376953 81.153320312 0.691925108 33.158592224
961.137451172 25.116333008 19.305664062 166.269439697 2.361474752 40.767490387
947.604370117 24.786437988 19.125305176 290.220489502 5.188652039 47.006912231
930.225708008 24.006774902 18.734069824 451.880889893 9.520524979 51.099029541
909.517578125 22.638092041 17.858337402 645.678833008 15.317414284 51.804428101
886.937438965 20.942321777 16.735717773 864.664062500 20.646850586 48.892421722
862.500915527 19.370117188 15.742492676 1109.132812500 25.043035507 42.656932831
835.240173340 18.101715088 15.297180176 1386.089355469 28.285022736 33.194034576
805.171813965 16.215454102 14.260314941 1700.437011719 26.337511063 26.407793045
772.330444336 14.191436768 10.806945801 2054.768798828 22.412460327 20.448755264
736.762268066 12.569732666 6.528045654 2453.187744141 19.869014740 13.019124985
698.457946777 9.901580811 2.140838623 2900.505126953 19.931064606 7.222298145
657.403076172 6.741973877 -3.698699951 3402.424072266 24.069118500 3.504565239
613.570678711 3.144805908 -10.052001953 3965.311279297 29.291366577 5.734379768
567.386779785 -1.304046631 -18.545455933 4581.970703125 35.928413391 10.159387589
522.571594238 -6.284088135 -25.700958252 5219.335937500 41.960796356 11.945748329
482.148284912 -10.982452393 -33.872543335 5842.141601562 47.979183197 11.038500786
445.867614746 -15.368316650 -37.474578857 6438.377441406 53.229179382 10.664449692
413.116607666 -19.522018433 -37.905822754 7010.416503906 55.229125977 11.957071304
383.353637695 -23.606170654 -39.944305420 7560.069824219 55.626556396 14.012306213
356.512145996 -27.756835938 -42.747650146 8086.116699219 55.411964417 15.404246330
332.281433105 -31.881759644 -46.042648315 8587.608398438 54.602588654 15.212415695
310.389099121 -35.705245972 -50.033004761 9064.892578125 52.413139343 13.854355812
290.658142090 -39.095077515 -54.180664062 9518.312500000 49.292030334 12.473218918
272.860809326 -42.151031494 -57.357086182 9951.785156250 46.462333679 11.724330902
256.283569336 -44.862976074 -60.213882446 10370.042968750 44.881431580 12.234316826
241.276870728 -47.272338867 -62.673294067 10772.453125000 43.462715149 12.918974876
227.502304077 -49.590728760 -63.545806885 11167.667968750 41.150100708 12.537872314
213.698593140 -52.115951538 -63.185882568 11575.044921875 37.019496918 12.344633102
199.881011963 -55.203659058 -63.266632080 12004.673828125 31.138946533 14.441341400
186.062484741 -58.939544678 -64.668212891 12458.047851562 28.272562027 19.176376343
172.244094849 -63.072799683 -67.734664917 12937.617187500 30.617225647 23.853004456
158.425827026 -66.379806519 -71.064971924 13448.382812500 39.930355072 24.443363190
144.607635498 -67.481369019 -73.313507080 14000.144531250 52.138435364 20.620008469
130.789474487 -66.927597046 -76.335998535 14606.933593750 55.682929993 14.357357025
116.971366882 -65.742538452 -79.802185059 15284.807617188 47.890918732 8.464488983
103.153282166 -65.559036255 -80.304962158 16035.718750000 34.547660828 8.548454285
90.315216064 -66.021057129 -84.197845459 16813.562500000 26.632703781 13.389264107
80.025184631 -64.962753296 -86.944244385 17552.917968750 20.659208298 11.027474403
71.646141052 -63.537322998 -81.621032715 18252.230468750 4.367795467 1.588512778
63.855098724 -63.647781372 -85.855056763 18959.876953125 -5.189794064 4.894987106
56.554080963 -63.036682129 -91.128097534 19703.554687500 -5.803518772 9.961173058
49.792068481 -61.516143799 -91.699371338 20490.117187500 -8.181284904 4.769793034
43.520053864 -60.800857544 -92.182159424 21328.378906250 -13.621978760 -1.339483380
37.640045166 -59.520019531 -92.656890869 22233.478515625 -15.744917870 -1.331893921
32.152030945 -57.203842163 -93.169708252 23224.640625000 -17.408147812 -3.031031847
27.056020737 -55.615875244 -93.644271851 24323.220703125 -19.534248352 -4.815344334
22.303007126 -53.798645020 -93.670715332 25576.958984375 -19.921550751 -1.764558434
