987.190917969 25.250854492 20.162231445 0.000000000 -1.153267860 9.567785263
984.256896973 25.446350098 20.235687256 29.579421997 -1.516296387 16.273424149
978.872192383 25.626281738 20.927734375 81.366668701 -2.870767593 16.823133469
969.566162109 25.819702148 21.597259521 167.002929688 -4.622525692 19.790594101
955.856079102 25.359832764 22.021240234 291.919006348 -5.643221378 23.122335434
938.237243652 24.353240967 22.237365723 455.039855957 -3.477759361 29.294477463
917.211853027 23.288391113 21.382720947 650.829833984 1.031480908 34.786449432
894.275573730 20.777313232 20.966735840 872.094360352 0.761998534 38.923099518
869.434631348 18.842681885 19.064758301 1118.652221680 5.483060837 41.867118835
841.759826660 17.171417236 15.742919922 1397.148315430 14.838631630 40.505645752
811.265441895 15.426666260 13.679260254 1712.672363281 22.795410156 32.572505951
777.938720703 13.598693848 11.059478760 2068.678710938 25.508153915 24.837873459
741.859863281 12.827056885 2.908996582 2469.453125000 29.693672180 26.185522079
703.055786133 11.374572754 -8.326843262 2920.318359375 34.028903961 28.675495148
661.487976074 8.599884033 -19.167037964 3427.381347656 33.367866516 34.726295471
617.086181641 3.853485107 -22.085281372 3996.000976562 35.103897095 36.874755859
570.264587402 -1.714141846 -25.067321777 4617.563964844 38.538024902 32.707233429
524.827087402 -5.546875000 -29.408370972 5260.753417969 43.464836121 28.986909866
483.873138428 -9.974884033 -38.570724487 5891.132324219 49.029987335 24.964035034
447.166961670 -15.000762939 -40.821701050 6493.958007812 51.642616272 23.518482208
414.086761475 -19.851806641 -43.140930176 7070.238769531 52.603057861 23.267910004
384.070556641 -24.223617554 -46.160400391 7622.347167969 53.021297455 22.680789948
357.031799316 -27.931701660 -47.763320923 8150.495605469 53.082595825 21.347036362
332.646484375 -31.306991577 -49.093627930 8654.899414062 53.255630493 19.770658493
310.636352539 -34.562332153 -52.127227783 9136.028320312 52.975471497 18.576934814
290.818878174 -37.687774658 -57.159500122 9593.559570312 51.881107330 17.953777313
272.960784912 -40.872909546 -59.827865601 10030.834960938 49.455501556 17.039337158
256.338562012 -43.944869995 -57.229263306 10452.127929688 45.115314484 14.901957512
241.300430298 -46.919143677 -54.684600830 10856.450195312 39.828998566 11.879441261
227.509185791 -49.858535767 -54.408477783 11252.204101562 35.126396179 10.021821022
213.699401855 -53.062332153 -57.194885254 11658.605468750 32.648731232 10.346605301
199.881072998 -56.534454346 -60.678176880 12086.029296875 33.268943787 12.580205917
186.062454224 -60.021026611 -64.672454834 12536.920898438 37.005039215 14.395812035
172.244094849 -63.415191650 -68.594207764 13014.911132812 43.570186615 15.615297318
158.425842285 -66.142517090 -71.544921875 13525.600585938 51.797245026 17.452749252
144.607650757 -67.966598511 -74.310852051 14076.985351562 58.348770142 19.077472687
130.789520264 -68.789794922 -77.388946533 14680.186523438 62.290401459 19.535167694
116.971435547 -68.099502563 -82.023101807 15351.152343750 60.728832245 17.320602417
103.153381348 -65.940124512 -82.509780884 16097.238281250 42.928630829 13.152968407
90.315277100 -64.075027466 -76.632385254 16878.000000000 19.101087570 16.437181473
80.025177002 -62.364257812 -83.981353760 17625.414062500 12.622964859 18.385663986
71.646133423 -60.573532104 -82.284118652 18333.902343750 8.681163788 6.036284924
63.855098724 -60.933486938 -88.060852051 19051.025390625 -2.818216324 -3.033758879
56.554080963 -61.321517944 -91.047866821 19802.468750000 -8.599667549 -2.142480373
49.792068481 -61.118927002 -92.014022827 20592.824218750 -12.197534561 -0.708733439
43.520057678 -59.820755005 -92.631835938 21433.789062500 -13.805656433 0.470402211
37.640045166 -57.864669800 -92.690139771 22344.476562500 -16.005121231 -0.871114731
32.152034760 -56.643630981 -92.743530273 23340.710937500 -18.362764359 -2.382747889
27.056020737 -54.777145386 -92.924041748 24442.933593750 -17.365489960 0.318585724
22.303007126 -51.699707031 -93.089340210 25705.271484375 -11.457458496 2.322129726
