975.590942383 26.875854492 22.036376953 0.000000000 -0.302835882 7.137979984
972.680847168 27.133850098 21.742431641 29.829406738 -0.544374168 13.114676476
967.360168457 26.876281738 21.746704102 81.897918701 -1.412884355 14.636308670
958.174194336 26.257202148 21.704406738 167.721679688 -2.314210415 18.089731216
944.648071289 25.172332764 21.607788086 292.419006348 -2.484473944 22.271902084
927.285217285 23.978240967 21.344146729 454.789855957 0.166949034 27.472122192
906.595886230 22.663391113 20.492614746 649.298583984 3.947247505 32.721115112
884.051574707 20.964813232 19.657226562 869.063110352 8.415885925 36.979255676
859.642639160 19.155181885 18.850097656 1114.214721680 14.108870506 35.428134918
832.455810547 17.858917236 15.923919678 1391.242065430 15.810553551 29.450031281
802.545471191 16.176666260 12.022369385 1704.828613281 17.571329117 25.890539169
769.898742676 13.161193848 9.709716797 2057.397460938 18.826187134 26.417245865
734.523925781 10.264556885 5.141693115 2452.203125000 23.619159698 26.671483994
696.459777832 7.937072754 -3.205566406 2894.318359375 26.739488602 24.666315079
655.679992676 4.912384033 -9.230926514 3390.381347656 31.302532196 23.427698135
612.134155273 2.540985107 -21.643051147 3948.125976562 36.683273315 25.211690903
566.224609375 -1.651641846 -34.713012695 4561.032714844 39.509948730 26.511230469
521.611145020 -5.984375000 -34.452423096 5196.190917969 42.249935150 24.370279312
481.354736328 -10.412384033 -40.451553345 5818.288574219 49.029987335 23.992113113
445.234130859 -15.000762939 -50.416503906 6413.801757812 57.231166840 22.911031723
412.632354736 -19.726806641 -51.799850464 6984.082519531 61.471847534 21.931516647
382.999328613 -24.161117554 -51.495910645 7531.034667969 62.254558563 21.708868027
356.262176514 -28.119201660 -51.632141113 8054.433105469 60.736484528 21.468526840
332.109680176 -31.681991577 -52.414230347 8554.399414062 57.993751526 20.864070892
310.276153564 -34.999832153 -54.091110229 9031.497070312 54.068881989 20.520778656
290.588806152 -38.062774658 -56.783752441 9485.653320312 49.451301575 20.869544983
272.823638916 -40.997909546 -60.516265869 9920.459960938 44.717380524 21.898948669
256.266326904 -44.007369995 -63.052917480 10340.065429688 39.891231537 21.948392868
241.269622803 -47.044143677 -62.651596069 10743.231445312 35.576839447 20.626741409
227.500000000 -50.171035767 -62.069656372 11138.016601562 33.790000916 19.376571655
213.697967529 -53.499832153 -62.859970093 11543.542968750 35.321517944 19.458375931
199.880508423 -56.659454346 -64.797225952 11970.341796875 39.100479126 21.327505112
186.062133789 -59.646026611 -67.271606445 12421.452148438 45.144886017 23.629072189
172.243850708 -62.415191650 -69.769638062 12901.004882812 51.831523895 24.484086990
158.425628662 -64.767517090 -72.159057617 13414.569335938 57.142814636 23.527261734
144.607452393 -66.404098511 -74.275390625 13969.891601562 60.778575897 21.142808914
130.789321899 -66.914794922 -77.080703735 14578.186523438 59.982086182 17.348342896
116.971221924 -67.099502563 -80.584899902 15253.746093750 53.925376892 14.526326180
103.153167725 -66.877624512 -85.417694092 15999.769531250 42.078197479 11.330614090
90.315139771 -65.137527466 -89.809936523 16776.718750000 23.231756210 6.596468449
80.025123596 -63.426757812 -90.231826782 17520.382812500 8.613785744 12.311149597
71.646110535 -62.698532104 -89.024108887 18223.652343750 6.008378029 13.204211235
63.855091095 -61.245986938 -89.267791748 18936.744140625 0.826492012 7.535895348
56.554080963 -60.821517944 -90.474243164 19688.625000000 -5.562410355 3.446072340
49.792068481 -59.431427002 -91.757751465 20483.199218750 -9.767728806 1.721072078
43.520057678 -58.258255005 -92.512054443 21330.570312500 -15.142049789 -3.052815914
37.640045166 -57.927169800 -92.811233521 22244.320312500 -18.313436508 -1.964527249
32.152034760 -56.206130981 -92.831344604 23241.429687500 -17.147863388 0.533018768
27.056020737 -54.152145386 -92.888015747 24346.277343750 -14.449724197 0.318585724
22.303007126 -51.887207031 -93.018646240 25609.740234375 -10.485536575 1.107226968
