984.319152832 29.246826172 22.048370361 0.000000000 -3.907135248 8.893505096
981.388061523 29.071136475 21.592437744 30.007736206 -4.931805134 13.530245781
976.017517090 28.503051758 21.302459717 82.357391357 -5.772404671 15.625055313
966.745788574 27.531799316 20.936248779 168.493865967 -6.180684566 17.435811996
953.114379883 26.316650391 20.424835205 293.536956787 -5.754852772 19.710395813
935.604125977 24.747894287 19.992797852 456.232025146 -4.882739067 22.123432159
914.723571777 22.761810303 19.618194580 651.005859375 -3.539019823 25.091316223
891.932373047 20.759979248 18.935485840 870.955444336 -1.263216376 29.823972702
867.261535645 18.983917236 17.990447998 1116.327880859 2.534934282 36.398113251
839.767272949 17.373840332 14.140502930 1393.587524414 7.336866379 41.708484650
809.480957031 15.392791748 12.201202393 1707.685668945 11.254375458 40.928085327
776.357727051 12.913360596 12.351837158 2062.035156250 15.235220909 35.336383820
740.389709473 10.365539551 10.631164551 2460.784423828 18.744503021 33.631561279
701.615295410 8.452545166 7.946044922 2909.305664062 23.384958267 36.561817169
660.052124023 5.594787598 2.557312012 3413.594970703 32.707691193 38.573444366
615.757202148 2.755462646 -9.705108643 3979.180908203 42.060207367 37.228137970
569.171386719 -2.113891602 -24.040130615 4597.850097656 43.441707611 36.903339386
523.986694336 -7.059143066 -27.202239990 5236.549316406 41.995170593 37.994758606
483.242218018 -11.189880371 -33.781295776 5861.406738281 43.770885468 39.892917633
446.704711914 -15.586578369 -32.585571289 6460.168457031 46.399379730 41.908866882
413.756286621 -20.133285522 -31.782012939 7033.890136719 48.209506989 42.746105194
383.835510254 -24.610763550 -38.588378906 7584.004394531 49.409542084 41.281513214
356.864410400 -28.815444946 -48.018615723 8109.754394531 49.907951355 39.196475983
332.530090332 -32.370712280 -53.087570190 8611.325195312 47.632709503 37.574939728
310.554260254 -35.369827271 -51.629058838 9089.868164062 42.609096527 36.571479797
290.757995605 -38.028671265 -49.621795654 9545.827148438 37.673107147 36.139339447
272.918792725 -40.794937134 -50.803878784 9982.471679688 35.872764587 36.479396820
256.315246582 -44.025985718 -54.814224243 10403.393554688 37.464401245 37.288944244
241.289566040 -47.278366089 -58.636718750 10807.092773438 40.323951721 37.054592133
227.505310059 -50.436798096 -60.815490723 11201.825195312 43.216251373 36.196243286
213.698333740 -53.881805420 -62.740997314 11606.942382812 45.352066040 36.027919769
199.880584717 -57.640060425 -64.628570557 12032.413085938 46.451026917 36.843559265
186.062210083 -61.419647217 -66.429275513 12480.634765625 47.753318787 37.134349823
172.243865967 -64.399642944 -68.627166748 12955.980468750 50.894512177 36.402278900
158.425582886 -66.098770142 -70.338867188 13465.532226562 55.753433228 35.467895508
144.607376099 -66.801422119 -74.234115601 14018.661132812 60.603248596 34.345569611
130.789245605 -66.788803101 -78.761123657 14626.619140625 65.847251892 30.471992493
116.971191406 -65.745117188 -83.146881104 15304.691406250 62.806453705 17.919244766
103.153144836 -63.793945312 -88.012420654 16058.891601562 38.344516754 3.010191441
90.315124512 -63.640167236 -91.244842529 16844.460937500 10.656982422 9.730515480
80.025115967 -63.428039551 -90.126770020 17590.769531250 9.698129654 18.662401199
71.646102905 -62.135040283 -88.958190918 18294.957031250 9.463338852 15.480830193
63.855087280 -61.939636230 -89.489929199 19007.914062500 0.928439617 8.124135971
56.554073334 -61.822631836 -90.718872070 19756.777343750 -5.707636833 6.885267258
49.792060852 -61.360076904 -92.117340088 20545.906250000 -11.107275009 5.788174152
43.520053864 -59.957977295 -92.818771362 21386.216796875 -13.688211441 3.735018730
37.640045166 -58.040908813 -92.850265503 22296.335937500 -15.469599724 1.359684110
32.152030945 -56.407165527 -92.859893799 23292.859375000 -17.600507736 0.362950712
27.056020737 -54.688491821 -92.936370850 24395.949218750 -18.065958023 0.778343439
22.303007126 -52.142227173 -93.093902588 25657.201171875 -14.043924332 1.803698540
