978.257629395 24.947509766 20.815338135 0.000000000 -4.877778053 7.591879845
975.357116699 25.369628906 20.720520020 29.534149170 -4.752395153 12.987543106
970.023620605 25.878723145 21.052825928 81.293457031 -3.735922337 17.758443832
960.818969727 26.068267822 21.227325439 166.835968018 -1.692084312 25.547498703
947.276245117 24.922576904 21.303833008 291.253631592 0.255738378 26.246185303
929.881225586 23.078918457 21.100311279 453.149261475 2.867508650 23.742164612
909.135925293 20.851867676 20.700225830 646.697753906 5.562685013 19.634172440
886.520263672 19.536804199 19.387481689 865.253051758 8.753098488 15.969230652
862.057373047 18.338287354 18.555755615 1109.451782227 11.896103859 15.484534264
834.778564453 16.613189697 16.849578857 1385.788330078 17.474500656 19.244886398
804.706237793 15.290039062 15.534576416 1699.374023438 23.489852905 25.766086578
771.851074219 13.528289795 13.812316895 2053.562011719 25.811159134 29.777435303
736.245300293 11.020812988 11.314910889 2451.746093750 27.093315125 29.769170761
697.887817383 8.880401611 8.395538330 2898.782470703 28.651529312 26.637561798
656.816040039 7.282867432 -0.250152588 3401.559570312 29.993011475 29.292192459
613.059082031 3.932830811 -13.782165527 3965.568847656 30.815485001 34.626407623
566.990600586 -1.456939697 -22.149261475 4581.841796875 31.676973343 36.366893768
522.264465332 -6.271942139 -26.971023560 5218.065917969 35.618221283 35.047039032
481.899383545 -11.202239990 -26.593627930 5840.059082031 42.874973297 34.490619659
445.664154053 -16.134887695 -26.419357300 6434.816406250 45.541309357 36.566585541
412.967651367 -20.559432983 -31.390609741 7004.280761719 47.182346344 37.636032104
383.262176514 -24.758392334 -34.758438110 7550.823730469 46.871921539 36.829082489
356.469207764 -28.604827881 -36.939193726 8073.947753906 44.872371674 36.362838745
332.274871826 -31.982772827 -40.196350098 8573.747070312 43.286621094 36.415885925
310.410858154 -34.942840576 -44.772018433 9051.102539062 42.435699463 36.611137390
290.701629639 -37.837966919 -48.379302979 9505.901367188 41.004688263 36.861221313
272.920318604 -40.883422852 -47.062408447 9941.338867188 38.093208313 37.793174744
256.350708008 -44.085189819 -47.903213501 10361.245117188 35.188335419 38.227897644
241.338958740 -47.171539307 -51.099853516 10764.565429688 34.599815369 36.467430115
227.551361084 -50.057998657 -55.534027100 11159.696289062 36.684593201 33.242656708
213.733963013 -53.185989380 -59.483245850 11565.977539062 38.780380249 31.773948669
199.902389526 -56.425170898 -62.156890869 11993.696289062 39.697257996 32.006340027
186.070037842 -59.763061523 -65.029022217 12445.311523438 40.482395172 32.128520966
172.244705200 -62.919342041 -67.667114258 12924.364257812 44.147609711 31.368265152
158.426315308 -65.029144287 -69.735809326 13437.049804688 52.210556030 29.864110947
144.607940674 -66.156417847 -70.622070312 13992.432617188 60.264072418 28.097534180
130.789611816 -66.719894409 -71.486907959 14601.461914062 64.095298767 24.896638870
116.971397400 -66.336105347 -76.980728149 15278.709960938 59.147319794 17.479303360
103.153320312 -65.221725464 -86.992416382 16029.166015625 39.746433258 10.639452934
90.315315247 -64.072860718 -97.134124756 16811.208984375 16.197988510 13.535369873
80.025222778 -64.606170654 -74.811096191 17554.826171875 6.838862896 19.829553604
71.646118164 -63.246047974 -82.216369629 18255.171875000 11.994028091 14.077930450
63.855087280 -61.785934448 -91.242675781 18966.476562500 5.242486477 6.499540806
56.554073334 -61.197998047 -90.652496338 19716.726562500 -5.639906406 4.655853271
49.792060852 -60.128540039 -91.862609863 20509.296875000 -8.516684532 2.953039885
43.520053864 -57.883178711 -92.755386353 21356.101562500 -12.808989525 -1.239201427
37.640045166 -56.987411499 -92.901397705 22272.732421875 -16.512437820 -3.992356062
32.152030945 -55.849334717 -92.845886230 23272.783203125 -16.160139084 -1.664512873
27.056020737 -54.097656250 -92.949157715 24378.574218750 -15.990304947 1.688087583
22.303007126 -52.116714478 -93.211059570 25641.337890625 -13.260503769 2.886130095
