973.678894043 21.875854492 20.323455811 0.000000000 0.912066877 13.941435814
970.784851074 21.633850098 20.280578613 29.173156738 1.763941050 16.273424149
965.488220215 21.438781738 20.354095459 80.147918701 2.717785120 16.580152512
956.334228516 21.132202148 20.424407959 164.190429688 4.246264458 16.267375946
942.872009277 20.859832764 20.372406006 286.512756348 5.290903568 18.384214401
925.589233398 19.978240967 19.839965820 446.008605957 6.970404625 21.154628754
905.011901855 18.850891113 18.798126221 637.142333984 9.049839020 22.637422562
882.587585449 18.714813232 17.856170654 853.594360352 11.817613602 21.307010651
858.330627441 18.092681885 17.252624512 1096.120971680 14.837812424 18.419494629
831.295776367 17.108917236 16.150512695 1371.210815430 18.604829788 16.693553925
801.497497559 15.176666260 14.383209229 1683.141113281 21.094547272 17.386219025
768.970764160 12.911193848 12.309570312 2034.553588867 22.349405289 21.314655304
733.707885742 10.327056885 9.894927979 2429.109375000 22.890216827 25.213600159
695.715759277 7.249572754 7.445281982 2871.474609375 23.459251404 25.273767471
654.968017578 3.912384033 4.040374756 3367.600097656 27.293354034 22.455776215
611.462158203 0.790985107 -1.971588135 3923.969726562 35.346878052 21.324001312
565.660644531 -3.276641846 -12.757781982 4533.376464844 45.098503113 22.380559921
521.221130371 -7.859375000 -19.619781494 5163.347167969 50.875743866 21.454513550
481.109924316 -12.162384033 -25.859283447 5779.726074219 54.861522675 22.291248322
445.093353271 -15.625762939 -32.457046509 6371.333007812 58.081600189 25.705308914
412.569946289 -19.039306641 -32.340744019 6940.582519531 54.911373138 27.763050079
382.992156982 -22.661117554 -31.284301758 7489.097167969 45.974861145 28.147851944
356.294219971 -25.931701660 -35.322525024 8015.745605469 39.961647034 30.701787949
332.172119141 -29.181991577 -40.038665771 8519.961914062 37.097423553 35.928867340
310.358947754 -32.812332153 -42.128921509 9001.215820312 34.630439758 41.538597107
290.682556152 -36.312774658 -43.044738770 9458.872070312 32.199684143 45.896541595
272.921020508 -39.685409546 -46.352493286 9896.366210938 30.138545990 48.262340546
256.362243652 -43.194869995 -50.719207764 10317.877929688 31.265422821 47.825820923
241.356582642 -46.606643677 -53.717437744 10722.231445312 34.604915619 45.775230408
227.574447632 -50.046035767 -56.311767578 11117.641601562 37.920673370 44.282077789
213.760025024 -53.562332153 -59.182418823 11523.480468750 39.573677063 43.391960144
199.928909302 -57.159454346 -62.061950684 11950.060546875 39.707931519 43.195755005
186.096832275 -60.771026611 -64.989410400 12399.889648438 40.528255463 43.917949677
172.264694214 -64.040191650 -69.865234375 12876.754882812 43.691673279 44.529983521
158.432632446 -66.142517090 -71.924774170 13387.038085938 50.339359283 43.451667786
144.607513428 -67.154098511 -71.968643188 13939.860351562 59.199203491 38.151447296
130.789337158 -67.852294922 -75.407638550 14545.780273438 65.570640564 29.254390717
116.971229553 -67.662002563 -79.583953857 15218.964843750 63.644599915 18.656995773
103.153167725 -65.690124512 -85.665527344 15966.269531250 47.180789948 11.816576004
90.315139771 -60.950027466 -90.095611572 16753.375000000 23.596227646 14.979297638
80.025123596 -59.051757812 -87.601196289 17512.289062500 10.557630539 8.909421921
71.646102905 -60.448532104 -88.994140625 18226.714843750 0.905786216 1.905615449
63.855087280 -62.058486938 -89.405258179 18942.212890625 -5.976963520 6.685463428
56.554073334 -61.384017944 -90.756866455 19691.625000000 -7.870725632 8.791645050
49.792060852 -60.618927002 -92.140380859 20482.949218750 -9.767728806 0.506169319
43.520050049 -59.820755005 -92.796295166 21324.976562500 -12.712244034 -5.118150711
37.640041351 -57.427169800 -93.067535400 22236.695312500 -14.911707878 -2.936449528
32.152030945 -54.581130981 -93.348785400 23238.898437500 -17.512332916 2.476863146
27.056020737 -52.714645386 -93.509613037 24351.621093750 -16.758039474 2.383920431
22.303007126 -51.137207031 -93.410202026 25621.333984375 -12.064909935 -2.415991068
