961.588256836 30.125885010 21.181152344 0.000000000 -2.024245262 12.857329369
958.725158691 29.569610596 20.824920654 30.059783936 -2.296777248 14.772369385
953.482055664 29.037963867 20.622924805 82.418884277 -2.527945518 15.532114029
944.439819336 28.127288818 20.223541260 168.589447021 -2.614150524 16.174037933
931.149047852 26.866699219 19.587860107 293.492706299 -2.625306606 16.606542587
914.114685059 25.201507568 19.203277588 455.772064209 -2.282006264 17.095455170
893.828918457 23.164886475 19.418121338 649.679931641 -1.618651748 17.473882675
871.718200684 21.128906250 19.045349121 868.341186523 0.380487621 18.373664856
847.814392090 19.105957031 17.553161621 1111.699829102 5.305189133 19.383241653
821.222839355 16.859710693 15.707397461 1385.925415039 9.306767464 20.333694458
791.949768066 14.510131836 13.726409912 1695.469604492 13.287850380 21.059450150
760.046081543 11.803680420 8.692840576 2042.674682617 14.729702950 21.298770905
725.551391602 10.490814209 2.363250732 2431.634765625 18.330312729 26.191276550
688.480224609 10.449523926 -12.952514648 2869.225830078 21.730701447 35.020122528
648.764709473 6.895843506 -15.560150146 3361.303955078 26.989419937 39.444316864
606.300720215 2.601531982 -23.598220825 3912.385009766 34.058528900 36.932991028
561.474792480 -2.097625732 -26.656738281 4515.755371094 37.433280945 34.886692047
517.877014160 -6.509857178 -32.082244873 5140.430175781 37.798412323 34.642257690
478.462066650 -10.749359131 -35.744781494 5752.653808594 38.735946655 33.905738831
443.013214111 -15.440063477 -40.079345703 6339.502441406 41.454425812 34.132789612
410.956604004 -20.290954590 -43.394424438 6901.742675781 44.989757538 35.148254395
381.763122559 -25.136779785 -46.044174194 7440.918945312 49.090141296 36.449871063
355.372344971 -29.523406982 -48.647537231 7956.529785156 53.267242432 37.948806763
331.489440918 -33.325851440 -51.268325806 8448.904296875 55.385219574 38.988182068
309.860748291 -36.398925781 -54.080078125 8919.269531250 53.787410736 39.077602386
290.324615479 -39.189071655 -56.938491821 9368.037109375 48.807975769 38.423110962
272.667510986 -42.099319458 -59.747253418 9798.482421875 43.803466797 36.850528717
256.185455322 -45.174133301 -62.418685913 10214.349609375 42.711849213 34.448234558
241.236053467 -47.906967163 -64.545883179 10614.513671875 45.568752289 31.661579132
227.490798950 -50.504013062 -65.551376343 11007.574218750 48.295989990 28.911067963
213.697067261 -53.457077026 -65.749694824 11412.536132812 48.847183228 26.349479675
199.880279541 -56.608673096 -66.527008057 11839.420898438 49.365352631 23.996301651
186.061950684 -59.516906738 -68.331008911 12290.759765625 50.580322266 22.962953568
172.243713379 -61.842544556 -70.643035889 12771.142578125 51.877994537 23.847545624
158.425491333 -63.603027344 -73.159973145 13286.841796875 53.563831329 24.557422638
144.607345581 -64.678237915 -76.035217285 13846.051757812 54.565746307 24.092269897
130.789260864 -65.571899414 -79.600585938 14458.796875000 52.187191010 23.206512451
116.971191406 -66.691513062 -83.733581543 15137.146484375 46.687664032 22.084640503
103.153152466 -67.398223877 -87.978607178 15882.906250000 40.032211304 18.492507935
90.315139771 -66.718429565 -90.478927612 16655.939453125 32.331573486 12.007486343
80.025123596 -65.011856079 -90.201461792 17393.960937500 21.470058441 4.971263409
71.646110535 -62.253540039 -89.186721802 18095.382812500 0.942278206 18.293506622
63.855098724 -62.168273926 -89.543426514 18807.697265625 0.065490849 17.087535858
56.554080963 -62.518005371 -90.196197510 19554.916015625 -4.342545033 12.048097610
49.792068481 -61.616363525 -90.957916260 20342.273437500 -9.890885353 7.492422104
43.520057678 -60.393981934 -91.680480957 21181.179687500 -12.756816864 5.319336414
37.640048981 -58.501754761 -91.912048340 22089.380859375 -14.079558372 5.096144199
32.152034760 -56.445510864 -91.931091309 23084.751953125 -14.880464554 4.447916508
27.056022644 -54.416397095 -92.040618896 24188.421875000 -12.664705276 2.309379339
22.303007126 -52.782257080 -92.119247437 25448.339843750 -10.975746155 2.530432224
