969.286376953 30.697052002 22.182586670 0.000000000 -5.128783703 13.696908951
966.397705078 30.140380859 21.937164307 30.161102295 -6.435203075 17.717540741
961.103515625 29.557281494 21.810760498 82.783508301 -7.286465168 19.991783142
951.967590332 28.698303223 21.519989014 169.365325928 -7.721406460 22.064901352
938.532104492 27.445922852 20.987609863 294.940887451 -7.697666645 23.761974335
921.310180664 25.903625488 20.486175537 458.234832764 -7.192470551 25.213373184
900.786865234 24.071655273 20.043090820 653.450073242 -6.185541153 26.496736526
878.420532227 22.233215332 19.118316650 873.713134766 -3.312931061 28.042995453
854.234436035 20.422241211 17.312774658 1119.071166992 1.941390038 28.221202850
827.316650391 18.536102295 14.818420410 1395.854492188 7.071684837 27.032987595
797.698608398 16.443450928 11.356170654 1708.554931641 11.799090385 25.984045029
765.408203125 13.913726807 6.230529785 2059.731689453 16.066043854 26.127201080
730.468994141 11.826385498 -0.743774414 2453.034423828 22.679225922 27.189771652
692.895751953 10.176422119 -17.006927490 2894.100097656 30.687595367 28.572502136
652.649353027 7.931182861 0.000000000 3390.048583984 34.928943634 26.944154739
609.628967285 4.558380127 -57.751937866 3947.865722656 35.127246857 26.962162018
564.205261230 -0.289672852 -35.793853760 4559.915527344 35.589496613 27.990190506
520.045410156 -5.580352783 -37.575592041 5192.791503906 40.095535278 25.212598801
480.154479980 -10.525848389 -39.765426636 5811.253417969 45.608467102 24.222414017
444.312316895 -15.582061768 -42.399963379 6402.689941406 49.512489319 24.917215347
411.935546875 -20.522445679 -45.939773560 6968.658691406 51.496868134 25.477699280
382.483978271 -25.241485596 -49.798156738 7511.017089844 53.409214020 25.455194473
355.890899658 -29.382949829 -52.618957520 8029.761230469 55.953708649 25.796247482
331.850494385 -32.815414429 -54.180007935 8525.440429688 58.994144440 26.685750961
310.102386475 -35.870544434 -55.914337158 8998.967773438 61.792991638 27.055582047
290.478149414 -39.038116455 -58.296752930 9450.089843750 63.039730072 27.084352493
272.757781982 -42.225906372 -61.410537720 9881.914062500 62.263694763 27.094112396
256.231811523 -45.289199829 -65.070281982 10298.570312500 59.894588470 26.930709839
241.254837036 -48.084564209 -67.981842041 10699.129882812 56.346706390 26.001113892
227.495544434 -50.735733032 -68.659545898 11092.201171875 52.480358124 24.257360458
213.697143555 -53.449615479 -67.844848633 11497.086914062 49.943572998 23.275709152
199.880142212 -56.200836182 -67.777557373 11924.363281250 49.835594177 24.314456940
186.061874390 -58.848861694 -69.009887695 12376.855468750 51.771553040 27.012329102
172.243652344 -61.483230591 -71.136779785 12858.371093750 53.771114349 29.025691986
158.425476074 -63.764541626 -73.858963013 13374.248046875 54.565563202 28.746450424
144.607345581 -65.140945435 -77.093978882 13932.648437500 53.642208099 26.177209854
130.789260864 -65.852172852 -80.639007568 14544.382812500 50.626811981 22.394786835
116.971221924 -66.974624634 -83.869384766 15221.826171875 45.288993835 17.558378220
103.153175354 -68.057586670 -86.686859131 15965.917968750 36.066970825 11.723496437
90.315155029 -67.260635376 -89.241241455 16736.753906250 23.274732590 7.742313385
80.025138855 -65.193069458 -89.731048584 17473.427734375 7.044098377 6.681231022
71.646118164 -64.708358765 -88.930603027 18170.361328125 2.868887901 10.949014664
63.855102539 -63.137695312 -88.867919922 18876.910156250 1.136272192 9.603896141
56.554088593 -62.139282227 -89.755737305 19623.064453125 -4.019471645 6.875211239
49.792068481 -61.189407349 -90.912841797 20411.919921875 -9.228219032 4.179534435
43.520057678 -59.900314331 -91.656921387 21252.759765625 -12.490745544 1.831061482
37.640048981 -58.154022217 -92.063934326 22162.703125000 -15.006618500 -0.279355705
32.152034760 -56.108825684 -92.364715576 23159.529296875 -16.382801056 -0.576732159
27.056022644 -53.446945190 -92.351806641 24266.572265625 -14.963308334 0.592411578
22.303007126 -50.595092773 -92.019866943 25535.972656250 -9.758130074 0.064786412
