984.999145508 28.559326172 22.078002930 0.000000000 -2.935212851 11.080329895
982.060058594 28.446136475 21.737762451 29.913986206 -3.959882975 16.081541061
976.689514160 27.940551758 21.475830078 82.201141357 -4.678992271 18.905292511
967.409790039 27.156799316 21.052886963 168.243865967 -5.087271690 22.659894943
953.762329102 26.066650391 20.372863770 293.161956787 -4.539950371 26.999813080
936.244140625 24.622894287 19.736755371 455.794525146 -3.546345949 30.870731354
915.347595215 22.824310303 19.229003906 650.474609375 -2.081136465 33.838615417
892.548278809 20.884979248 18.528137207 870.392944336 0.073176682 36.991897583
867.853576660 18.921417236 17.654357910 1115.765380859 3.871327400 40.164310455
840.327270508 17.498840332 14.238342285 1393.150024414 9.888162613 41.465503693
810.008911133 15.267791748 12.074127197 1707.279418945 17.450380325 39.956165314
776.877746582 13.538360596 9.545593262 2061.441406250 21.552715302 36.915756226
740.973693848 11.865539551 4.044891357 2459.971923828 20.688346863 35.575405121
702.315307617 9.890045166 -1.988006592 2908.086914062 19.861740112 38.991622925
660.860168457 6.719787598 -5.014007568 3411.907470703 23.960390091 44.161998749
616.569152832 2.942962646 -9.208587646 3977.587158203 30.032669067 46.339908600
569.891357422 -2.301391602 -14.781433105 4596.818847656 37.245704651 42.977851868
524.564697266 -7.746643066 -10.847656250 5236.236816406 44.546466827 38.116249084
483.669403076 -11.439880371 -13.686157227 5862.437988281 49.723907471 31.267107010
447.003906250 -16.399078369 -18.217636108 6462.262207031 50.044086456 28.787916183
413.953094482 -20.008285522 -22.709548950 7036.983886719 46.751621246 30.961549759
383.961914062 -23.548263550 -28.900222778 7589.691894531 45.278873444 34.356567383
356.952423096 -27.752944946 -32.740371704 8118.535644531 46.749206543 36.159217834
332.593292236 -31.870712280 -35.763977051 8622.293945312 49.698043823 37.088977814
310.606842041 -35.057327271 -38.536865234 9102.024414062 49.291061401 36.935951233
290.808868408 -37.466171265 -41.342773438 9558.983398438 40.953346252 36.503810883
272.963348389 -40.857437134 -45.181961060 9996.252929688 33.321468353 36.479396820
256.348815918 -44.213485718 -48.742248535 10417.174804688 31.511377335 35.223609924
241.313598633 -47.465866089 -52.119888306 10820.717773438 32.427085876 34.746276855
227.521148682 -50.686798096 -55.248550415 11215.231445312 34.954910278 33.523456573
213.707427979 -54.006805420 -58.429794312 11620.161132812 38.670101166 30.682346344
199.884780884 -57.452560425 -61.780044556 12045.881835938 43.170787811 27.974767685
186.063613892 -61.044647217 -65.355163574 12494.822265625 47.267360687 25.592775345
172.244216919 -64.274642944 -68.653656006 12970.761718750 48.829177856 25.954116821
158.425765991 -65.598770142 -69.856216431 13481.094726562 52.716175079 28.785928726
144.607498169 -66.488922119 -71.159896851 14035.254882812 59.388347626 28.999998093
130.789291382 -67.226303101 -74.988281250 14643.025390625 62.324031830 27.556224823
116.971191406 -66.807617188 -82.082427979 15318.722656250 58.311317444 18.648185730
103.153152466 -64.793945312 -87.978775024 16069.297851562 37.980045319 6.290429115
90.315139771 -64.015167236 -91.094284058 16852.398437500 10.778472900 8.029651642
80.025123596 -64.115539551 -89.755538940 17596.957031250 8.483226776 16.718557358
71.646110535 -63.072540283 -88.782928467 18298.394531250 9.220358849 16.817222595
63.855091095 -62.002136230 -89.389526367 19009.664062500 2.386322975 8.610096931
56.554080963 -62.135131836 -90.606506348 19757.902343750 -4.857204914 5.427383900
49.792068481 -61.422576904 -91.915557861 20546.375000000 -10.256842613 5.666683674
43.520057678 -59.832977295 -92.641204834 21386.810546875 -13.080760002 3.856508970
37.640045166 -57.978408813 -92.827926636 22297.210937500 -15.348110199 1.238193870
32.152034760 -56.219665527 -92.828948975 23294.203125000 -17.357526779 0.362950712
27.056020737 -54.313491821 -92.889892578 24398.730468750 -16.729564667 1.385794878
22.303007126 -52.079727173 -93.066375732 25661.138671875 -13.679453850 1.196247101
