976.919189453 22.185302734 20.166442871 0.000000000 -5.353784561 9.970876694
974.015869141 22.073516846 20.206146240 29.210449219 -6.485759735 11.940461159
968.693176270 21.949920654 20.405822754 80.247924805 -6.236201763 13.012806892
959.512023926 21.856933594 20.677673340 164.501708984 -3.398183346 14.743947029
945.997680664 22.024627686 20.793579102 287.330505371 1.238508940 19.098718643
928.652648926 22.233337402 20.589294434 448.006469727 5.840739250 25.417324066
907.970153809 21.942138672 19.970855713 641.332946777 8.964980125 32.421470642
885.398254395 20.452239990 20.637847900 860.491638184 10.675379753 38.104225159
860.967590332 19.036529541 19.212982178 1105.355957031 14.049678802 38.576507568
833.756164551 17.725433350 16.320098877 1382.205322266 17.909471512 30.965427399
803.810180664 15.870147705 13.550079346 1695.562500000 17.014503479 24.143634796
771.132507324 14.232727051 9.356384277 2048.461669922 17.504468918 19.169588089
735.755310059 12.723785400 4.274200439 2445.163818359 21.219495773 15.424022675
697.686096191 11.152008057 -4.122985840 2891.036376953 22.625406265 15.899972916
656.886718750 6.802215576 -8.175262451 3391.156738281 25.026018143 19.758779526
613.243469238 1.809417725 -6.220092773 3950.712158203 30.738590240 14.946892738
567.155700684 -2.279846191 -6.045837402 4564.423339844 41.125812531 9.894061089
522.368530273 -6.597625732 -9.576782227 5200.902832031 54.176475525 12.099390984
481.962585449 -10.872833252 -14.345520020 5824.234375000 62.707241058 16.613742828
445.700164795 -14.900787354 -19.876235962 6421.626953125 69.178031921 16.345558167
412.986358643 -18.524856567 -23.892776489 6995.289062500 75.508323669 14.118091583
383.276947021 -22.494079590 -25.723281860 7546.804687500 74.986206055 12.774809837
356.477661133 -26.422607422 -29.526855469 8074.954101562 67.317855835 14.661690712
332.277496338 -30.492111206 -33.685867310 8578.784179688 59.627967834 17.480094910
310.406494141 -34.538406372 -37.926956177 9058.285156250 56.817333221 19.369884491
290.689331055 -38.035842896 -41.795059204 9513.516601562 56.510139465 20.415519714
272.901580811 -40.874588013 -44.844238281 9948.969726562 53.391300201 20.125726700
256.328063965 -43.386810303 -47.429992676 10369.600585938 46.997383118 19.048257828
241.319625854 -46.142517090 -50.094787598 10774.360351562 41.154914856 18.221286774
227.541793823 -49.183700562 -53.205200195 11170.981445312 37.865520477 17.299255371
213.733276367 -52.725036621 -56.830764771 11578.219726562 36.570602417 17.860761642
199.910461426 -56.512680054 -60.721771240 12005.969726562 38.472141266 21.105554581
186.086898804 -60.422073364 -64.673599243 12456.467773438 44.244930267 25.600494385
172.263168335 -64.387115479 -68.639617920 12933.002929688 51.699966431 28.730627060
158.439559937 -67.904953003 -72.134094238 13440.394531250 58.689620972 28.717145920
144.616073608 -70.322753906 -74.570434570 13986.397460938 63.775478363 23.970794678
130.792312622 -70.063720703 -75.747192383 14584.522460938 66.193519592 16.183374405
116.971267700 -67.203521729 -79.303680420 15255.189453125 58.900592804 7.936405659
103.153205872 -63.889923096 -85.243682861 16006.738281250 34.692623138 8.800399780
90.315162659 -63.515075684 -85.622116089 16792.359375000 14.073803902 13.666707039
80.025138855 -63.182556152 -84.861267090 17539.384765625 8.393192291 8.407156944
71.646102905 -61.638992310 -86.553527832 18244.859375000 -0.424526364 2.848544359
63.855083466 -61.450485229 -89.100708008 18959.460937500 -6.002151012 1.757047772
56.554073334 -60.779403687 -92.265869141 19711.062500000 -8.982686996 3.005336523
49.792060852 -60.619247437 -92.289566040 20503.433593750 -11.181962013 0.800366521
43.520050049 -59.650695801 -92.539154053 21345.828125000 -11.119800568 0.200270057
37.640041351 -57.424346924 -92.980880737 22257.832031250 -11.932510376 2.212430477
32.152030945 -55.399566650 -93.311767578 23257.880859375 -14.765213966 2.572892427
27.056020737 -54.136703491 -93.597076416 24364.744140625 -16.142221451 -0.500654280
22.303007126 -52.576187134 -93.548950195 25626.199218750 -16.516878128 -1.833006024
