974.503112793 27.684326172 22.304199219 0.000000000 0.830985665 1.239617586
971.604064941 27.883636475 21.793090820 29.820220947 1.628669739 4.904435635
966.297485352 27.628051758 21.484466553 81.951141357 1.517012000 8.700109482
957.137756348 26.969299316 21.179718018 167.775115967 0.865751684 14.277065277
943.658386230 25.816650391 20.692291260 292.380706787 0.684131742 19.953376770
926.372131348 24.247894287 20.213195801 454.419525146 1.070284605 24.917709351
905.763610840 22.199310303 19.770294189 648.193359375 1.806552410 28.979005814
883.268310547 20.072479248 19.044616699 866.955444336 2.745962858 32.010795593
858.933593750 18.046417236 17.628997803 1110.546630859 3.992817640 35.061721802
831.871276855 17.123840332 13.867614746 1385.650024414 5.514512062 37.577816010
802.040954590 15.955291748 14.906066895 1698.185668945 8.703079224 39.227222443
769.437744141 13.725860596 12.784301758 2051.035156250 13.655847549 39.710033417
734.125610352 11.178039551 8.118621826 2447.003173828 19.351953506 37.154781342
696.103271484 8.765045166 5.775390625 2891.086914062 24.113899231 32.188167572
655.328125000 6.094787598 3.153564453 3390.501220703 27.119136810 30.798067093
611.745178223 3.067962646 2.182495117 3952.430908203 30.032669067 33.583431244
565.799377441 -0.988891602 -4.220275879 4569.225097656 33.479507446 35.688434601
521.234680176 -6.121643066 -10.006042480 5206.455566406 38.350463867 34.350048065
481.040618896 -11.189880371 -15.042877197 5828.000488281 41.584060669 30.052204132
444.971923828 -16.461578369 -20.087097168 6421.199707031 41.175296783 25.750659943
412.425079346 -21.070785522 -25.929153442 6988.202636719 39.097736359 24.279584885
382.848266602 -24.923263550 -32.578689575 7532.348144531 38.353927612 26.824169159
356.162811279 -28.440444946 -39.727340698 8053.879394531 39.702770233 31.299608231
332.054870605 -32.183212280 -45.666107178 8552.231445312 41.922664642 34.416191101
310.256439209 -36.244827271 -46.869125366 9026.899414062 44.917411804 35.235088348
290.593994141 -40.153671265 -45.766769409 9477.358398438 47.513820648 35.045925140
272.845520020 -43.607437134 -47.369964600 9907.440429688 48.993713379 36.114929199
256.299652100 -46.338485718 -50.473785400 10322.331054688 48.398525238 39.718750000
241.310241699 -48.840866089 -56.378173828 10721.592773438 46.519958496 43.979537964
227.544692993 -51.436798096 -61.471374512 11113.481445312 44.066684723 46.644405365
213.744079590 -54.444305420 -62.525634766 11516.848632812 41.464378357 45.868629456
199.926620483 -57.702560425 -61.877395630 11941.694335938 39.769062042 41.338699341
186.101135254 -60.919647217 -65.164794922 12390.572265625 40.342414856 35.311996460
172.268783569 -64.587142944 -68.820373535 12866.542968750 41.661251068 31.542669296
158.437667847 -67.348770142 -71.616149902 13374.657226562 46.277191162 33.281070709
144.610519409 -67.988922119 -72.240905762 13924.723632812 56.108108521 35.196002960
130.789260864 -67.476303101 -76.307495117 14530.119140625 64.267875671 33.144779205
116.971191406 -66.120117188 -83.488739014 15206.566406250 64.021354675 23.629287720
103.153144836 -63.106445312 -88.430343628 15961.422851562 44.419029236 9.935137749
90.315139771 -60.952667236 -89.614746094 16753.335937500 7.255254745 6.936239243
80.025123596 -64.865539551 -90.969085693 17502.269531250 2.773183823 13.681300163
71.646110535 -64.135040283 -89.576873779 18200.707031250 9.098868370 17.546165466
63.855098724 -61.689636230 -89.088195801 18910.695312500 2.872283936 10.310960770
56.554080963 -62.572631836 -90.317092896 19658.652343750 -4.857204914 7.006757259
49.792068481 -60.985076904 -91.603302002 20447.062500000 -8.798959732 6.881586552
43.520057678 -59.832977295 -92.378814697 21288.310546875 -12.959269524 3.127567291
37.640045166 -58.415908813 -92.622238159 22197.867187500 -15.469599724 1.116703629
32.152034760 -56.219665527 -92.720367432 23193.890625000 -17.114545822 0.362950712
27.056020737 -54.125991821 -92.801605225 24298.824218750 -16.972545624 0.535362899
22.303007126 -51.829727173 -92.947479248 25562.513671875 -13.800944328 0.345815182
