981.557189941 21.182952881 20.804016113 0.000000000 -1.728856206 -14.131976128
978.638610840 21.031646729 20.737396240 29.108093262 -2.471508503 -16.189596176
973.301696777 21.400909424 20.425567627 80.017303467 -2.964332342 -16.705904007
964.083374023 21.754974365 20.044708252 164.076416016 -4.662126541 -13.416089058
950.516967773 21.931701660 19.643737793 286.668212891 -7.128655434 2.290644884
933.109741211 21.792114258 18.983520508 446.857971191 -7.305351734 26.625234604
912.354614258 21.646911621 18.230773926 639.473266602 -3.532590866 45.580780029
889.716430664 20.781311035 17.788421631 858.020019531 1.554106355 53.729885101
865.193298340 19.097961426 17.345214844 1102.472534180 9.704554558 55.629779816
837.841430664 17.031036377 16.404052734 1378.962646484 15.647219658 50.696678162
807.683898926 15.194793701 14.662536621 1692.288574219 12.213658333 39.435420990
774.741638184 13.414215088 12.807495117 2045.951660156 5.124199390 25.961843491
739.006042480 11.120300293 10.490814209 2443.840576172 1.767467022 13.414075851
700.502502441 8.543182373 7.221832275 2890.607177734 0.527953267 8.563944817
659.233520508 5.121887207 2.159088135 3391.982666016 -0.092170663 7.893835068
615.125427246 1.049468994 1.228546143 3954.260986328 5.763054371 9.716085434
568.589477539 -2.470886230 -2.301849365 4571.737304688 20.076883316 10.104625702
523.455993652 -6.636230469 -6.723388672 5211.886718750 32.741668701 10.186659813
482.787902832 -11.449615479 -12.674530029 5837.680664062 39.228652954 11.872567177
446.330505371 -16.239746094 -18.086395264 6435.394531250 41.623538971 15.021712303
413.465515137 -20.228958130 -22.691955566 7007.715820312 43.787750244 17.364774704
383.625946045 -23.483169556 -26.516082764 7558.127929688 50.018642426 18.752964020
356.727539062 -26.697891235 -30.310546875 8086.464843750 62.190147400 19.052143097
332.450561523 -30.250991821 -34.635574341 8591.605468750 70.060447693 16.705810547
310.520782471 -33.278991699 -38.381225586 9073.674804688 68.337097168 10.063293457
290.759460449 -35.745132446 -40.980377197 9533.193359375 62.661472321 5.179509163
272.937500000 -38.336547852 -43.501571655 9973.898437500 57.537853241 4.338035107
256.337829590 -41.436904907 -46.478485107 10399.282226562 52.615642548 6.739180565
241.312789917 -44.576049805 -49.518081665 10807.679687500 47.713268280 10.315091133
227.525894165 -47.755004883 -52.475158691 11207.236328125 44.256023407 12.013226509
213.713241577 -51.005767822 -55.419052124 11617.515625000 39.649478912 12.253745079
199.888946533 -54.393371582 -58.501617432 12049.201171875 33.982040405 12.880935669
186.066970825 -58.269531250 -62.494430542 12504.240234375 30.173101425 15.074004173
172.247573853 -62.562759399 -66.804107666 12985.132812500 33.489818573 16.695703506
158.428375244 -66.927383423 -71.170288086 13495.795898438 41.216083527 16.077114105
144.609375000 -70.073104858 -74.251541138 14043.283203125 55.822593689 15.656629562
130.790634155 -69.384826660 -73.587036133 14642.761718750 63.062122345 14.643745422
116.972023010 -65.222335815 -69.492599487 15317.827148438 47.830825806 10.256667137
103.153488159 -64.604171753 -69.459747314 16071.363281250 31.421960831 10.169078827
90.315223694 -64.554779053 -81.397430420 16853.744140625 23.805007935 13.137678146
80.025177002 -64.121551514 -85.752517700 17597.275390625 16.298135757 10.703945160
71.646133423 -63.068939209 -81.680816650 18298.753906250 3.415139914 4.002686977
63.855087280 -62.352813721 -85.512969971 19009.482421875 -6.411087036 4.449744701
56.554073334 -62.135375977 -92.373016357 19757.046875000 -9.885173798 5.743906498
49.792064667 -61.897048950 -92.550445557 20544.533203125 -11.668765068 2.461560965
43.520053864 -61.108032227 -92.216751099 21381.503906250 -14.437898636 -0.337980121
37.640045166 -58.936187744 -92.824737549 22287.316406250 -15.256261826 -0.408735752
32.152030945 -55.904083252 -93.231552124 23283.076171875 -13.543745041 -3.007997513
27.056020737 -53.704086304 -93.528991699 24390.003906250 -13.458051682 -5.977593899
22.303007126 -52.266784668 -93.547485352 25653.632812500 -15.120037079 -4.864864826
