971.935852051 29.390533447 21.893859863 0.000000000 -2.391484022 10.965170860
969.039062500 28.972869873 21.420471191 29.990264893 -3.193524361 15.324577332
963.744689941 28.358703613 21.133514404 82.282073975 -3.749195576 18.772150040
954.600463867 27.513397217 20.723449707 168.291259766 -3.762353897 22.781209946
941.156799316 26.326965332 20.150787354 293.098876953 -3.263067722 26.519323349
923.910339355 24.787506104 19.573425293 455.369262695 -2.315389395 29.651124954
903.369323730 22.990997314 19.058868408 649.444946289 -0.993574560 32.092941284
880.967956543 21.005615234 18.556121826 868.438476562 0.409848005 34.013801575
856.737365723 18.764953613 17.753997803 1112.335693359 2.259430647 36.493949890
829.766418457 17.141326904 13.866241455 1387.450439453 4.847836018 38.206764221
800.071044922 15.153503418 11.969146729 1698.675781250 10.117977142 37.099224091
767.630615234 12.676971436 12.154632568 2049.423828125 16.326887131 32.051425934
732.428527832 10.200469971 9.768829346 2443.540527344 20.067544937 28.137598038
694.523498535 8.194488525 5.378112793 2886.029296875 23.750440598 29.572864532
653.924011230 6.240936279 -1.518737793 3383.603759766 26.503759384 37.286853790
610.594360352 2.752899170 -6.701171875 3942.455566406 29.032928467 42.365642548
564.902099609 -1.958648682 -10.853607178 4554.675292969 35.068622589 40.863830566
520.535339355 -7.736938477 -17.023193359 5186.146972656 40.126811981 37.357814789
480.502502441 -12.819244385 -26.898651123 5801.536621094 43.595165253 35.156665802
444.569091797 -16.238739014 -38.365829468 6390.955078125 47.497032166 35.332698822
412.128997803 -19.787155151 -48.207977295 6957.874511719 51.161895752 36.711166382
382.628295898 -24.128906250 -51.213378906 7502.930175781 55.479049683 36.572586060
355.994842529 -28.252532959 -48.300048828 8024.594238281 57.980808258 34.942810059
331.922821045 -31.365921021 -50.033737183 8523.384765625 53.530612946 33.695770264
310.151092529 -34.051986694 -57.904479980 9000.619140625 44.162815094 34.323806763
290.509857178 -37.074096680 -60.776580811 9455.742187500 35.825824738 35.024703979
272.777313232 -40.475296021 -58.624450684 9891.289062500 31.373069763 33.865489960
256.242401123 -43.999420166 -59.026702881 10310.873046875 30.394309998 32.017002106
241.259765625 -47.378585815 -63.855911255 10713.380859375 31.806739807 30.918207169
227.497573853 -50.552185059 -65.346862793 11107.314453125 34.971477509 30.076229095
213.698120117 -53.783004761 -64.098037720 11512.125000000 38.209609985 29.239545822
199.880813599 -57.250488281 -64.180191040 11938.103515625 39.623474121 28.230457306
186.062423706 -60.850234985 -66.450942993 12387.359375000 40.292884827 26.960252762
172.244094849 -63.642639160 -68.896423340 12864.140625000 42.383647919 28.005569458
158.425842285 -65.015518188 -70.158477783 13375.927734375 47.933937073 30.901256561
144.607574463 -65.785659790 -71.163803101 13931.824218750 53.355579376 32.046188354
130.789352417 -66.754669189 -73.217498779 14541.300781250 55.649383545 30.321657181
116.971221924 -67.405715942 -79.187011719 15216.617187500 55.085369110 24.891403198
103.153152466 -66.477081299 -87.621337891 15962.839843750 48.574878693 13.478494644
90.315139771 -63.376358032 -90.804519653 16743.875000000 27.878555298 5.259615421
80.025123596 -62.285675049 -89.627929688 17492.816406250 2.877630472 8.761757851
71.646110535 -63.199920654 -89.013000488 18197.207031250 1.943851829 16.475513458
63.855098724 -62.717773438 -89.410415649 18907.042968750 3.177298069 15.492300987
56.554080963 -61.176696777 -90.718994141 19655.775390625 -1.608162999 6.079990864
49.792068481 -60.932235718 -91.998077393 20446.796875000 -8.710546494 -0.127118394
43.520057678 -60.341979980 -92.474884033 21287.097656250 -14.339804649 -0.391426861
37.640048981 -59.093963623 -92.488983154 22194.074218750 -16.075962067 1.324298859
32.152034760 -57.305740356 -92.468200684 23186.050781250 -15.693755150 1.102079034
27.056022644 -55.270156860 -92.547042847 24285.462890625 -15.428004265 0.995226264
22.303007126 -52.637649536 -92.681259155 25543.730468750 -14.217532158 2.779726028
