979.662353516 22.119995117 19.520263672 0.000000000 -4.391839504 -10.732662201
976.759582520 21.876464844 19.691864014 29.099441528 -6.657013416 -14.683594704
971.430236816 21.448974609 20.146759033 80.008834839 -8.789062500 -17.374410629
962.235168457 20.940124512 20.811584473 163.924850464 -11.688211441 -17.660923004
948.699218750 20.596679688 20.697357178 286.104553223 -16.823358536 -8.834880829
931.310241699 21.234588623 21.393737793 446.111877441 -17.653951645 -0.552942395
910.562133789 22.113555908 22.231018066 639.460937500 -14.307082176 5.723746300
887.910095215 21.384735107 21.362854004 859.352111816 -11.196340561 13.674775124
863.408203125 19.535858154 19.703033447 1104.909790039 -10.389491081 23.947076797
836.119934082 17.363006592 17.586456299 1381.980590820 -7.129152298 30.995815277
806.059387207 15.202789307 15.413024902 1695.290405273 -4.872346878 28.343561172
773.237426758 13.528076172 13.170928955 2048.443603516 -1.576741219 20.282789230
737.669982910 11.826232910 9.760040283 2445.945312500 4.357017517 14.215292931
699.328308105 9.157867432 7.978881836 2892.622802734 10.650108337 11.827965736
658.218139648 6.325836182 3.323974609 3394.670166016 12.899206161 14.799516678
614.265563965 2.502685547 2.709381104 3958.762695312 17.447587967 28.210300446
567.885070801 -2.096954346 -1.919647217 4577.189941406 25.341104507 41.752613068
522.897521973 -6.809417725 -6.933349609 5216.276367188 33.597965240 47.472576141
482.362182617 -11.006042480 -12.246490479 5840.863281250 45.024898529 49.992420197
446.028198242 -15.041168213 -19.271789551 6438.861816406 57.301139832 50.226367950
413.263977051 -18.948608398 -23.490676880 7012.490722656 64.930236816 48.304405212
383.498016357 -22.832015991 -25.805969238 7563.898925781 63.909530640 46.162124634
356.652038574 -26.462966919 -29.216934204 8092.291503906 57.398002625 42.833656311
332.410522461 -29.670196533 -32.675979614 8597.594726562 51.627895355 37.867031097
310.504150391 -32.410400391 -35.573974609 9080.645507812 49.390018463 32.108150482
290.757202148 -35.236633301 -38.583831787 9541.283203125 50.302417755 27.648084641
272.945098877 -38.317520142 -41.862869263 9982.292968750 52.727714539 24.283906937
256.351409912 -41.744323730 -45.455200195 10407.271484375 55.439571381 21.452777863
241.328247070 -45.228897095 -49.082748413 10814.711914062 57.307937622 18.939670563
227.540100098 -48.644149780 -52.638519287 11212.890625000 59.104358673 16.763078690
213.724197388 -52.323913574 -56.425750732 11621.240234375 61.318798065 14.332144737
199.896972656 -56.254287720 -60.461624146 12049.786132812 64.760803223 11.318379402
186.071548462 -60.369445801 -64.592224121 12500.728515625 69.595542908 7.972992420
172.248123169 -63.885391235 -68.127502441 12977.945312500 71.151733398 9.088784218
158.427047729 -66.244567871 -70.496383667 13487.965820312 63.317901611 20.148321152
144.607940674 -68.243682861 -72.496002197 14038.859375000 54.089771271 31.411931992
130.789672852 -68.352752686 -74.801757812 14642.375000000 56.513374329 28.207084656
116.971511841 -66.560012817 -75.469146729 15316.697265625 52.677795410 13.625219345
103.153320312 -65.203582764 -75.000274658 16066.833007812 37.633617401 7.024561405
90.315185547 -64.226516724 -79.893829346 16848.662109375 18.883604050 10.935333252
80.025123596 -63.246063232 -85.825332642 17594.232421875 10.420772552 16.327543259
71.646102905 -61.559768677 -87.421997070 18299.646484375 5.839486122 6.012702942
63.855087280 -60.822540283 -90.193786621 19015.443359375 -4.521015644 3.429532766
56.554073334 -60.439926147 -91.887374878 19768.798828125 -8.249835968 4.392758846
49.792060852 -59.138412476 -91.859771729 20564.677734375 -9.679673195 1.218654871
43.520053864 -58.437789917 -92.644775391 21412.306640625 -14.045943260 -2.409699202
37.640045166 -57.698577881 -92.858825684 22326.218750000 -16.554603577 -1.811750412
32.152030945 -55.852416992 -92.767547607 23324.677734375 -15.016313553 0.741245270
27.056020737 -53.307296753 -92.870635986 24432.591796875 -12.892392159 0.800765097
22.303007126 -51.230621338 -93.140380859 25700.232421875 -11.703572273 -2.748864889
