970.942993164 24.125854492 22.067779541 0.000000000 -9.171626091 -1.973790646
968.056884766 23.883850098 22.054016113 29.485656738 -12.328930855 -0.735214889
962.760131836 23.501281738 22.345947266 81.022918701 -14.169363022 -1.400408268
953.614196777 23.007202148 22.657501221 165.940429688 -15.678140640 -0.498281419
940.152038574 22.547332764 22.668762207 289.450256348 -13.054127693 6.356676102
922.885253906 22.165740967 22.338897705 450.633605957 -6.515016079 16.416507721
902.323913574 21.975891113 20.890899658 644.173583984 2.975325346 25.553190231
879.931579590 20.402313232 19.353302002 863.000610352 5.864590168 33.456039429
855.722656250 18.592681885 17.986022949 1106.777221680 10.342671394 39.315822601
828.759826660 16.358917236 16.549499512 1381.835815430 14.838631630 39.776706696
799.065490723 14.489166260 13.499969482 1692.828613281 16.599407196 34.151878357
766.690795898 12.348693848 9.995574951 2042.709838867 17.854265213 30.304935455
731.619873047 9.702056885 6.457550049 2434.984375000 22.282766342 28.615327835
693.863769531 7.312072754 1.019256592 2874.537109375 27.832901001 27.825061798
653.411987305 4.662384033 -5.510742188 3368.006347656 31.545513153 26.829425812
610.222167969 1.728485107 -14.287872314 3922.219726562 34.253467560 28.613418579
564.700622559 -2.464141846 -24.184234619 4530.188964844 36.594181061 30.398920059
520.473144531 -6.734375000 -23.387680054 5160.034667969 37.511814117 28.136478424
480.505126953 -11.287384033 -19.563934326 5777.319824219 38.581825256 24.235094070
444.584533691 -16.125762939 -19.979400635 6368.739257812 41.680412292 20.967187881
412.126770020 -20.039306641 -24.507812500 6936.051269531 46.164073944 19.258729935
382.608154297 -24.036117554 -32.828659058 7481.472167969 50.470001221 19.036081314
355.970184326 -28.119201660 -43.586807251 8003.589355469 53.933029175 19.646173477
331.899291992 -32.181991577 -48.468902588 8501.743164062 55.320964813 20.864070892
310.128356934 -35.812332153 -50.213043213 8976.403320312 55.040805817 22.707603455
290.491668701 -38.625274658 -52.277847290 9428.278320312 53.824954987 25.850645065
272.766479492 -41.122909546 -54.717544556 9861.584960938 51.763816833 30.281778336
256.236938477 -43.944869995 -58.145355225 10280.471679688 48.031082153 33.004009247
241.257812500 -47.106643677 -60.984512329 10683.200195312 42.501785278 32.411296844
227.497268677 -50.233535767 -61.954605103 11077.641601562 37.191730499 29.824735641
213.698242188 -53.437332153 -62.134216309 11483.042968750 35.564498901 27.476734161
199.880874634 -56.534454346 -62.435058594 11909.998046875 38.007064819 26.187116623
186.062316895 -59.271026611 -64.060852051 12361.670898438 43.687004089 26.787820816
172.243927002 -61.352691650 -68.224609375 12842.879882812 52.195995331 28.371776581
158.425689697 -62.955017090 -72.227386475 13360.006835938 59.937091827 27.050479889
144.607498169 -64.091598511 -74.311065674 13920.891601562 63.208385468 21.264299393
130.789367676 -64.727294922 -77.422424316 14535.842773438 59.496124268 14.311085701
116.971282959 -65.599502563 -81.180236816 15217.371093750 49.794708252 6.629458427
103.153221130 -67.315124512 -84.888488770 15965.082031250 38.676471710 -0.089471541
90.315177917 -67.200027466 -82.246826172 16737.375000000 26.026033401 8.175842285
80.025138855 -62.989257812 -85.282775879 17477.914062500 10.557630539 25.189119339
71.646102905 -60.761032104 -88.120162964 18185.152343750 6.251358509 10.652915001
63.855087280 -62.245986938 -89.597442627 18899.837890625 -0.631391287 1.461381435
56.554073334 -60.884017944 -90.854339600 19649.875000000 -4.954959393 4.296504498
49.792060852 -59.868927002 -91.850219727 20443.511718750 -8.795805931 3.178955317
43.520053864 -58.070755005 -92.638671875 21290.539062500 -13.562675476 0.227421656
37.640045166 -57.052169800 -92.808837891 22206.695312500 -19.285358429 -3.300920248
32.152030945 -56.643630981 -92.883773804 23204.679687500 -20.549591064 -2.139767408
27.056020737 -54.839645386 -92.971069336 24306.652343750 -15.543136597 0.440075994
22.303007126 -52.012207031 -93.125305176 25568.021484375 -10.485536575 0.256795019
