982.430297852 22.369995117 20.046051025 0.000000000 -0.382660270 -0.891949534
979.511657715 22.251464844 20.122192383 29.224441528 -2.283363104 2.325043917
974.158264160 22.011474609 20.666107178 80.321334839 -3.929451227 3.400426388
964.915161133 22.002624512 21.446746826 164.737350464 -3.548362970 7.730545521
951.299194336 22.846679688 22.370147705 288.167053223 -1.515584588 12.911878586
933.790222168 23.359588623 22.835662842 450.143127441 0.812570035 16.212715149
912.906066895 22.551055908 22.601562500 645.117187500 4.645401478 20.059598923
890.126098633 21.072235107 21.228393555 865.758361816 9.457006454 25.702312469
865.488220215 19.098358154 19.267395020 1111.753540039 12.329190254 29.657119751
838.047973633 17.175506592 16.832672119 1389.355590820 14.496116638 27.715578079
807.811401367 15.077789307 14.263153076 1703.384155273 14.566097260 21.661596298
774.813415527 13.903076172 10.125885010 2057.443603516 13.974014282 20.525768280
739.077941895 12.326232910 5.195831299 2455.882812500 16.506046295 21.747690201
700.616271973 10.220367432 -2.084350586 2903.466552734 19.761878967 22.033147812
659.398132324 7.075836182 -8.375640869 3406.138916016 22.496938705 22.939365387
615.361511230 2.565185547 -11.247436523 3969.606445312 27.774261475 28.939241409
568.897094727 -2.596954346 -10.606414795 4586.346191406 35.546287537 33.126804352
523.757507324 -7.246917725 -11.942352295 5224.526367188 44.046127319 30.585430145
483.035766602 -11.006042480 -16.280792236 5849.957031250 52.435806274 27.395227432
446.524230957 -14.666168213 -23.494842529 6450.205566406 62.160751343 27.021724701
413.616027832 -19.136108398 -25.873519897 7025.896972656 68.453453064 25.099761963
383.730773926 -23.144515991 -26.823974609 7578.398925781 66.946784973 22.471519470
356.792022705 -26.525466919 -30.007293701 8107.854003906 59.220355988 21.937330246
332.482543945 -30.295196533 -33.957870483 8613.688476562 52.113857269 20.979881287
310.528137207 -33.847900391 -37.807464600 9095.614257812 49.025547028 21.902967453
290.750793457 -36.986633301 -41.219146729 9553.751953125 47.386650085 24.489337921
272.921081543 -39.942520142 -44.409317017 9992.011718750 44.830844879 26.470731735
256.318450928 -43.056823730 -47.613952637 10414.521484375 41.346698761 26.676858902
241.292251587 -46.228897095 -50.796752930 10819.961914062 38.233963013 25.621635437
227.507690430 -49.519149780 -53.923858643 11216.484375000 37.114620209 24.416965485
213.700424194 -53.073913574 -57.382034302 11623.177734375 38.478626251 23.929876328
199.881713867 -56.754287720 -60.967987061 12050.411132812 42.163616180 24.560819626
186.062805176 -60.306945801 -64.532684326 12500.791015625 47.605796814 25.346101761
172.244262695 -63.572891235 -67.826568604 12978.257812500 54.386074066 25.368480682
158.425933838 -66.307067871 -70.539276123 13488.497070312 62.102996826 23.671539307
144.607711792 -68.056182861 -72.303955078 14039.546875000 68.425621033 19.991846085
130.789505005 -68.727752686 -74.312622070 14642.718750000 69.998794556 15.329115868
116.971359253 -67.747512817 -77.222717285 15314.322265625 62.154037476 10.344981194
103.153259277 -65.016082764 -82.440185547 16062.770507812 40.063423157 7.267541885
90.315216064 -63.101516724 -82.536224365 16847.162109375 13.781011581 11.542784691
80.025169373 -63.558563232 -84.451385498 17594.388671875 6.168612480 13.168796539
71.646125793 -61.997268677 -82.871551514 18298.646484375 2.802229166 4.433329105
63.855087280 -61.572540283 -89.872406006 19012.380859375 -4.642505646 3.308042526
56.554077148 -61.064926147 -93.790954590 19763.298828125 -8.006855965 4.757229805
49.792068481 -59.825912476 -91.702819824 20556.708984375 -9.193712234 2.555047989
43.520053864 -58.312789917 -92.460388184 21403.212890625 -13.438491821 -1.073306203
37.640045166 -57.261077881 -92.828247070 22318.343750000 -17.162055969 -1.325789332
32.152030945 -55.602416992 -92.817443848 23318.427734375 -16.109725952 2.199128628
27.056020737 -53.494796753 -92.927246094 24426.560546875 -13.864314079 2.501628876
22.303007126 -51.543121338 -93.164382935 25692.919921875 -12.432513237 -2.627374649
