954.387023926 24.930786133 21.222503662 0.000000000 -10.402797699 14.834086418
951.540405273 25.013427734 21.099914551 29.579528809 -13.219964981 21.246820450
946.339355469 24.847686768 20.863494873 81.256164551 -14.080132484 24.765716553
937.369201660 24.820526123 20.411987305 166.365295410 -13.989259720 32.393459320
924.179138184 24.866333008 20.051116943 290.189941406 -10.958139420 41.456947327
907.276794434 24.299957275 19.924468994 451.693908691 -6.585827351 47.781688690
887.164001465 23.093597412 19.306488037 645.061889648 -0.974680662 49.635372162
865.275024414 21.347473145 17.963226318 863.160888672 4.646332264 47.305683136
841.639831543 19.389129639 16.314605713 1105.703735352 7.693484306 43.361476898
815.352905273 17.382720947 14.798278809 1379.014770508 11.054199219 38.773078918
786.427978516 14.806213379 13.332702637 1687.438720703 14.351714134 34.159675598
754.915771484 12.743316650 7.219787598 2033.209228516 17.124656677 27.467050552
720.936706543 13.151824951 -15.783660889 2420.910400391 20.632347107 20.156946182
684.437683105 12.698669434 -34.077789307 2857.522460938 24.096458435 16.301282883
645.276489258 9.102447510 -28.244567871 3348.807373047 27.588722229 14.758302689
603.371582031 4.832183838 -33.534835815 3899.512939453 31.935302734 9.285708427
559.102294922 -0.590057373 -33.775650024 4501.992187500 34.699138641 10.567811012
516.007202148 -5.746856689 -39.598999023 5124.376953125 42.334110260 18.250614166
477.012268066 -10.911682129 -37.322647095 5732.739257812 47.490459442 23.626922607
441.902587891 -15.635162354 -39.332992554 6315.215820312 47.290187836 26.840808868
410.118041992 -19.683746338 -44.436676025 6874.383789062 44.904258728 29.114488602
381.147552490 -23.822311401 -49.194793701 7412.456054688 43.400245667 31.397510529
354.932312012 -28.103668213 -52.540786743 7928.194335938 43.669918060 32.239475250
331.184295654 -32.446075439 -54.197113037 8420.595703125 45.166484833 31.374813080
309.658050537 -36.626846313 -54.752258301 8889.745117188 47.533500671 29.704690933
290.197265625 -40.440170288 -54.889007568 9335.639648438 50.600887299 27.815393448
272.593566895 -43.795883179 -54.612670898 9762.196289062 54.112270355 25.752973557
256.148132324 -46.882476807 -54.294876099 10174.131835938 57.621673584 23.095254898
241.221466064 -49.678680420 -54.774688721 10570.696289062 61.526210785 20.456666946
227.487426758 -52.060211182 -56.930435181 10960.454101562 66.162681580 18.802015305
213.697219849 -53.904479980 -60.569992065 11363.477539062 68.667953491 17.395072937
199.880432129 -55.440856934 -64.149810791 11790.997070312 67.205513000 15.167642593
186.062026978 -57.470245361 -66.954071045 12245.690429688 65.095672607 13.337629318
172.243728638 -60.028152466 -69.835357666 12730.399414062 63.241615295 13.616298676
158.425521851 -62.290527344 -73.182312012 13249.956054688 58.999454498 15.381444931
144.607376099 -63.996841431 -76.601852417 13811.838867188 51.613494873 17.453386307
130.789306641 -65.625396729 -79.430877686 14425.500976562 44.895652771 19.309049606
116.971229553 -66.982406616 -82.037933350 15103.272460938 41.308792114 18.430583954
103.153182983 -66.748275757 -84.649475098 15849.776367188 30.245414734 14.158163071
90.315155029 -66.645095825 -87.745391846 16624.210937500 9.891057968 11.634214401
80.025138855 -65.715560913 -89.327667236 17361.128906250 3.573652267 22.083684921
71.646118164 -64.642303467 -88.930603027 18057.267578125 5.713941574 17.963388443
63.855102539 -63.249832153 -88.879913330 18763.748046875 2.078489304 8.803331375
56.554088593 -62.508300781 -89.723663330 19509.058593750 -4.262385368 1.718773365
49.792068481 -61.977691650 -91.095458984 20295.730468750 -10.486722946 1.928492188
43.520057678 -59.971969604 -92.020477295 21134.792968750 -15.756407738 2.501636267
37.640048981 -58.204162598 -92.313293457 22044.439453125 -18.936834335 -0.053734086
32.152034760 -56.903427124 -92.567703247 23039.261718750 -19.539609909 -1.037186861
27.056020737 -54.874465942 -92.781036377 24140.455078125 -16.953895569 -1.681684494
22.303007126 -52.530700684 -92.963394165 25399.929687500 -16.402929306 -5.895860195
