966.004211426 27.375885010 21.120849609 0.000000000 -2.267225981 12.492858887
963.125183105 27.069610596 20.879974365 29.778533936 -2.539757729 15.015350342
957.866088867 26.662963867 20.680480957 81.731384277 -2.406455040 16.261054993
948.783813477 25.814788818 20.221496582 167.214477539 -1.763718605 17.388940811
935.429077148 24.679199219 19.498199463 291.180206299 -0.316991448 18.550388336
918.314697266 23.389007568 18.955108643 452.334564209 1.727172971 20.132713318
897.924926758 21.977386475 18.862792969 645.336181641 4.577352524 21.361570358
875.686157227 20.503906250 18.503326416 863.466186523 7.912884712 22.504335403
851.646423340 18.668457031 17.288665771 1106.699829102 11.622683525 23.513912201
824.886779785 16.797210693 15.487396240 1381.144165039 15.138300896 24.221382141
795.421691895 14.635131836 13.767395020 1691.438476562 16.811069489 24.096708298
763.270080566 12.428680420 10.718627930 2040.487182617 18.981863022 23.850067139
728.479431152 10.928314209 5.815551758 2432.259765625 19.423725128 25.705314636
691.084228516 10.949523926 -7.902526855 2872.944580078 22.824113846 31.982864380
651.064697266 7.583343506 -19.019943237 3368.241455078 25.774517059 37.621963501
608.276672363 2.539031982 -19.233062744 3922.291259766 28.712955475 36.568523407
563.106811523 -2.285125732 -25.342773438 4528.161621094 32.695159912 34.157749176
519.191040039 -6.947357178 -30.249084473 5154.961425781 35.368606567 34.156295776
479.508483887 -11.061859131 -35.182769775 5768.966308594 37.035083771 34.756172180
443.858001709 -15.502563477 -40.170227051 6357.564941406 38.903129578 35.712165833
411.639801025 -20.103454590 -44.350357056 6921.836425781 41.831008911 36.727630615
382.301513672 -24.886779785 -47.093658447 7463.262695312 46.052883148 37.421794891
355.781921387 -29.335906982 -49.268768311 7981.123535156 49.987007141 37.705825806
331.794647217 -33.013351440 -51.925170898 8475.591796875 51.619018555 38.016262054
310.083953857 -36.086425781 -54.866928101 8947.957031250 49.292270660 37.376739502
290.483642578 -38.939071655 -57.509033203 9398.474609375 43.462406158 35.871814728
272.776855469 -41.974319458 -59.399261475 9830.294921875 37.850440979 34.056251526
256.255889893 -45.236633301 -60.774063110 10247.068359375 35.786903381 32.139919281
241.277389526 -48.281967163 -61.875366211 10647.544921875 37.550395966 30.082206726
227.511047363 -51.129013062 -62.505325317 11040.230468750 41.006572723 29.154047012
213.702819824 -54.019577026 -62.584899902 11444.442382812 44.595020294 28.536304474
199.880630493 -57.233673096 -63.015289307 11870.233398438 48.028961182 26.183126450
186.062149048 -60.641906738 -65.284774780 12319.697265625 50.094364166 23.570404053
172.243789673 -63.342544556 -68.818084717 12797.080078125 51.149051666 25.426919937
158.425552368 -64.415527344 -71.855041504 13309.998046875 53.928302765 29.902996063
144.607360840 -64.553237915 -74.726745605 13868.395507812 56.145118713 31.138706207
130.789245605 -64.821899414 -78.640808105 14482.515625000 53.766567230 29.888477325
116.971191406 -65.691513062 -83.433563232 15163.771484375 48.752998352 26.579780579
103.153144836 -66.335723877 -88.358413696 15913.281250000 42.947978973 18.249528885
90.315139771 -66.093429565 -90.870635986 16689.501953125 35.854793549 8.119797707
80.025123596 -63.886856079 -90.338760376 17430.492187500 23.170923233 6.064675808
71.646110535 -61.128540039 -89.221099854 18135.539062500 -1.487527370 20.480333328
63.855098724 -62.105773926 -89.484573364 18849.759765625 -0.663450837 17.937969208
56.554080963 -62.080505371 -90.279296875 19597.853515625 -4.464035511 11.319156647
49.792068481 -61.241363525 -91.292785645 20386.773437500 -10.741317749 7.492422104
43.520057678 -59.581481934 -91.953765869 21228.023437500 -12.149365425 5.926787853
37.640048981 -57.689254761 -92.022796631 22139.662109375 -13.593597412 5.096144199
32.152034760 -56.070510864 -92.094482422 23137.595703125 -14.030032158 2.990033388
27.056022644 -54.791397095 -92.264587402 24241.109375000 -12.664705276 0.730005741
22.303007126 -53.407257080 -92.321777344 25498.214843750 -11.704688072 3.259373903
