980.057678223 24.072509766 20.304443359 0.000000000 0.710774481 16.582160950
977.141113281 24.369628906 20.256225586 29.471649170 1.808079958 24.164648056
971.799621582 25.003723145 20.587951660 81.074707031 2.581572056 29.664489746
962.578979492 25.443267822 20.434478760 166.398468018 4.139449120 37.453544617
949.004211426 25.110076904 20.019927979 290.722381592 6.330252171 39.731605530
931.577270508 24.266418457 20.153137207 452.961761475 11.007357597 38.199508667
910.783935547 23.289367676 20.481140137 647.822753906 15.646377563 35.670886993
888.088256836 21.849304199 20.035614014 868.503051758 18.350830078 35.164695740
863.521301270 19.900787354 18.542602539 1114.826782227 19.914461136 38.689178467
836.154541016 18.175689697 16.445953369 1393.069580078 20.390268326 42.085056305
806.002197266 16.727539062 13.327911377 1708.280273438 20.574087143 36.943191528
773.099060059 15.215789795 10.019165039 2063.874511719 22.287940979 27.833589554
737.469299316 13.770812988 3.731658936 2463.839843750 29.280139923 26.002971649
699.119873047 10.942901611 -2.653747559 2912.594970703 34.483062744 26.516073227
658.027954102 7.407867432 -11.287475586 3415.434570312 34.731132507 29.049211502
614.151062012 3.120330811 -19.243957520 3978.537597656 35.189136505 30.495738983
567.890625000 -1.831939697 -24.537475586 4594.654296875 37.508506775 30.170890808
522.966430664 -6.459442139 -30.770751953 5231.847167969 41.571247101 29.701465607
482.448150635 -11.327239990 -36.224853516 5854.965332031 46.276702881 29.266536713
446.102539062 -16.322387695 -37.965209961 6450.566406250 49.671977997 29.520149231
413.294067383 -20.934432983 -39.539184570 7020.687011719 50.827056885 30.954067230
383.475769043 -24.945892334 -41.728958130 7568.042480469 49.180236816 32.576923370
356.597229004 -28.167327881 -44.335098267 8092.822753906 45.844295502 33.690052032
332.336486816 -31.045272827 -45.993515015 8595.215820312 42.800659180 34.350551605
310.425872803 -34.192840576 -44.233154297 9075.196289062 40.734836578 35.153251648
290.685485840 -37.525466919 -43.094512939 9531.870117188 38.574882507 36.618240356
272.881134033 -40.820922852 -46.498748779 9968.307617188 35.906383514 37.793174744
256.296630859 -44.147689819 -49.944427490 10388.620117188 34.094921112 37.255973816
241.282836914 -47.234039307 -53.042419434 10791.940429688 34.356834412 35.009548187
227.504486084 -50.057998657 -55.954589844 11186.883789062 36.320121765 32.635208130
213.699371338 -53.123489380 -60.213058472 11592.915039062 38.051437378 31.773948669
199.881607056 -56.362670898 -62.913269043 12020.352539062 38.117885590 32.856773376
186.063125610 -59.763061523 -65.488525391 12471.655273438 37.688117981 34.315345764
172.244750977 -63.169342041 -68.268524170 12950.176757812 40.745880127 33.676578522
158.426467896 -65.841644287 -70.657379150 13461.424804688 48.444358826 30.957523346
144.608245850 -66.843917847 -72.103576660 14014.682617188 56.254894257 27.247100830
130.790008545 -66.907394409 -72.883148193 14622.336914062 62.029968262 22.466833115
116.971817017 -66.836105347 -74.342819214 15298.334960938 59.390300751 16.385889053
103.153701782 -65.784225464 -84.591125488 16046.884765625 42.176239014 9.667531013
90.315628052 -64.260360718 -79.706390381 16827.583984375 16.683950424 11.470034599
80.025459290 -64.856170654 -72.450225830 17570.419921875 8.904197693 16.184844971
71.646240234 -63.808547974 -74.055847168 18269.421875000 10.900615692 11.648124695
63.855106354 -62.660934448 -80.615295410 18978.289062500 6.092918396 6.742521286
56.554073334 -60.885498047 -110.693710327 19727.664062500 -2.845630169 4.291382313
49.792060852 -59.378540039 -91.076995850 20522.234375000 -9.245625496 1.981117725
43.520053864 -58.008178711 -92.582794189 21370.320312500 -13.780912399 0.218681946
37.640045166 -56.612411499 -92.789627075 22287.513671875 -17.727340698 -1.198079586
32.152030945 -55.786834717 -92.807815552 23288.533203125 -18.468454361 -0.328119785
27.056020737 -54.410156250 -92.948883057 24393.761718750 -16.719245911 0.959145844
22.303007126 -52.241714478 -93.170410156 25655.494140625 -12.410071373 0.942285597
