982.887084961 28.934326172 21.313995361 0.000000000 -0.626897693 11.323310852
979.964050293 28.508636475 20.862640381 29.945236206 -0.679645538 15.352600098
974.601501465 27.878051758 20.524688721 82.169891357 -0.669813037 18.297842026
965.345764160 27.031799316 20.069610596 168.087615967 -0.592131615 21.202011108
951.730407715 26.004150391 19.440093994 292.911956787 -0.044809923 23.719575882
934.252136230 24.560394287 18.886657715 455.357025146 0.584323466 25.889631271
913.411560059 22.824310303 18.514221191 649.880859375 1.077610731 28.007083893
890.668273926 20.947479248 17.801239014 869.705444336 2.138511419 32.375267029
866.037597656 19.171417236 16.550018311 1114.984130859 3.992817640 37.613018036
838.575256348 17.061340332 14.897125244 1392.150024414 7.944317818 41.465503693
808.312988281 14.830291748 12.120910645 1705.810668945 16.721437454 41.292556763
775.269775391 13.100860596 8.006713867 2059.128906250 22.889108658 39.224071503
739.485595703 11.615539551 1.325134277 2456.440673828 25.426467896 41.163959503
700.967346191 9.327545166 -5.988891602 2902.868164062 25.814764023 47.009983063
659.648132324 5.532287598 -6.910980225 3404.219970703 32.586200714 44.647956848
615.461181641 2.255462646 -8.072875977 3967.493408203 40.237850189 41.237316132
568.887390137 -2.863891602 -15.426422119 4584.881347656 44.778102875 36.295886993
523.710693359 -8.184143066 -22.962387085 5221.736816406 46.004348755 32.163223267
482.992614746 -11.627380371 -31.730773926 5844.844238281 49.359436035 31.024126053
446.485504150 -15.399078369 -37.722091675 6443.043457031 52.230911255 32.554115295
413.572265625 -19.695785522 -45.846115112 7016.921386719 54.284019470 34.363277435
383.691497803 -24.048263550 -51.094589233 7567.441894531 54.147663116 33.749114990
356.760437012 -28.002944946 -48.347183228 8094.035644531 49.300502777 32.393020630
332.457275391 -31.245712280 -50.766098022 8597.075195312 41.558193207 32.472347260
310.509643555 -34.557327271 -51.478134155 9077.086914062 33.740306854 33.898693085
290.737670898 -37.966171265 -51.764495850 9533.514648438 30.140710831 35.653377533
272.911499023 -41.232437134 -53.450485229 9969.596679688 31.013151169 36.965358734
256.311553955 -44.400985718 -56.234954834 10389.643554688 34.427143097 37.653415680
241.288040161 -47.528366089 -58.914993286 10792.717773438 38.258617401 37.297573090
227.504837036 -50.686798096 -61.017578125 11186.950195312 41.758369446 35.831771851
213.698242188 -54.194305420 -62.919937134 11591.504882812 45.109085083 34.205562592
199.880508423 -57.890060425 -64.745208740 12016.444335938 47.179965973 33.927791595
186.062103271 -61.732147217 -66.805084229 12464.041015625 47.996299744 33.975605011
172.243804932 -64.524642944 -68.797698975 12938.824218750 50.530040741 32.636081696
158.425552368 -65.661270142 -70.817840576 13448.719726562 54.781513214 31.337224960
144.607345581 -66.113922119 -75.041839600 14003.286132812 58.416423798 30.700860977
130.789245605 -66.476303101 -79.232666016 14612.650390625 62.324031830 27.070264816
116.971191406 -66.057617188 -82.822174072 15290.753906250 59.283241272 15.610929489
103.153144836 -64.793945312 -87.653076172 16042.516601562 38.101535797 6.654900074
90.315124512 -62.952667236 -90.947677612 16827.460937500 14.544672012 15.926519394
80.025115967 -62.615539551 -89.634719849 17576.582031250 10.062600136 18.662401199
71.646095276 -62.635040283 -89.018600464 18281.363281250 9.584829330 13.779966354
63.855083466 -61.502136230 -89.546234131 18994.195312500 2.264832735 7.152213573
56.554073334 -62.010131836 -90.910934448 19743.433593750 -6.315088272 5.427383900
49.792060852 -61.360076904 -92.215972900 20532.187500000 -10.499823570 5.666683674
43.520053864 -59.770477295 -92.799530029 21372.904296875 -12.351818085 3.977999210
37.640045166 -57.978408813 -92.844696045 22283.460937500 -15.226619720 1.238193870
32.152030945 -56.407165527 -92.852722168 23279.921875000 -18.086467743 -0.001520111
27.056020737 -54.688491821 -92.936370850 24382.886718750 -17.458505630 1.142814279
22.303007126 -52.267227173 -93.135406494 25643.732421875 -13.679453850 2.168169260
