986.381164551 24.995452881 20.447082520 0.000000000 -2.822268724 15.268671036
983.446655273 25.406646729 20.298370361 29.545608521 -3.686411381 23.780706406
978.069702148 25.400909424 20.164001465 81.267318726 -3.936254501 26.301654816
968.787353516 25.442474365 19.820251465 166.607681274 -4.054675102 34.694061279
955.124938965 25.369201660 19.357818604 290.949462891 -2.269044399 43.718830109
937.581726074 24.667114258 18.842926025 453.326721191 2.656850815 51.773723602
916.650634766 23.396911621 18.300384521 648.160766602 11.046242714 56.150436401
893.812438965 21.406311035 17.879302979 868.520019531 14.553565979 55.916709900
869.065307617 19.910461426 16.691497803 1114.628784180 20.395698547 50.405696869
841.457397461 18.406036377 15.564117432 1393.431396484 24.273029327 40.612987518
811.003906250 16.007293701 14.317321777 1709.601074219 24.241195679 33.846870422
777.725646973 13.664215088 11.053955078 2065.764160156 25.899036407 29.728042603
741.653991699 11.995300293 7.800048828 2466.403076172 26.915954590 23.983730316
702.790466309 9.918182373 2.790954590 2916.950927734 26.769853592 22.170856476
661.165466309 8.121887207 -6.453613281 3424.013916016 32.102752686 16.884115219
616.765441895 5.049468994 -15.417907715 3994.229736328 36.864566803 16.884012222
569.997436523 0.341613770 -24.622177124 4619.362792969 42.309604645 16.057649612
524.622009277 -5.198730469 -26.675445557 5264.949218750 47.441989899 11.887523651
483.717468262 -10.012115479 -34.047210693 5895.243164062 51.742153168 7.255937099
447.053710938 -14.489746094 -38.132156372 6498.113769531 54.015544891 6.517392635
414.011138916 -18.916458130 -42.964553833 7075.497070312 55.450817108 6.673630714
384.023559570 -23.295669556 -46.994110107 7629.159667969 57.065078735 6.846915722
357.009948730 -27.510391235 -51.708496094 8158.277832031 58.423946381 7.024605751
332.644531250 -31.688491821 -57.591323853 8662.324218750 58.640361786 6.865098000
310.650177002 -35.653991699 -63.203414917 9141.643554688 57.645950317 6.783056259
290.844116211 -39.182632446 -67.601409912 9596.349609375 55.007587433 7.123353958
272.993988037 -42.336547852 -71.123031616 10030.648437500 51.220355988 8.225724220
256.373931885 -45.186904907 -73.628021240 10449.344726562 46.541126251 10.140908241
241.332641602 -47.951049805 -71.087158203 10851.710937500 42.732166290 11.772974014
227.536743164 -50.567504883 -65.549865723 11246.017578125 40.003860474 13.106638908
213.721054077 -53.005767822 -61.670959473 11652.046875000 36.126262665 14.076099396
199.896011353 -55.580871582 -60.503952026 12080.638671875 30.823293686 14.703289986
186.070877075 -58.832031250 -63.015823364 12533.990234375 28.715217590 17.382318497
172.246658325 -62.625259399 -66.968261719 13014.382812500 32.517894745 21.798295975
158.425750732 -65.989883423 -71.195968628 13526.202148438 41.823535919 22.637590408
144.607543945 -66.885604858 -73.365509033 14079.314453125 54.972164154 18.207925797
130.789382935 -65.947326660 -76.407791138 14688.417968750 58.809963226 11.606489182
116.971290588 -64.472335815 -79.908660889 15369.983398438 46.858905792 7.219409943
103.153221130 -63.979171753 -82.371337891 16126.050781250 27.291292191 7.617783070
90.315185547 -65.617279053 -85.425292969 16907.619140625 16.272609711 9.978931427
80.025161743 -66.246551514 -87.889999390 17645.462890625 15.447703362 12.161828041
71.646133423 -63.381439209 -83.834686279 18342.816406250 7.788789749 3.881196976
63.855098724 -63.352813721 -87.283172607 19051.201171875 -3.495320320 -2.718181849
56.554080963 -63.447875977 -91.770629883 19794.609375000 -7.941329479 5.500925541
49.792068481 -62.397048950 -92.107360840 20578.783203125 -8.024056435 8.293094635
43.520053864 -59.795532227 -92.179565430 21417.410156250 -11.400641441 4.764611721
37.640045166 -56.936187744 -92.566665649 22330.253906250 -15.134771347 -1.502148271
32.152030945 -55.404083252 -93.060501099 23331.544921875 -15.123118401 -6.166744709
27.056020737 -53.641586304 -93.430099487 24439.785156250 -14.065503120 -5.127161980
22.303007126 -51.829284668 -93.361816406 25704.757812500 -14.877057076 -5.229335785
