963.233642578 28.760009766 23.386352539 0.000000000 -4.391817093 11.479568481
960.357116699 28.494628906 22.986999512 30.034149170 -6.331768513 16.510761261
955.095642090 27.878723145 22.762908936 82.387207031 -8.109572411 19.337816238
946.018981934 27.068267822 22.160797119 168.523468018 -9.710442543 23.968124390
932.684204102 26.047576904 21.294128418 293.409881592 -9.949444771 27.339597702
915.585205078 24.766418457 20.569793701 455.743011475 -8.917048454 29.938169479
895.231933594 23.101867676 20.297607422 649.916503906 -6.707833290 32.390651703
873.064208984 21.474304199 19.723907471 869.096801758 -2.424006939 34.800224304
849.089294434 19.650787354 18.397735596 1113.326782227 2.055391073 33.465095520
822.410522461 17.738189697 16.470825195 1388.788330078 6.540376186 29.450069427
793.058227539 15.727539062 13.393005371 1699.905273438 11.948276520 25.887577057
761.075073242 13.278289795 8.637084961 2049.187011719 16.456407547 23.459939957
726.485290527 11.208312988 3.031097412 2440.308593750 19.925388336 21.021869659
689.287841797 9.255401611 -8.639953613 2878.407470703 26.343214035 18.983675003
649.460021973 7.407867432 -18.749801636 3370.903320312 31.572385788 18.479558945
606.899047852 4.307830811 -31.674041748 3924.881347656 36.768508911 20.776517868
561.974609375 -0.519439697 -33.748931885 4532.435546875 39.938312531 20.694648743
518.278442383 -5.146942139 -35.562271118 5161.222167969 45.094463348 21.561616898
478.776184082 -9.827239990 -40.921646118 5776.902832031 49.678428650 25.378847122
443.257720947 -14.822387695 -44.759460449 6366.222656250 51.615821838 27.333324432
411.142028809 -19.871932983 -46.510940552 6930.280761719 52.649410248 27.795320511
381.901367188 -24.508392334 -47.880783081 7471.261230469 53.918357849 28.689235687
355.473236084 -28.479827881 -49.133651733 7989.197753906 54.834575653 29.802364349
331.559692383 -32.170272827 -50.324783325 8484.278320312 55.800121307 30.219882965
309.908050537 -35.817840576 -51.785415649 8956.790039062 57.621982574 29.078739166
290.354614258 -39.400466919 -53.664505005 9406.276367188 59.714191437 26.777528763
272.685058594 -42.820922852 -56.081314087 9836.120117188 60.811889648 24.672225952
256.194305420 -46.022689819 -59.289947510 10250.745117188 60.215332031 23.527574539
241.239471436 -48.984039307 -62.807220459 10649.346679688 58.533397675 23.467969894
227.491485596 -51.682998657 -66.229309082 11040.477539062 57.094959259 23.766416550
213.696914673 -54.310989380 -67.867004395 11443.665039062 56.760940552 23.877080917
199.880142212 -56.862670898 -67.983139038 11869.415039062 58.042289734 24.473943710
186.061874390 -59.200561523 -69.024871826 12320.842773438 60.285308838 25.568044662
172.243652344 -61.356842041 -71.351287842 12802.176757812 61.277736664 25.293750763
158.425476074 -63.091644287 -74.145843506 13319.112304688 59.864444733 22.574693680
144.607345581 -64.218917847 -76.989318848 13879.620117188 56.497871399 18.621292114
130.789260864 -65.219894409 -80.062866211 14493.555664062 50.974349976 15.298906326
116.971221924 -66.836105347 -83.111877441 15172.241210938 42.989112854 13.834593773
103.153175354 -68.534225464 -86.267974854 15915.666015625 34.279369354 13.312239647
90.315155029 -67.572860718 -88.822479248 16684.896484375 23.851877213 9.890661240
80.025138855 -65.168670654 -89.765930176 17421.013671875 6.595882416 7.923507214
71.646118164 -64.308547974 -88.985351562 18118.734375000 3.732689381 9.339809418
63.855102539 -62.348434448 -88.928359985 18827.414062500 -0.467556626 6.621030807
56.554088593 -61.697998047 -89.883056641 19575.851562500 -6.125867844 5.020323753
49.792068481 -60.566040039 -91.098510742 20366.734375000 -9.367115974 5.382845402
43.520057678 -58.758178711 -91.879760742 21211.101562500 -12.080047607 3.498919487
37.640048981 -57.049911499 -92.160400391 22125.826171875 -15.419024467 0.502784312
32.152034760 -55.536834717 -92.413619995 23126.439453125 -16.403120041 -0.085139222
27.056022644 -53.410156250 -92.571655273 24234.824218750 -12.710067749 0.716165304
22.303007126 -50.741714478 -92.552032471 25503.775390625 -5.606616020 -0.272617161
