981.762939453 23.743286133 21.816253662 0.000000000 0.531327188 -2.782004356
978.836425781 23.450927734 21.952392578 29.454528809 0.265455961 -3.901666403
973.475402832 23.660186768 21.961059570 80.974884033 -1.202163458 -5.242382526
964.233276367 24.195526123 22.015869141 166.084045410 -2.326193333 3.478771448
950.611083984 24.053833008 21.789520264 290.221191406 -2.332329273 14.364616394
933.132812500 23.424957275 21.303741455 452.287658691 -0.754294157 24.577043533
912.292053223 22.656097412 20.169769287 646.780639648 4.127911091 32.748222351
889.571044922 20.722473145 19.401794434 866.723388672 6.225705624 40.988189697
864.967895508 18.639129639 18.170776367 1111.922485352 11.702663422 47.006187439
837.544860840 17.070220947 16.110290527 1389.077270508 19.437028885 46.426967621
807.315917969 14.993713379 15.149841309 1703.344848633 25.042858124 35.860538483
774.259826660 12.305816650 12.598419189 2057.396728516 24.778543472 22.850419998
738.440673828 10.526824951 8.895965576 2455.160400391 20.510856628 15.783295631
699.885620117 8.386169434 4.487213135 2902.022460938 16.442571640 14.357438087
658.584472656 5.477447510 -2.495635986 3403.682373047 21.271228790 12.814458847
614.543579102 3.144683838 -16.929168701 3966.981689453 28.655065536 20.219833374
568.182312012 -0.777557373 -30.858901978 4585.429687500 32.755294800 25.146644592
523.187194824 -5.746856689 -33.731323242 5225.470703125 38.810894012 26.511953354
482.596282959 -11.099182129 -36.732391357 5850.520507812 44.331710815 27.150140762
446.182586670 -15.885162354 -40.606765747 6447.684570312 48.748069763 27.083789825
413.343627930 -19.683746338 -45.330780029 7020.102539062 53.287090302 26.320211411
383.520355225 -23.259811401 -52.308959961 7570.674804688 57.250133514 24.351074219
356.635498047 -27.041168213 -59.114868164 8098.413085938 58.127262115 22.520252228
332.369873047 -31.008575439 -62.694763184 8602.033203125 56.708061218 20.805158615
310.450653076 -34.814346313 -63.208892822 9081.495117188 54.458446503 18.892057419
290.699829102 -38.315170288 -63.523818970 9536.827148438 50.357906342 17.002758026
272.889068604 -41.420883179 -64.510345459 9972.008789062 44.393047333 15.790769577
256.299987793 -44.444976807 -65.195007324 10391.569335938 38.304718018 16.413288116
241.283264160 -47.428680420 -65.088134766 10794.446289062 34.433876038 17.297920227
227.503509521 -50.310211182 -64.790084839 11188.985351562 33.724773407 17.587112427
213.698150635 -53.091979980 -64.938262939 11594.852539062 34.407695770 16.301660538
199.880584717 -55.878356934 -65.774291992 12022.840820312 34.524631500 13.709759712
186.062225342 -58.970245361 -67.250671387 12475.502929688 33.872673035 12.608687401
172.243911743 -62.403152466 -69.052185059 12955.805664062 35.541831970 13.251828194
158.425689697 -65.478027344 -71.065032959 13468.487304688 41.747833252 13.923561096
144.607467651 -67.559341431 -73.365478516 14021.276367188 48.819217682 13.444207191
130.789321899 -68.625396729 -76.194610596 14625.344726562 53.399971008 12.262613297
116.971221924 -68.482406616 -79.802032471 15295.928710938 51.149505615 11.748619080
103.153144836 -66.873275757 -84.270080566 16039.620117188 37.899299622 14.887104034
90.315116882 -64.832595825 -89.350845337 16817.210937500 20.825181961 22.568338394
80.025100708 -63.715560913 -89.327850342 17560.910156250 13.171383858 22.448156357
71.646087646 -61.579803467 -89.383224487 18265.548828125 7.414805412 6.178830624
63.855072021 -60.562332153 -92.992492676 18981.716796875 -6.547320366 0.906462908
56.554065704 -61.070800781 -93.081451416 19734.308593750 -13.131175041 1.961753964
49.792060852 -61.352691650 -92.377410889 20524.824218750 -14.860372543 1.078060269
43.520053864 -60.784469604 -92.700561523 21363.511718750 -15.877898216 0.193321109
37.640045166 -58.891662598 -92.897735596 22270.095703125 -15.170635223 0.189246461
32.152030945 -56.153427124 -92.755584717 23265.261718750 -17.352785110 -4.195934296
27.056020737 -54.749465942 -92.928161621 24368.673828125 -16.710916519 -5.447883129
22.303007126 -52.593200684 -93.161178589 25628.367187500 -13.001202583 -2.129661322
