968.750366211 26.322052002 21.975372314 0.000000000 -2.455997705 -6.956438065
965.869750977 26.077880859 21.444641113 29.723602295 -3.519436359 -8.645849228
960.583496094 25.682281494 20.844177246 81.533508301 -4.249208450 -9.165883064
951.471557617 25.573303223 20.339355469 166.927825928 -2.618814707 -4.541470528
938.076110840 25.258422852 20.040374756 291.128387451 0.077711068 2.865647554
920.886169434 24.403625488 19.708740234 453.047332764 2.283771038 10.513050079
900.402893066 23.009155273 19.234588623 647.043823242 3.533680916 17.384965897
878.092590332 21.358215332 18.396575928 866.150634766 4.219466209 23.183383942
853.946411133 19.172241211 17.883697510 1110.289916992 4.614176273 26.641830444
827.076660156 17.598602295 14.340698242 1385.698242188 5.249330521 29.584283829
797.498596191 15.568450928 12.337402344 1697.148681641 7.425440788 30.843656540
765.232177734 12.038726807 8.919250488 2046.669189453 8.533646584 29.771909714
730.276977539 10.326385498 5.659606934 2438.409423828 11.866591454 26.096359253
692.679748535 9.113922119 -6.069702148 2878.506347656 20.360921860 26.871637344
652.417358398 5.806182861 -10.303466797 3372.673583984 26.667604446 29.495450974
609.393005371 2.058380127 -19.757904053 3926.615722656 32.818931580 28.906005859
564.017272949 -2.102172852 -28.959381104 4533.853027344 38.505260468 29.205093384
519.923400879 -6.705352783 -35.746826172 5162.666503906 43.740245819 29.586248398
480.092102051 -11.338348389 -36.610900879 5778.128417969 47.187843323 28.960533142
444.299499512 -16.269561768 -38.654861450 6367.158691406 49.876960754 29.776826859
411.961120605 -20.959945679 -43.416503906 6931.283691406 51.861339569 30.458801270
382.517608643 -25.116485596 -47.088195801 7473.173339844 52.558780670 30.314805984
355.911712646 -28.632949829 -49.635833740 7992.917480469 51.580059052 30.291387558
331.867340088 -31.690414429 -52.515197754 8490.596679688 50.003864288 31.302381516
310.113983154 -34.620544434 -55.786743164 8966.592773438 48.672042847 32.765625000
290.484863281 -37.663116455 -58.554794312 9420.339843750 46.152580261 33.401847839
272.760620117 -40.788406372 -59.798187256 9854.851562500 42.339286804 32.439682007
256.231353760 -44.101699829 -59.906997681 10273.914062500 38.755279541 30.332437515
241.254058838 -47.334564209 -59.919799805 10676.223632812 37.029754639 27.823469162
227.496170044 -50.485733032 -60.283508301 11070.138671875 37.658546448 25.350772858
213.697967529 -53.762115479 -61.149917603 11474.961914062 40.588825226 23.761671066
199.880661011 -56.950836182 -63.013412476 11901.144531250 44.854492188 23.585515976
186.062210083 -59.973861694 -65.874328613 12351.605468750 48.491317749 24.218053818
172.243865967 -62.295730591 -68.818145752 12830.964843750 51.584289551 25.259492874
158.425598145 -63.764541626 -71.443069458 13345.998046875 54.079601288 26.316644669
144.607421875 -64.828445435 -74.123413086 13904.835937500 55.100090027 26.177209854
130.789291382 -65.789672852 -77.265747070 14517.070312500 55.364933014 24.217140198
116.971199036 -66.662124634 -81.232269287 15195.169921875 53.428840637 19.745203018
103.153152466 -66.682586670 -86.167648315 15942.355468750 43.963836670 14.153302193
90.315139771 -64.698135376 -90.710922241 16720.472656250 24.246654510 8.714235306
80.025123596 -63.068069458 -90.754226685 17465.458984375 6.072176456 7.774643421
71.646110535 -63.583358765 -89.471694946 18167.830078125 2.504417181 12.771368980
63.855098724 -62.637695312 -89.275268555 18877.097656250 1.986704111 11.061779022
56.554080963 -62.014282227 -90.222930908 19624.408203125 -4.626922607 8.090113640
49.792068481 -61.064407349 -91.459045410 20413.732421875 -7.527354717 7.581262112
43.520057678 -59.275314331 -92.197021484 21256.041015625 -11.032861710 4.017886639
37.640045166 -57.716522217 -92.582305908 22168.265625000 -15.857050896 -0.400845975
32.152034760 -56.171325684 -92.757934570 23165.998046875 -18.083665848 -1.184183598
27.056020737 -53.821945190 -92.831893921 24271.791015625 -16.178211212 -0.501000941
22.303007126 -51.407592773 -92.988693237 25537.503906250 -11.337503433 -1.150116324
