978.927185059 20.622802734 20.274291992 0.000000000 1.692651629 -2.299641371
976.023925781 20.323516846 20.211059570 28.991699219 2.990482092 -4.825197220
970.693176270 19.949920654 20.032470703 79.654174805 3.726001024 -7.276069164
961.512023926 19.544433594 19.656890869 163.126708984 4.377194405 -9.675599098
947.989624023 19.274627686 19.408294678 284.580505371 5.126197815 -10.301929474
930.628601074 19.170837402 19.139739990 443.287719727 3.653914213 -4.955244541
909.938232422 19.567138672 19.094635010 634.426696777 1.797053576 8.244906425
887.358276367 19.827239990 19.023101807 851.991638184 2.778511763 21.338565826
862.903564453 19.036529541 18.227935791 1096.012207031 6.881752491 29.221755981
835.676147461 17.537933350 14.239410400 1372.080322266 12.077938080 28.292640686
805.698181152 16.182647705 12.913848877 1685.062500000 17.014503479 21.227867126
772.916503906 14.982727051 13.496063232 2039.274169922 23.821964264 13.459545135
737.355285645 12.786285400 9.895507812 2438.382568359 30.574247360 10.442921638
699.050048828 9.839508057 6.759185791 2886.161376953 35.381885529 2.900513649
657.974670410 5.989715576 3.011199951 3388.031738281 36.324615479 -1.137547612
614.075439453 1.371917725 1.345001221 3949.899658203 38.149497986 4.498729229
567.779663086 -2.342346191 -2.231567383 4565.954589844 36.144710541 15.118143082
522.842529297 -6.285125732 -6.476593018 5204.746582031 32.551208496 21.697122574
482.332183838 -10.247833252 -11.362976074 5830.734375000 33.914047241 23.781669617
445.994567871 -14.025787354 -15.577392578 6431.064453125 37.590568542 24.363916397
413.213562012 -17.899856567 -19.853073120 7007.476562500 39.425708771 25.173706055
383.443359375 -21.994079590 -24.339630127 7561.210937500 39.632534027 27.353643417
356.602447510 -26.235107422 -28.943603516 8090.797851562 39.739562988 30.455427170
332.370300293 -30.429611206 -33.486450195 8595.471679688 40.553993225 33.030849457
310.475494385 -34.413406372 -37.765228271 9075.503906250 41.388069153 33.705738068
290.739898682 -38.160842896 -41.675811768 9531.110351562 42.417266846 32.200077057
272.936553955 -41.562088013 -45.248840332 9966.157226562 43.915058136 29.116008759
256.349334717 -44.761810303 -48.594589233 10385.288085938 46.025463104 25.487241745
241.330856323 -47.767517090 -51.760604858 10787.641601562 47.836879730 22.230466843
227.545639038 -50.808700562 -54.884979248 11181.543945312 48.799648285 19.364589691
213.731994629 -54.100036621 -58.252944946 11586.157226562 47.747707367 17.131820679
199.905548096 -57.512680054 -61.712265015 12011.750976562 46.004539490 17.096374512
186.078872681 -60.984573364 -65.230468750 12460.780273438 48.740070343 20.497901917
172.253509521 -64.324615479 -68.577316284 12936.815429688 54.980205536 23.992506027
158.429107666 -67.217453003 -72.057647705 13445.175781250 56.016834259 20.212825775
144.607635498 -69.010253906 -73.512908936 13993.803710938 56.243080139 12.307727814
130.789459229 -67.438720703 -75.210083008 14597.678710938 61.698383331 10.594820976
116.971359253 -64.266021729 -80.549575806 15277.439453125 50.882236481 11.095152855
103.153274536 -62.702423096 -82.063415527 16036.300781250 29.347047806 16.575777054
90.315216064 -64.077575684 -82.982086182 16823.109375000 14.802745819 21.563575745
80.025177002 -63.620056152 -84.378311157 17568.384765625 13.131312370 14.603160858
71.646125793 -60.888992310 -81.185958862 18274.296875000 3.098691702 3.698976278
63.855083466 -61.012985229 -90.016387939 18990.867187500 -6.123641491 4.672814369
56.554073334 -60.654403687 -93.638885498 19743.531250000 -5.459469318 4.463219643
49.792060852 -59.931747437 -91.819183350 20537.496093750 -8.509176254 2.501230478
43.520050049 -59.400695801 -92.533081055 21381.640625000 -13.914077759 2.144114494
37.640041351 -58.799346924 -93.037918091 22291.207031250 -17.278081894 1.847959638
32.152030945 -57.337066650 -93.310607910 23283.662109375 -15.858626366 -0.585854709
27.056020737 -54.949203491 -93.480438232 24383.744140625 -14.076887131 -3.294930696
22.303007126 -52.638687134 -93.404418945 25642.699218750 -15.544957161 -4.141321182
