969.886962891 20.188354492 16.888580322 0.000000000 -2.975621939 -9.627677917
967.008911133 20.008850098 16.600463867 28.860656738 -3.703121424 -13.127223015
961.744201660 19.563781738 16.275573730 79.272918701 -3.842689753 -16.343711853
952.662170410 19.444702148 15.363342285 162.315429688 -3.407622814 -20.787157059
939.304077148 19.359832764 15.862365723 283.231506348 -3.091925383 -21.829067230
922.149230957 18.478240967 16.717163086 441.133605957 -6.150545597 -16.142887115
901.683898926 18.038391113 18.187744141 630.986083984 -6.622406483 -2.875535727
879.355529785 18.152313232 17.975585938 846.750610352 0.519017994 7.335628033
855.194580078 17.592681885 17.459777832 1088.777221680 6.333492756 15.503728867
828.263854980 15.921417236 16.119354248 1362.898315430 13.623728752 21.431673050
798.609436035 13.614166260 13.315795898 1672.891113281 18.300270081 22.124340057
766.266784668 11.973693848 9.858337402 2021.741088867 19.312149048 18.763359070
731.235839844 9.639556885 6.219055176 2413.484375000 21.189353943 17.195241928
693.523742676 7.437072754 1.057464600 2852.943359375 24.066701889 17.376899719
653.083984375 4.412384033 -1.439758301 3346.631347656 25.713979721 19.904479980
609.870178223 1.040985107 -5.727630615 3901.000976562 30.001306534 24.968709946
564.312622070 -3.276641846 -12.924682617 4508.626464844 36.715671539 28.819545746
520.081115723 -7.609375000 -20.011367798 5137.253417969 43.829307556 30.809263229
480.162719727 -11.599884033 -32.864440918 5752.851074219 50.123401642 33.711334229
444.322143555 -15.563262939 -46.010223389 6343.239257812 52.371555328 37.003902435
411.947540283 -19.539306641 -44.655166626 6910.207519531 50.780704498 37.360782623
382.496948242 -23.473617554 -42.760192871 7455.534667969 48.404666901 37.381114960
355.903015137 -27.244201660 -45.181335449 7978.401855469 48.101497650 36.654811859
331.862487793 -30.494491577 -49.523071289 8478.649414062 49.003471375 35.928867340
310.112945557 -33.562332153 -51.114608765 8956.840820312 48.480331421 35.707061768
290.487030029 -36.750274658 -49.382080078 9412.434570312 45.685104370 35.569866180
272.765167236 -40.060409546 -47.930221558 9848.459960938 41.801612854 35.262878418
256.237121582 -43.569869995 -48.677322388 10268.690429688 38.797821045 35.312324524
241.258300781 -47.044143677 -51.210708618 10671.856445312 37.520683289 34.962593079
227.497650146 -50.421035767 -54.587142944 11066.141601562 38.163654327 33.469444275
213.698394775 -53.874832153 -58.453872681 11470.949218750 40.059638977 30.999952316
199.880905151 -57.221954346 -62.113113403 11896.779296875 42.988166809 29.831825256
186.062377930 -60.333526611 -65.301177979 12346.608398438 47.574691772 30.311038971
172.243988037 -62.977691650 -67.895553589 12824.754882812 54.018348694 31.652013779
158.425689697 -65.080017090 -70.248168945 13337.194335938 59.937091827 32.031581879
144.607482910 -66.404098511 -72.793914795 13892.141601562 63.086894989 30.497560501
130.789291382 -66.914794922 -75.853317261 14500.499023438 63.140834808 27.067565918
116.971191406 -66.474502563 -80.238204956 15177.246093750 57.691574097 20.114879608
103.153144836 -64.690124512 -86.293579102 15928.582031250 40.012863159 10.723163605
90.315124512 -62.575027466 -90.395202637 16714.468750000 15.456378937 10.848628044
80.025115967 -62.176757812 -89.506149292 17464.914062500 7.155902863 17.899702072
71.646102905 -61.261032104 -88.983001709 18172.652343750 7.587751389 7.737148762
63.855087280 -60.745986938 -89.500823975 18889.087890625 -3.425667763 3.405225992
56.554073334 -60.821517944 -90.646835327 19641.812500000 -8.721158028 4.539484978
49.792060852 -60.056427002 -91.912750244 20435.230468750 -7.823884010 0.992130458
43.520050049 -58.383255005 -93.056106567 21281.320312500 -10.646908760 -3.417286634
37.640041351 -56.739669800 -93.161773682 22197.601562500 -16.855552673 -0.992605031
32.152030945 -55.206130981 -92.945159912 23199.804687500 -18.241275787 4.906668663
27.056020737 -53.027145386 -92.974822998 24310.089843750 -15.178665161 3.841803789
22.303007126 -51.199707031 -93.341003418 25578.615234375 -11.457458496 -2.051520348
