970.646972656 26.000854492 22.212127686 0.000000000 -1.517738700 6.166058064
967.760864258 25.946350098 22.153839111 29.704406738 -2.123747826 9.469968796
962.456176758 25.563781738 22.254547119 81.616668701 -2.506296873 9.655206680
953.318176270 25.132202148 22.220520020 167.127929688 -4.501035213 11.650746346
939.864074707 24.109832764 22.107208252 291.419006348 -4.549808502 15.589937210
922.597290039 22.790740967 21.937835693 453.133605957 -2.748817682 22.491020203
902.035888672 22.100891113 20.727691650 646.923583984 4.068737984 30.412799835
879.635559082 20.464813232 19.213378906 865.875610352 7.443964005 37.343727112
855.426635742 18.717681885 17.998504639 1109.870971680 12.165025711 40.287746429
828.455810547 17.108917236 15.922912598 1385.429565430 15.810553551 35.160076141
798.785461426 15.489166260 12.213775635 1697.203613281 16.599407196 28.806304932
766.418762207 12.723693848 9.495452881 2047.803588867 18.826187134 27.389169693
731.347900391 9.764556885 5.466522217 2440.328125000 23.740648270 26.185522079
693.607788086 7.499572754 -1.285949707 2879.912109375 29.169294357 24.301845551
653.171997070 4.662384033 -7.429779053 3373.350097656 32.274456024 21.119382858
609.994201660 1.665985107 -17.514007568 3927.375976562 36.075820923 20.959531784
564.484619141 -2.651641846 -33.508636475 4534.907714844 39.631439209 23.716953278
520.269165039 -7.171875000 -36.689666748 5163.722167969 41.885463715 24.127298355
480.332336426 -11.787384033 -33.707916260 5779.351074219 44.170375824 24.356582642
444.446960449 -16.188262939 -34.773864746 6369.239257812 47.268962860 24.004444122
412.035552979 -20.226806641 -37.683517456 6935.363769531 50.294742584 23.753870010
382.556121826 -24.161117554 -41.180099487 7479.690917969 53.142787933 22.802280426
355.941406250 -28.119201660 -46.132400513 8001.214355469 56.727306366 21.347036362
331.886108398 -32.056991577 -50.545394897 8499.211914062 58.722694397 20.985561371
310.126770020 -35.312332153 -52.072387695 8974.278320312 56.984649658 22.707603455
290.494079590 -38.125274658 -53.958816528 9426.997070312 53.217502594 25.729154587
272.767883301 -40.810409546 -57.536163330 9861.084960938 48.605068207 28.216444016
256.237762451 -43.694869995 -60.887878418 10280.534179688 41.956569672 28.265888214
241.258102417 -46.731643677 -61.562118530 10683.762695312 35.698329926 25.972312927
227.497222900 -49.796035767 -61.401702881 11078.891601562 33.425533295 22.535320282
213.698059082 -52.999832153 -62.061462402 11485.105468750 34.957046509 19.093906403
199.880737305 -56.221954346 -63.660125732 11912.779296875 38.493026733 17.439817429
186.062301636 -59.521026611 -65.973144531 12364.483398438 43.687004089 17.919029236
172.243957520 -62.727691650 -68.630584717 12843.848632812 50.373641968 19.988946915
158.425689697 -65.517517090 -71.145019531 13356.069335938 57.021324158 22.190870285
144.607482910 -67.529098511 -73.251632690 13908.860351562 62.479446411 23.329633713
130.789337158 -68.039794922 -76.076721191 14513.936523438 64.355735779 22.815404892
116.971229553 -67.349502563 -80.016586304 15187.464843750 61.214794159 21.451272964
103.153167725 -64.377624512 -85.243652344 15937.832031250 45.358436584 15.947244644
90.315139771 -60.950027466 -87.206710815 16727.250000000 13.391043663 6.717958450
80.025123596 -63.114257812 -88.262176514 17479.164062500 -3.535241842 8.058989525
71.646110535 -64.073532104 -89.749267578 18180.714843750 0.055354305 11.746328354
63.855091095 -62.308486938 -89.334716797 18889.775390625 0.705001771 5.592051029
56.554080963 -61.759017944 -90.569610596 19638.093750000 -4.104526997 6.483329296
49.792068481 -59.306427002 -91.897232056 20431.167968750 -9.281767845 5.001309395
43.520057678 -57.945755005 -92.592102051 21279.476562500 -14.777578354 -1.716422796
37.640045166 -57.302169800 -92.808715820 22195.351562500 -17.220024109 -3.786881447
32.152034760 -56.018630981 -92.850555420 23194.304687500 -18.970216751 -2.018277168
27.056020737 -54.277145386 -92.930603027 24299.246093750 -16.272077560 0.561566293
22.303007126 -51.887207031 -93.068359375 25562.427734375 -10.850007057 1.471697807
