976.999145508 27.309326172 22.636352539 0.000000000 -5.850979805 9.014995575
974.092041016 27.071136475 22.405487061 29.851470947 -7.118630409 13.773225784
968.753540039 26.565551758 22.263793945 81.919891357 -7.594758987 16.839958191
959.553771973 25.719299316 21.988433838 167.618865967 -6.666645527 19.865617752
946.018371582 24.629150391 21.466857910 292.036956787 -4.053988934 22.018711090
928.644165039 23.247894287 20.767822266 453.919525146 -0.387598783 23.216844559
907.947570801 21.824310303 19.800903320 647.630859375 3.507416248 24.362375259
885.388305664 20.322479248 18.486724854 866.455444336 7.848554611 26.543735504
860.981567383 18.546417236 17.235504150 1110.546630859 12.132666588 30.323598862
833.783264160 16.873840332 15.621429443 1386.462524414 16.205656052 34.783538818
803.808898926 15.142791748 13.437469482 1699.091918945 18.543792725 37.526359558
771.085754395 13.413360596 11.140533447 2051.816406250 18.879928589 35.093402863
735.597656250 11.115539551 8.950622559 2448.471923828 16.679166794 32.295169830
697.383300781 9.952545166 3.283782959 2894.524414062 19.618759155 35.225425720
656.472106934 7.282287598 -5.625854492 3396.032470703 26.754667282 39.545368195
612.817199707 2.817962646 -14.141693115 3957.399658203 31.247571945 37.349628448
566.811340332 -2.926391602 -20.783584595 4570.006347656 33.965469360 33.987571716
522.130676270 -7.809143066 -21.586990356 5202.330566406 42.116661072 35.078990936
481.789428711 -11.877380371 -18.741424561 5821.781738281 50.938812256 38.192050934
445.555938721 -16.399078369 -21.320556641 6415.824707031 50.530048370 37.535217285
412.845855713 -20.758285522 -24.912414551 6985.233886719 47.966526031 36.793083191
383.136291504 -24.923263550 -27.659057617 7531.723144531 46.858245850 37.029354095
356.353240967 -28.752944946 -31.636245728 8054.723144531 46.263244629 38.467533112
332.168853760 -32.370712280 -35.557830811 8554.043945312 45.081413269 39.761764526
310.312652588 -35.494827271 -38.875762939 9030.461914062 42.609096527 40.337677002
290.610290527 -38.216171265 -46.848724365 9484.358398438 38.280559540 41.849380493
272.836303711 -41.232437134 -56.264801025 9919.065429688 34.536369324 43.282855988
256.273468018 -44.650985718 -57.597793579 10338.081054688 33.212242126 42.877494812
241.272964478 -48.028366089 -55.985794067 10739.967773438 34.613910675 40.942283630
227.501159668 -51.186798096 -57.058639526 11133.075195312 38.235149384 38.018596649
213.698226929 -54.444305420 -60.359802246 11536.786132812 42.071830750 35.298976898
199.880630493 -57.890060425 -63.771774292 11961.444335938 44.507183075 33.806301117
186.062210083 -61.232147217 -67.064025879 12409.666015625 46.173946381 33.125171661
172.243865967 -63.649642944 -67.889495850 12886.105468750 49.193649292 32.757572174
158.425582886 -64.973770142 -70.578521729 13397.907226562 53.688098907 33.038089752
144.607376099 -65.988922119 -74.726654053 13953.567382812 57.201522827 32.887687683
130.789260864 -66.538803101 -79.071838379 14563.119140625 60.380184174 30.471992493
116.971191406 -66.370117188 -83.378799438 15240.566406250 59.283241272 21.563953400
103.153152466 -64.731445312 -87.781280518 15991.985351562 42.353694916 8.963214874
90.315139771 -62.890167236 -90.851898193 16777.304687500 12.722317696 5.721336365
80.025123596 -63.928039551 -90.186523438 17524.332031250 4.109577179 15.625144958
71.646110535 -63.322540283 -88.917175293 18225.800781250 9.949300766 17.303184509
63.855091095 -61.752136230 -89.376495361 18937.039062500 4.694638252 10.310960770
56.554080963 -61.197631836 -90.589599609 19687.339843750 -5.829127312 6.156325340
49.792068481 -61.110076904 -91.806533813 20478.062500000 -10.621314049 5.545193195
43.520057678 -59.770477295 -92.566772461 21319.185546875 -12.716288567 4.220979691
37.640045166 -58.228408813 -92.769531250 22229.148437500 -15.105129242 1.602664709
32.152034760 -56.594665527 -92.826324463 23224.640625000 -17.357526779 0.727421582
27.056020737 -54.563491821 -92.873489380 24327.542968750 -17.458505630 0.899833739
22.303007126 -52.017227173 -92.992904663 25589.669921875 -13.922433853 0.831776261
