968.566955566 26.875854492 22.513702393 0.000000000 -0.302835882 6.409038544
965.680847168 27.008850098 22.059967041 29.829406738 -1.030335307 11.656793594
960.392211914 26.626281738 21.865478516 81.897918701 -2.020335674 13.178424835
951.270141602 26.007202148 21.687347412 167.627929688 -2.800171375 16.631847382
937.856079102 24.984832764 21.521026611 292.106506348 -2.241493464 20.935508728
920.645263672 23.790740967 21.248413086 454.133605957 0.531419873 25.649768829
900.139831543 22.163391113 20.632537842 648.079833984 3.947247505 30.655780792
877.803588867 20.589813232 19.809661865 867.031860352 8.537376404 33.456039429
853.642639160 18.967681885 18.462249756 1111.152221680 13.258438110 30.568523407
826.759826660 17.546417236 15.315856934 1386.742065430 15.810553551 25.319362640
797.193420410 15.489166260 11.892028809 1698.203613281 17.206857681 22.610301971
764.938720703 12.598693848 9.391082764 2048.022460938 17.975755692 23.501480103
730.003906250 9.827056885 4.211059570 2439.609375000 19.974451065 24.849128723
692.435791016 7.499572754 -4.804718018 2877.880859375 22.487327576 23.937374115
652.179992676 4.537384033 -10.818756104 3369.506347656 30.938062668 25.007072449
609.182189941 2.415985107 -22.652496338 3922.500976562 36.926250458 26.791065216
563.832641602 -1.651641846 -34.313629150 4530.501464844 38.659515381 26.025268555
519.745117188 -5.984375000 -33.702529907 5160.784667969 41.278011322 24.734750748
479.909912109 -10.474884033 -43.055236816 5778.382324219 49.394458771 25.935956955
444.110931396 -15.000762939 -52.352493286 6370.083007812 57.595638275 25.583818436
411.776367188 -19.664306641 -53.233886719 6937.051269531 61.350357056 24.968772888
382.368164062 -24.036117554 -52.333190918 7481.097167969 61.768596649 24.260164261
355.808593750 -27.931701660 -52.022872925 8002.120605469 60.007541656 23.776842117
331.793701172 -31.431991577 -53.006286621 8500.243164062 56.778850555 22.564935684
310.064758301 -34.687332153 -54.972686768 8975.934570312 52.368019104 21.249719620
290.454406738 -37.812774658 -57.656616211 9429.059570312 46.900009155 20.869544983
272.744293213 -40.810409546 -61.014373779 9863.116210938 41.437141418 21.655967712
256.225463867 -43.882369995 -63.533157349 10282.127929688 37.096958160 21.705411911
241.252777100 -46.919143677 -63.173538208 10684.918945312 33.875972748 20.869722366
227.495513916 -50.108535767 -62.485748291 11079.485351562 33.061061859 20.105514526
213.697616577 -53.374832153 -63.311187744 11485.011718750 35.078536987 20.430297852
199.880462646 -56.534454346 -65.294769287 11911.935546875 39.343460083 22.420917511
186.062103271 -59.521026611 -67.681472778 12363.295898438 45.144886017 23.872053146
172.243850708 -62.290191650 -69.971847534 12843.129882812 50.859600067 23.876636505
158.425628662 -64.705017090 -72.159057617 13356.913085938 54.955989838 22.919811249
144.607452393 -66.591598511 -74.169754028 13912.110351562 58.227283478 21.628768921
130.789321899 -67.352294922 -76.854217529 14519.499023438 58.281223297 18.563245773
116.971221924 -67.724502563 -80.137527466 15193.308593750 53.196434021 15.498249054
103.153167725 -67.502624512 -84.908828735 15937.113281250 42.685649872 13.881910324
90.315139771 -65.200027466 -89.614288330 16712.875000000 24.203678131 9.390744209
80.025123596 -63.426757812 -90.506988525 17456.414062500 7.641863823 9.638363838
71.646110535 -63.011032104 -89.212249756 18159.183593750 7.587751389 11.260366440
63.855098724 -60.683486938 -89.270446777 18872.806640625 0.705001771 7.535895348
56.554080963 -60.571517944 -90.393981934 19626.031250000 -7.992216110 2.960111380
49.792068481 -60.806427002 -91.642242432 20418.480468750 -10.496669769 2.814484596
43.520057678 -58.508255005 -92.454269409 21262.882812500 -11.132870674 2.778717518
37.640045166 -55.927169800 -92.639587402 22180.570312500 -16.612571716 -1.235585570
32.152034760 -55.518630981 -92.760711670 23183.710937500 -20.185119629 -3.354670048
27.056020737 -55.027145386 -92.923828125 24287.964843750 -15.057175636 0.440075994
22.303007126 -52.324707031 -93.029998779 25547.958984375 -8.541691780 2.565110207
