962.639160156 28.934326172 22.187561035 0.000000000 -2.935212851 12.902684212
959.772033691 28.383636475 21.835479736 29.976470947 -3.716902494 17.174953461
954.521484375 27.690551758 21.605651855 82.232391357 -4.193031311 20.120195389
945.457763672 26.781799316 21.215606689 168.118865967 -4.236839771 22.902873993
932.138366699 25.629150391 20.612670898 292.724456787 -3.689518213 25.541929245
915.060180664 24.122894287 20.022308350 454.638275146 -2.452933550 27.711984634
894.731567383 22.386810303 19.581665039 648.193359375 -1.352194786 28.736024857
872.588256836 20.509979248 18.832397461 866.455444336 0.073176682 29.338010788
848.653564453 18.733917236 17.030609131 1109.452880859 4.843249321 28.258264542
822.031250000 16.873840332 14.597656250 1383.400024414 10.009652138 25.550279617
792.744934082 15.205291748 10.880493164 1692.966918945 14.777593613 24.040937424
760.829772949 12.913360596 7.315460205 2040.910278320 17.786516190 24.523748398
726.285644531 11.115539551 0.757965088 2431.003173828 22.996662140 29.622383118
689.147338867 10.702545166 -12.078887939 2869.493164062 30.552885056 35.346916199
649.364135742 6.969787598 -22.719528198 3362.094970703 33.436630249 36.751091003
606.825195312 2.380462646 -23.970214844 3913.368408203 35.499732971 35.162803650
561.911376953 -2.113891602 -26.832183838 4517.131347656 38.339118958 34.230552673
518.226684570 -6.559143066 -30.377166748 5142.455566406 40.415798187 34.593029022
478.739837646 -11.189880371 -35.375091553 5754.844238281 44.864295959 34.425853729
443.234344482 -16.149078369 -40.035980225 6341.043457031 47.978752136 34.011997223
411.129058838 -20.945785522 -39.366851807 6902.452636719 49.302917480 33.512844086
381.892303467 -25.360763550 -37.642150879 7441.285644531 50.988914490 32.777191162
355.466003418 -29.315444946 -38.797515869 7957.441894531 52.702228546 32.150039673
331.555267334 -32.683212280 -42.419281006 8451.200195312 52.856792450 32.593837738
309.906066895 -35.682327271 -47.878280640 8923.336914062 51.356395721 34.263164520
290.355743408 -38.653671265 -50.249191284 9373.639648438 48.607234955 36.382320404
272.687652588 -41.607437134 -48.697570801 9805.284179688 46.077945709 36.965358734
256.196990967 -44.588485718 -48.876876831 10222.299804688 44.267856598 35.102119446
241.241653442 -47.403366089 -51.605316162 10623.624023438 42.510776520 32.194984436
227.493103027 -50.686798096 -55.196868896 11017.043945312 40.178993225 29.757257462
213.697952271 -53.944305420 -58.537429810 11421.379882812 40.006496429 29.710424423
199.880661011 -57.327560425 -61.846069336 11847.006835938 42.077377319 30.283082962
186.062103271 -59.982147217 -64.524215698 12297.134765625 45.445003510 29.723443985
172.243713379 -61.524642944 -68.020080566 12777.386718750 48.707687378 30.084785461
158.425476074 -62.911270142 -73.737762451 13294.313476562 50.772331238 30.365303040
144.607345581 -64.613922119 -77.050201416 13854.504882812 51.612968445 28.878507614
130.789260864 -65.976303101 -79.893218994 14466.744140625 51.997356415 25.733871460
116.971199036 -67.182617188 -83.451843262 15143.566406250 48.835075378 21.320972443
103.153167725 -67.168945312 -87.313690186 15888.860351562 39.073455811 14.673257828
90.315147400 -65.140167236 -90.053588867 16665.304687500 23.170480728 7.300709724
80.025138855 -63.615539551 -90.288879395 17408.644531250 7.389814377 7.242315292
71.646125793 -63.510040283 -88.698486328 18110.175781250 5.818630695 13.536986351
63.855102539 -62.439636230 -88.925933838 18819.945312500 2.264832735 10.067979813
56.554088593 -61.697631836 -90.080474854 19568.183593750 -3.642302036 7.249738216
49.792068481 -60.860076904 -91.270324707 20358.500000000 -9.041940689 6.152644634
43.520057678 -59.832977295 -91.992584229 21200.060546875 -12.594799042 3.977999210
37.640048981 -58.228408813 -92.222259521 22109.929687500 -14.862148285 1.359684110
32.152034760 -56.344665527 -92.464294434 23106.078125000 -16.628585815 -0.365990937
27.056022644 -54.063491821 -92.687133789 24210.949218750 -15.028700829 0.413872600
22.303007126 -51.204727173 -92.834899902 25476.701171875 -10.399216652 0.102834620
