965.439819336 29.515533447 21.501831055 0.000000000 -2.269993544 15.824781418
962.567016602 29.035369873 21.045532227 29.990264893 -2.464582682 19.333757401
957.296691895 28.546203613 20.740875244 82.344573975 -2.412802458 20.715993881
948.216491699 27.825897217 20.333343506 168.416259766 -2.061490059 21.687797546
934.860778809 26.639465332 19.757080078 293.317626953 -1.683694005 22.510145187
917.742370605 25.162506104 19.196441650 455.650512695 -1.100486517 23.090648651
897.353271484 23.303497314 18.640991211 649.788696289 -0.143142596 23.710113525
875.119995117 21.005615234 20.235504150 868.938476562 2.596673012 24.537557602
851.041320801 19.014953613 19.212432861 1113.116943359 7.847983360 24.709394455
824.278381348 17.453826904 14.202239990 1388.262939453 12.258742332 24.356872559
794.862976074 15.341003418 11.079711914 1698.800781250 16.071001053 24.464237213
762.790649414 12.926971436 7.107727051 2047.580078125 18.878183365 24.519027710
728.076477051 10.950469971 1.382385254 2438.540527344 21.768407822 26.315242767
690.743530273 10.881988525 -12.277984619 2878.373046875 26.301736832 35.039928436
650.752014160 7.053436279 -21.495574951 3372.697509766 29.176546097 39.109207153
607.994323730 2.502899170 -20.392547607 3925.986816406 31.948694229 34.954734802
562.850097656 -2.208648682 -24.767028809 4531.831542969 34.582664490 33.088451385
518.959289551 -6.799438477 -29.621002197 5158.896972656 36.117633820 35.413970947
479.300903320 -11.006744385 -34.939804077 5773.067871094 38.371086121 37.222000122
443.657104492 -15.676239014 -40.623611450 6361.611328125 42.029972076 37.519527435
411.441009521 -20.474655151 -44.823028564 6925.405761719 45.694831848 36.832656860
382.120300293 -25.128906250 -47.286102295 7466.148925781 49.526027679 35.843643188
355.629272461 -29.377532959 -49.793624878 7983.437988281 52.878215790 35.307281494
331.668395996 -32.803421021 -52.928100586 8477.759765625 54.138061523 35.518123627
309.980712891 -35.739486694 -56.286926270 8950.337890625 51.816699982 36.024669647
290.401184082 -38.574096680 -59.486129761 9401.148437500 47.002929688 36.239604950
272.712890625 -41.537796021 -61.919479370 9833.320312500 42.671665192 35.444862366
256.209167480 -44.686920166 -63.152908325 10250.591796875 40.842475891 33.231906891
241.246078491 -47.816085815 -63.267608643 10651.599609375 41.040000916 30.310756683
227.493713379 -50.927185059 -62.987915039 11044.564453125 42.139404297 28.496854782
213.697463989 -54.158004761 -63.279495239 11448.593750000 43.069221497 27.538681030
199.880416870 -57.375488281 -64.799499512 11873.978515625 44.361595154 26.772575378
186.062026978 -60.287734985 -67.365173340 12323.703125000 46.245906830 27.810684204
172.243743896 -62.455139160 -70.071014404 12802.546875000 49.794555664 30.799846649
158.425552368 -63.828018188 -72.614135742 13317.240234375 54.615901947 31.994668961
144.607376099 -64.598159790 -75.074859619 13876.261718750 57.729228973 29.616384506
130.789260864 -65.129669189 -78.244598389 14489.769531250 55.892364502 26.312477112
116.971191406 -65.718215942 -82.788940430 15170.429687500 50.590229034 22.340106964
103.153152466 -66.352081299 -87.978668213 15919.871093750 42.621852875 13.964456558
90.315139771 -66.501358032 -91.044784546 16695.343750000 32.009223938 5.138125420
80.025123596 -65.098175049 -90.631149292 17433.628906250 21.587133408 5.238539696
71.646110535 -62.887420654 -89.561874390 18133.800781250 1.943851829 19.877241135
63.855098724 -62.030273438 -89.597457886 18845.355468750 2.326866150 16.099752426
56.554080963 -62.176696777 -90.209564209 19593.431640625 -4.888400555 8.145325661
49.792068481 -61.744735718 -91.250457764 20381.109375000 -11.869294167 4.246531487
43.520057678 -60.154479980 -91.939758301 21220.347656250 -14.582785606 3.374771833
37.640048981 -58.218963623 -92.044403076 22129.636718750 -16.318941116 1.445789218
32.152034760 -57.180740356 -92.199554443 23123.707031250 -16.301206589 0.251647055
27.056022644 -55.457656860 -92.324279785 24222.650390625 -14.820552826 1.238206863
22.303007126 -53.075149536 -92.307098389 25478.886718750 -13.002629280 3.751648188
