958.765136719 25.120452881 20.851654053 0.000000000 -6.223996639 15.025690079
955.910644531 25.406646729 20.649291992 29.576843262 -8.181551933 21.715372086
950.685729980 25.338409424 20.364501953 81.298522949 -8.309904099 25.694204330
941.675415039 25.129974365 19.963073730 166.482666016 -7.456402779 33.965118408
928.420959473 24.744201660 19.635009766 290.355712891 -5.427791595 41.774986267
911.429748535 23.917114258 19.635650635 451.732971191 -0.137425497 48.857955933
891.202636719 22.521911621 19.358734131 645.035766602 7.644514561 50.804862976
869.172424316 21.031311035 18.056732178 863.176269531 14.918036461 46.683448792
845.385314941 19.535461426 15.952972412 1106.097534180 17.479932785 38.499649048
818.929443359 17.468536377 13.818847656 1379.900146484 17.348083496 30.529293060
789.827941895 15.007293701 10.320800781 1688.663574219 18.409662247 25.828510284
758.149597168 13.476715088 2.872711182 2035.201660156 20.917936325 20.980741501
723.902038574 12.745300293 -6.947235107 2424.465576172 23.149755478 18.273687363
687.054504395 11.418182373 -17.959884644 2862.294677734 24.461538315 20.834463120
647.533508301 8.246887207 -19.415618896 3354.701416016 27.000162125 21.743726730
605.269470215 4.049468994 -29.066497803 3906.854736328 28.967697144 16.884012222
560.649475098 -0.720886230 -40.437515259 4511.393554688 31.618459702 17.880002975
517.238037109 -5.886230469 -37.102325439 5136.386718750 39.545124054 22.092706680
477.968658447 -10.762115479 -34.944732666 5747.649414062 46.032108307 27.180341721
442.634521484 -15.177246094 -37.749862671 6333.332031250 46.847618103 30.936939240
410.670318604 -19.478958130 -42.431503296 6895.559570312 45.853084564 32.794040680
381.553161621 -23.795669556 -46.806762695 7435.971679688 45.766483307 29.808578491
355.223541260 -28.010391235 -50.770523071 7953.589843750 46.639389038 25.126657486
331.386962891 -32.125991821 -53.116882324 8447.917968750 48.070709229 22.051382065
309.793579102 -35.966491699 -53.884048462 8919.237304688 49.506099701 20.389966965
290.283294678 -39.432632446 -54.042434692 9367.662109375 50.026489258 19.272380829
272.643981934 -42.586547852 -53.589050293 9797.054687500 50.248435974 17.944946289
256.173919678 -45.624404907 -53.850128174 10211.782226562 51.643718719 16.215421677
241.231750488 -48.513549805 -55.766708374 10610.867187500 55.124176025 14.324270248
227.490036011 -50.942504883 -58.980651855 11002.892578125 59.320816040 12.620677948
213.697357178 -53.255767822 -62.451156616 11407.609375000 61.639221191 10.309900284
199.880508423 -55.518371582 -64.816314697 11835.701171875 60.952880859 7.656853676
186.062103271 -58.144531250 -66.651290894 12289.552734375 59.695240021 7.177135944
172.243804932 -60.812759399 -69.094375610 12772.632812500 58.759796143 9.406287193
158.425582886 -62.927383423 -72.476257324 13290.358398438 56.523860931 12.310915947
144.607421875 -64.510604858 -75.975006104 13850.689453125 52.177886963 15.170668602
130.789306641 -65.947326660 -79.103729248 14463.199218750 47.632858276 16.587589264
116.971252441 -67.034835815 -81.748840332 15140.483398438 42.849727631 14.387336731
103.153190613 -67.041671753 -83.912017822 15886.394531250 30.207057953 9.440136909
90.315155029 -66.992279053 -85.425186157 16659.619140625 11.291508675 9.371479988
80.025131226 -67.871551514 -88.424438477 17392.181640625 6.821893215 20.423166275
71.646110535 -65.443939209 -89.040405273 18083.347656250 11.554988861 21.132816315
63.855098724 -62.165313721 -88.904190063 18790.357421875 4.766018391 5.543157101
56.554080963 -62.697875977 -89.865234375 19537.234375000 -5.025562763 -2.760413170
49.792068481 -61.584548950 -91.222534180 20324.314453125 -12.762177467 3.311992884
43.520057678 -60.483032227 -92.096450806 21163.066406250 -17.232175827 5.615043640
37.640045166 -58.623687744 -92.504959106 22070.847656250 -18.779479980 3.964914322
32.152034760 -56.466583252 -92.645889282 23065.826171875 -17.552923203 1.122671843
27.056020737 -54.391586304 -92.785430908 24169.347656250 -15.158915520 -0.996492386
22.303007126 -51.891784668 -92.938964844 25432.101562500 -15.484508514 -4.986354828
