963.694396973 28.947052002 21.327453613 0.000000000 1.067220211 8.715807915
960.821716309 28.702880859 20.664703369 29.942352295 0.975703955 11.400046349
955.567504883 28.182281494 20.222412109 82.189758301 0.731892884 12.945347786
946.503601074 27.385803223 19.768402100 168.115325928 0.539932489 14.411012650
933.180175781 26.195922852 19.159637451 292.722137451 0.806652725 16.715539932
916.102172852 24.716125488 18.568054199 454.672332764 1.311848760 18.895879745
895.762878418 22.946655273 17.969146729 648.231323242 1.954307199 20.665203094
873.612548828 21.045715332 17.236450195 866.494384766 2.761582851 22.211462021
849.674438477 19.172241211 14.892486572 1109.446166992 4.735666275 22.997121811
823.036621094 17.473602295 12.314514160 1383.448242188 7.071684837 21.808906555
793.714599609 14.630950928 11.217742920 1692.929931641 7.668421268 22.217845917
761.720214844 12.038726807 6.600524902 2040.200439453 9.262588501 23.575906754
727.132995605 11.201385498 -4.097747803 2429.690673828 15.754280090 25.002946854
689.927734375 8.676422119 -9.908416748 2866.912597656 21.697315216 28.815481186
650.013366699 5.243682861 -13.251037598 3357.423583984 27.639528275 30.710353851
607.344970703 1.808380127 -22.110610962 3907.803222656 33.669364929 30.120908737
562.329284668 -2.289672852 -31.243637085 4511.728027344 39.841655731 30.905958176
518.559387207 -6.830352783 -35.463500977 5137.322753906 43.861736298 29.950719833
478.994506836 -11.525848389 -35.573593140 5749.815917969 46.701881409 29.810966492
443.421081543 -16.394561768 -39.959014893 6336.158691406 50.241432190 30.870239258
411.263549805 -21.022445679 -45.373809814 6897.814941406 53.197734833 31.430723190
381.990386963 -25.178985596 -47.877548218 7437.204589844 54.259647369 31.408218384
355.537292480 -28.820449829 -49.569793701 7954.448730469 53.037944794 31.749271393
331.604522705 -31.940414429 -51.966964722 8449.721679688 50.975784302 32.881755829
309.938385010 -34.995544434 -54.987442017 8923.467773438 49.522476196 34.344997406
290.374633789 -37.975616455 -57.867401123 9375.277343750 47.731952667 35.224201202
272.697723389 -41.100906372 -59.607254028 9808.195312500 44.647602081 34.262039185
256.201721191 -44.226699829 -60.009552002 10226.101562500 41.185085297 31.547340393
241.243377686 -47.397064209 -59.936035156 10627.754882812 39.459560394 28.430919647
227.493347168 -50.548233032 -60.097991943 11021.357421875 40.209842682 25.958225250
213.697769165 -53.762115479 -61.091567993 11426.086914062 43.018627167 24.855083466
199.880630493 -56.888336182 -63.299804688 11852.332031250 46.555358887 25.164890289
186.062210083 -59.786361694 -66.226898193 12303.105468750 49.341747284 26.161897659
172.243865967 -61.920730591 -69.062713623 12783.121093750 52.070251465 27.567808151
158.425628662 -63.264541626 -71.666656494 13299.185546875 54.079601288 28.503469467
144.607437134 -64.265945435 -74.364715576 13859.429687500 54.735618591 27.513603210
130.789291382 -65.227172852 -77.464202881 14473.289062500 54.271522522 24.338630676
116.971221924 -66.349624634 -81.245391846 15152.794921875 51.606487274 18.894771576
103.153167725 -67.057586670 -85.852020264 15899.792968750 42.748935699 13.667341232
90.315139771 -65.823135376 -90.307678223 16675.160156250 26.797950745 10.293609619
80.025123596 -63.068069458 -90.712982178 17418.177734375 8.623472214 8.989546776
71.646110535 -62.895858765 -89.442047119 18121.705078125 2.625907421 13.014348984
63.855098724 -62.450195312 -89.277862549 18832.410156250 1.622233391 9.846876144
56.554080963 -61.139282227 -90.271392822 19581.564453125 -4.748413086 7.118191719
49.792068481 -60.689407349 -91.384033203 20373.138671875 -10.078650475 5.515927792
43.520057678 -59.775314331 -92.054244995 21215.041015625 -12.855216026 2.924474001
37.640045166 -58.279022217 -92.463073730 22125.015625000 -15.371088982 -0.036375158
32.152034760 -56.358825684 -92.708602905 23121.060546875 -16.382801056 -0.212261319
27.056020737 -53.696945190 -92.811996460 24226.916015625 -14.598837852 0.349431008
22.303007126 -51.220092773 -92.961883545 25493.691406250 -11.094522476 -0.542665005
