956.543212891 25.872802734 21.504211426 0.000000000 -7.905080318 10.456837654
953.695861816 26.136016846 21.366149902 29.679199219 -11.466860771 16.557090759
948.477172852 26.137420654 21.204589844 81.560424805 -12.796676636 19.694772720
939.479980469 26.606933594 20.838928223 167.189208984 -14.453798294 27.743406296
926.253601074 26.524627686 20.593109131 291.830505371 -12.732872963 33.677551270
909.308593750 25.733337402 20.092895508 454.256469727 -8.859583855 36.472938538
889.138183594 24.442138672 19.308959961 648.676696777 -3.184047699 36.066181183
867.182373047 22.827239990 18.681121826 868.085388184 1.928079724 35.066967010
843.439514160 20.286529541 19.246429443 1112.418457031 4.816417694 34.810310364
817.012207031 18.037933350 17.055877686 1387.580322266 7.582798004 33.273742676
787.970153809 15.995147705 12.886291504 1697.812500000 8.753165245 28.274303436
756.348510742 12.920227051 8.059875488 2045.055419922 11.794426918 23.057277679
722.211303711 11.411285400 -5.585205078 2432.882568359 18.668199539 16.274454117
685.542114258 10.339508057 -26.207901001 2867.848876953 19.952619553 14.442090034
646.234680176 8.114715576 -27.679718018 3357.531738281 22.231742859 17.085994720
604.183471680 4.559417725 -35.913681030 3908.118408203 28.916234970 17.619678497
559.771667480 -0.092346191 -45.000213623 4511.985839844 37.724082947 19.856264114
516.548522949 -5.160125732 -40.920318604 5136.746582031 45.793647766 24.248418808
477.437774658 -10.435333252 -37.778991699 5747.515625000 49.586292267 27.912340164
442.232971191 -14.900787354 -40.811248779 6332.345703125 47.795749664 29.830980301
410.375152588 -18.899856567 -45.918792725 6894.070312500 44.528301239 30.033317566
381.331359863 -23.119079590 -49.665206909 7434.710937500 43.398731232 30.876861572
355.056823730 -27.485107422 -51.662048340 7952.766601562 43.991722107 32.642250061
331.270690918 -31.867111206 -53.019165039 8447.096679688 44.927642822 34.245754242
309.715698242 -36.100906372 -54.084213257 8917.847656250 46.612152100 35.285110474
290.233825684 -40.035842896 -54.791549683 9365.016601562 49.099231720 35.115844727
272.614929199 -43.562088013 -55.004135132 9792.500976562 52.054904938 33.732639313
256.159179688 -46.761810303 -54.980438232 10204.944335938 55.501701355 31.440265656
241.225891113 -49.642517090 -55.512969971 10601.766601562 59.378456116 29.276903152
227.488616943 -52.121200562 -57.523971558 10991.637695312 63.621456146 27.018476486
213.697326660 -54.287536621 -60.942565918 11394.282226562 65.849761963 23.570804596
199.880508423 -56.387680054 -64.257415771 11820.469726562 64.592544556 18.918729782
186.062103271 -58.672073364 -66.850784302 12272.905273438 63.197410583 14.787859917
172.243789673 -61.074615479 -69.465057373 12755.096679688 63.484527588 13.058381081
158.425582886 -63.279953003 -72.583297729 13272.082031250 61.848369598 12.437448502
144.607421875 -65.260253906 -75.915222168 13830.897460938 56.000099182 11.943256378
130.789306641 -66.876220703 -78.945831299 14440.959960938 49.063392639 13.510587692
116.971229553 -68.016021729 -81.678466797 15115.033203125 44.078781128 15.711783409
103.153182983 -68.639923096 -84.494888306 15856.144531250 35.178585052 18.155151367
90.315155029 -67.265075684 -87.442901611 16625.859375000 20.512788773 16.825454712
80.025138855 -64.182556152 -89.199218750 17364.228515625 1.103775263 13.145277023
71.646118164 -64.638992310 -89.068283081 18062.984375000 -1.031977773 20.100164413
63.855102539 -62.325485229 -88.856048584 18771.085937500 2.380678177 12.691172600
56.554088593 -62.216903687 -89.623931885 19518.562500000 -1.693270683 2.762355804
49.792068481 -61.369247437 -90.784576416 20306.933593750 -9.238118172 -1.993909836
43.520057678 -59.713195801 -91.638580322 21147.734375000 -14.643018723 -2.351025820
37.640048981 -58.611846924 -92.222091675 22057.082031250 -18.007024765 -2.525690317
32.152034760 -57.087066650 -92.486251831 23050.599609375 -17.802471161 -2.651189327
27.056022644 -55.011703491 -92.670684814 24150.994140625 -13.712415695 -2.808969498
22.303007126 -52.513687134 -92.846282959 25410.230468750 -9.834914207 -4.019831181
