976.251037598 21.993286133 19.790313721 0.000000000 -2.505929708 8.273611069
973.348388672 21.888427734 19.655761719 29.173278809 -4.351174355 11.284618378
968.035400391 21.910186768 19.376220703 80.162384033 -4.968362331 14.439042091
958.873291016 21.945526123 19.340332031 164.302795410 -3.055135012 20.487409592
945.379150391 21.678833008 19.604156494 286.877441406 -0.024014054 28.821958542
928.036804199 21.174957275 20.768157959 447.131408691 1.189550281 34.660736084
907.356018066 20.468597412 20.589874268 639.749389648 1.090654016 39.187206268
884.802978516 19.784973145 19.933624268 858.129638672 2.216526508 43.417995453
860.391845703 19.326629639 18.623229980 1102.766235352 6.600071907 46.520225525
833.192871094 17.757720947 17.132019043 1379.796020508 9.596315384 44.726104736
803.259948730 16.243713379 12.447906494 1693.251098633 6.940806866 38.897796631
770.667785645 15.805816650 3.620727539 2046.302978516 7.040963650 34.513484955
735.432739258 14.526824951 -7.314147949 2443.347900391 15.529755592 34.857269287
697.465637207 10.261169434 -6.220306396 2888.241210938 23.974967957 32.823959351
656.684448242 5.727447510 -5.525360107 3386.401123047 33.055786133 24.477525711
613.035583496 1.769683838 -4.342315674 3945.325439453 43.719860077 15.967674255
566.942321777 -2.027557373 -4.838378906 4559.710937500 48.063072205 6.680122375
522.169189453 -6.684356689 -9.725891113 5196.501953125 50.109489441 0.998995006
481.796295166 -11.099182129 -18.267608643 5819.114257812 56.359249115 5.160400391
445.588989258 -14.822662354 -24.955062866 6415.559570312 60.411136627 9.346209526
412.916442871 -18.433746338 -24.631820679 6988.665039062 56.202857971 10.769455910
383.218750000 -21.322311401 -26.552429199 7541.299804688 49.110286713 13.659929276
356.429107666 -24.916168213 -30.384277344 8072.163085938 45.370780945 14.015932083
332.235504150 -28.758575439 -33.936614990 8579.283203125 43.344127655 13.272761345
310.369262695 -32.751846313 -38.022430420 9062.213867188 42.187927246 14.153936386
290.657104492 -36.815170288 -42.301452637 9520.327148438 41.367626190 13.236559868
272.874694824 -40.670883179 -46.490676880 9957.071289062 44.150066376 11.052649498
256.305023193 -44.194976807 -50.304092407 10377.100585938 48.145431519 8.759401321
241.299224854 -47.366180420 -53.822418213 10780.008789062 48.162277222 7.821678162
227.522674561 -50.310211182 -56.908355713 11174.516601562 46.116783142 9.690243721
213.714294434 -53.029479980 -60.025222778 11580.446289062 45.706291199 13.628874779
199.890777588 -55.940856934 -62.847473145 12008.528320312 48.981975555 18.933841705
186.066040039 -59.532745361 -65.619049072 12460.659179688 56.348377228 23.664302826
172.244415283 -63.465652466 -68.437713623 12939.243164062 65.063964844 24.914894104
158.426162720 -67.290527344 -71.495895386 13448.393554688 71.148483276 23.278312683
144.607940674 -70.746841431 -74.995727539 13994.432617188 70.444488525 20.733623505
130.789764404 -70.562896729 -76.194519043 14591.032226562 65.306022644 13.963477135
116.971565247 -67.044906616 -73.600372314 15261.084960938 54.429740906 6.524537086
103.153320312 -64.560775757 -73.548156738 16011.526367188 34.862045288 9.177061081
90.315177917 -64.770095825 -82.523757935 16793.523437500 21.068162918 15.521903038
80.025131226 -64.403060913 -88.424713135 17536.191406250 15.601189613 10.906579018
71.646110535 -63.517303467 -86.664703369 18236.455078125 7.293314934 3.506044388
63.855087280 -61.687332153 -87.376510620 18947.498046875 -0.229826033 4.186700344
56.554073334 -60.633300781 -91.426116943 19698.964843750 -5.963249207 4.391559601
49.792060852 -60.852691650 -92.568298340 20491.199218750 -10.000761986 4.236807346
43.520053864 -60.659469604 -92.563446045 21330.949218750 -14.298524857 3.959519625
37.640045166 -59.329162598 -92.920227051 22236.626953125 -17.114479065 3.105013132
32.152030945 -56.965927124 -93.295257568 23228.824218750 -17.352785110 0.177715868
27.056020737 -54.811965942 -93.612579346 24330.080078125 -18.776250839 -4.840431690
22.303007126 -52.968200684 -93.625885010 25588.335937500 -21.748502731 -6.989272594
