968.316223145 29.938385010 20.887420654 0.000000000 -2.388716221 16.380546570
965.437194824 29.257110596 20.487182617 29.997283936 -2.782738447 19.510490417
960.154052734 28.662963867 20.231964111 82.293884277 -3.135396719 20.999176025
951.055786133 27.814788818 19.758361816 168.339477539 -3.100111723 22.005571365
937.669067383 26.616699219 19.029266357 293.086456299 -2.746797085 22.802547455
920.498657227 25.014007568 18.582305908 455.272064209 -2.039025545 23.534440994
900.044921875 23.039886475 18.869384766 649.304931641 -0.646729589 24.034357071
877.726196289 20.691406250 20.332580566 868.403686523 1.716880679 24.448179245
853.558349609 18.730957031 18.957977295 1112.574829102 7.127543449 24.121362686
826.670776367 16.984710693 15.833404541 1388.019165039 14.287869453 23.006479263
797.077758789 14.822631836 13.376922607 1699.188476562 18.025972366 22.760314941
764.806091309 12.053680420 10.276245117 2048.737060547 21.411666870 22.635164261
729.855468750 10.428314209 5.778564453 2440.728515625 21.003099442 27.770650864
692.304199219 11.262023926 -11.161743164 2882.257080078 23.431566238 35.992042542
652.104675293 7.208343506 -16.293182373 3378.741455078 27.961341858 38.715373993
609.128662109 2.289031982 -18.717407227 3933.853759766 33.937038422 36.204051971
563.770812988 -2.410125732 -24.868621826 4541.067871094 38.162220001 33.428810120
519.689025879 -7.072357178 -29.307937622 5169.305175781 39.256294250 33.427356720
479.871673584 -11.061859131 -33.988159180 5784.778808594 39.950851440 34.027229309
444.093200684 -15.440063477 -38.694046021 6375.096191406 41.454425812 34.861732483
411.769409180 -20.040954590 -42.923538208 6940.992675781 44.746776581 35.755706787
382.362335205 -24.824279785 -45.919189453 7483.731445312 49.576099396 36.328380585
355.803527832 -29.210906982 -48.502365112 8002.561035156 53.631713867 36.855392456
331.789459229 -32.825851440 -51.286041260 8497.935546875 54.534786224 37.165828705
310.061950684 -35.836425781 -54.181137085 8971.082031250 50.750152588 36.647796631
290.452758789 -38.751571655 -57.030715942 9422.224609375 43.705387115 35.264362335
272.743408203 -41.911819458 -59.282730103 9854.388671875 37.850440979 33.813270569
256.224884033 -45.236633301 -61.117614746 10271.193359375 36.515842438 32.018428802
241.252532959 -48.281967163 -62.807006836 10671.576171875 38.643806458 29.717735291
227.495513916 -50.941513062 -63.779907227 11064.230468750 41.857006073 28.182125092
213.697738647 -53.832077026 -63.721679688 11468.536132812 44.716510773 27.078420639
199.880554199 -57.108673096 -63.897964478 11894.514648438 47.178527832 24.603754044
186.062103271 -60.454406738 -65.690139771 12344.322265625 48.879459381 22.476991653
172.243774414 -63.217544556 -68.780883789 12822.048828125 49.691169739 24.819469452
158.425506592 -64.728027344 -71.915771484 13334.748046875 51.862968445 29.902996063
144.607360840 -64.928237915 -75.028747559 13892.176757812 54.201274872 31.867647171
130.789245605 -65.259399414 -78.956329346 14505.078125000 52.673152924 30.617418289
116.971191406 -66.129013062 -83.581817627 15184.833984375 48.510017395 26.944250107
103.153144836 -66.585723877 -88.322875977 15933.031250000 43.676918030 18.613998413
90.315139771 -65.843429565 -90.766754150 16709.220703125 36.583732605 7.633836746
80.025123596 -63.386856079 -90.134216309 17451.617187500 21.105587006 5.335733891
71.646110535 -62.003540039 -89.389038086 18156.070312500 -3.188391209 18.050527573
63.855098724 -61.668273926 -89.565063477 18869.634765625 -0.541960537 15.751143456
56.554080963 -62.268005371 -90.212219238 19618.166015625 -4.099564552 10.468724251
49.792068481 -61.741363525 -91.219696045 20405.742187500 -10.012375832 7.370931625
43.520057678 -60.018981934 -91.939804077 21245.148437500 -12.635326385 6.169768333
37.640048981 -57.814254761 -92.005798340 22155.599609375 -13.958067894 6.189556599
32.152034760 -56.008010864 -92.019592285 23153.408203125 -14.030032158 3.718975067
27.056022644 -54.603897095 -92.183624268 24257.484375000 -12.421724319 0.730005741
22.303007126 -53.282257080 -92.276794434 25515.433593750 -11.340217590 3.137883663
