961.185729980 30.635009766 21.553070068 0.000000000 -3.176914454 12.815961838
958.325134277 30.369628906 21.230865479 30.127899170 -4.752395153 17.604173660
953.079589844 29.816223145 21.033355713 82.699707031 -6.530198574 20.431228638
944.042968750 28.818267822 20.634948730 169.117218018 -8.009578705 23.725143433
930.748291016 27.610076904 19.823150635 294.409881592 -8.491561890 27.825559616
913.713256836 26.078918457 19.269927979 457.149261475 -7.823635578 30.545621872
893.431945801 23.976867676 19.567718506 651.697753906 -6.221871853 32.633632660
871.320251465 22.036804199 19.683563232 871.190551758 -2.302516699 35.164695740
847.409301758 20.400787354 18.426727295 1115.795532227 3.756254911 34.922977448
820.810546875 18.925689697 15.946533203 1391.850830078 10.306574821 30.907953262
791.562194824 16.977539062 12.552001953 1703.780273438 14.864043236 25.644596100
759.699035645 14.465789795 7.590057373 2053.687011719 17.306840897 22.973979950
725.269287109 13.395812988 -3.213378906 2445.683593750 24.299037933 20.535909653
688.255859375 12.005401611 -13.968048096 2885.876220703 29.137489319 18.740694046
648.580017090 9.595367432 -23.174285889 3381.153320312 31.329404831 21.395324707
606.163024902 5.120330811 -28.020858765 3936.850097656 32.273368835 23.570793152
561.370605469 -0.144439697 -29.585540771 4544.654296875 35.564662933 25.189790726
517.798461914 -5.084442139 -34.894958496 5172.847167969 38.898460388 26.421228409
478.403350830 -10.014739990 -36.795562744 5787.309082031 41.052619934 26.836730957
442.968170166 -14.697387695 -40.010513306 6375.628906250 42.504051208 27.333324432
410.922851562 -19.559432983 -43.168029785 6939.374511719 43.780620575 27.430849075
381.738159180 -24.258392334 -46.741363525 7480.167480469 46.021492004 27.231351852
355.354858398 -28.354827881 -50.112701416 7997.854003906 48.881549835 26.886598587
331.477691650 -31.920272827 -53.114776611 8492.684570312 50.819019318 26.696664810
309.853454590 -35.380340576 -55.394424438 8965.290039062 52.033432007 26.405952454
290.320526123 -38.837966919 -56.979629517 9415.245117188 53.761169434 26.656038284
272.665466309 -42.195922852 -58.131195068 9845.870117188 55.830787659 26.859050751
256.184661865 -45.335189819 -59.243591309 10261.432617188 56.935092926 26.686321259
241.235916138 -48.109039307 -60.736511230 10661.284179688 56.346572876 26.019266129
227.490905762 -50.620498657 -62.404937744 11054.071289062 54.786643982 25.345790863
213.697189331 -53.060989380 -64.128417969 11459.321289062 54.088153839 24.727512360
199.880355835 -55.550170898 -65.734390259 11887.571289062 54.640563965 23.745002747
186.062011719 -58.075561523 -67.735595703 12341.561523438 55.547187805 21.558866501
172.243728638 -60.794342041 -70.195922852 12824.801757812 55.203224182 18.125823975
158.425521851 -63.841644287 -72.935653687 13341.424804688 53.182479858 14.799316406
144.607376099 -66.218917847 -76.211212158 13898.182617188 51.273792267 12.911249161
130.789291382 -67.907394409 -79.989517212 14505.180664062 48.666034698 11.654197693
116.971229553 -68.961105347 -83.324401855 15176.022460938 43.232093811 8.246041298
103.153190613 -69.971725464 -86.395782471 15913.103515625 34.886821747 6.873254776
90.315177917 -68.697860718 -88.153381348 16677.708984375 23.851877213 8.068306923
80.025154114 -65.606170654 -89.230957031 17411.044921875 9.025688171 10.474802971
71.646133423 -63.746047974 -88.743148804 18108.890625000 1.545864463 12.984518051
63.855117798 -62.348434448 -88.808319092 18818.476562500 -3.383323193 11.845112801
56.554096222 -61.447998047 -89.604797363 19567.320312500 -6.976299763 5.506285191
49.792079926 -61.566040039 -90.608581543 20356.703125000 -9.853076935 2.710059404
43.520069122 -60.133178711 -91.297515869 21196.289062500 -11.837067604 3.863390207
37.640056610 -57.612411499 -91.575500488 22106.951171875 -14.933063507 2.203648090
32.152042389 -55.599334717 -91.630126953 23106.283203125 -15.917158127 -0.085139222
27.056024551 -53.035156250 -91.531158447 24215.667968750 -11.859635353 -0.377247185
22.303007126 -50.304214478 -91.364624023 25486.900390625 -5.485126019 -1.123049140
