960.030334473 25.869995117 21.237854004 0.000000000 -6.700154781 5.425544739
957.175598145 25.938964844 21.207519531 29.630676270 -9.815760612 9.007009506
951.942260742 25.823974609 21.296936035 81.477569580 -11.340357780 11.783255577
942.915161133 25.940124512 21.308044434 166.956115723 -12.174172401 18.664670944
929.635253906 25.659179688 21.492034912 291.385803223 -10.870335579 25.668357849
912.606262207 24.734588623 21.532257080 453.611877441 -8.420691490 29.941116333
892.322082520 23.238555908 21.351806641 647.898498535 -5.802762508 32.330116272
870.230102539 21.509735107 21.040222168 867.258361816 -2.327550173 33.842159271
846.344238281 19.535858154 19.770355225 1111.503417969 2.609968424 32.937358856
819.775939941 17.675506592 17.803863525 1386.886718750 6.963719845 28.080047607
790.555419922 15.452789307 14.888885498 1697.727783203 8.977544785 22.147558212
758.717407227 12.653076172 11.814331055 2046.381103516 9.843344688 19.553846359
724.277954102 10.263732910 5.334777832 2435.976562500 11.403453827 17.009569168
687.320312500 9.532867432 -16.086669922 2872.122802734 16.967603683 15.472673416
647.786132812 7.638336182 -31.300201416 3362.607666016 20.431604385 21.238500595
605.505554199 3.752685547 -26.129089355 3913.856445312 22.914649963 24.930061340
560.849121094 -0.971954346 -34.482147217 4518.002441406 31.294128418 25.472915649
517.411499023 -5.434417725 -40.811752319 5143.495117188 41.494831085 28.763074875
478.112579346 -10.568542480 -42.986267090 5755.800781250 46.239799500 30.189502716
442.736999512 -15.478668213 -43.484252930 6341.861816406 47.217449188 29.694511414
410.726409912 -19.761108398 -45.790893555 6903.990722656 46.585201263 30.323844910
381.583587646 -23.769515991 -49.340042114 7444.461425781 46.536418915 31.340309143
355.245666504 -27.900466919 -52.036437988 7962.447753906 47.800270081 31.413570404
331.401733398 -31.982696533 -53.426284790 8457.125976562 49.562561035 30.213142395
309.803131104 -35.910400391 -54.306121826 8928.770507812 51.090881348 28.949403763
290.288879395 -39.424133301 -54.822418213 9377.345703125 52.610733032 28.498516083
272.647003174 -42.755020142 -55.402511597 9806.605468750 54.550067902 28.536067963
256.175231934 -45.931823730 -56.428985596 10220.927734375 57.383415222 28.013252258
241.232162476 -48.853897095 -58.197540283 10619.430664062 60.223701477 26.350576401
227.490005493 -51.394149780 -60.602111816 11010.796875000 60.683734894 23.809513092
213.697219849 -53.698913574 -63.332244873 11414.708984375 58.403034210 21.257091522
199.880432129 -56.129287720 -65.744934082 11841.786132812 55.770526886 19.458227158
186.062072754 -58.806945801 -67.754653931 12294.384765625 55.138191223 17.935195923
172.243804932 -61.510391235 -69.874023438 12775.914062500 56.086936951 16.742671967
158.425582886 -64.119567871 -72.466049194 13291.340820312 56.635936737 16.139142990
144.607421875 -66.181182861 -75.187973022 13847.796875000 55.061695099 16.225648880
130.789291382 -67.415252686 -78.358093262 14455.656250000 52.625686646 16.422529221
116.971229553 -67.685012817 -81.692474365 15129.509765625 48.061164856 13.989689827
103.153182983 -67.516082764 -85.264938354 15873.458007812 35.325302124 11.276721001
90.315155029 -66.226516724 -88.431213379 16647.193359375 17.182739258 11.178314209
80.025138855 -63.933563232 -89.135971069 17387.919921875 0.701550007 16.813505173
71.646118164 -64.059768677 -88.822784424 18088.083984375 2.073287487 18.404710770
63.855102539 -62.760040283 -88.879989624 18796.318359375 -0.147365540 12.419813156
56.554088593 -61.627426147 -89.709136963 19544.111328125 -2.904263973 6.579584122
49.792068481 -60.825912476 -90.915588379 20334.583984375 -6.520925999 0.489713192
43.520057678 -59.812789917 -91.811508179 21176.244140625 -12.831040382 -2.166718721
37.640048981 -57.948577881 -92.232421875 22086.875000000 -16.797584534 -2.662182331
32.152034760 -55.789916992 -92.409027100 23084.927734375 -17.932081223 -2.296011686
27.056022644 -54.244796753 -92.565124512 24190.529296875 -14.957726479 -2.600962639
22.303007126 -52.043121338 -92.683670044 25453.357421875 -9.030785561 -3.477806568
