963.438903809 26.688354492 22.213134766 0.000000000 -1.760719180 7.137979984
960.568908691 26.758850098 21.834869385 29.798156738 -2.731199265 12.021264076
955.312194824 26.376281738 21.639739990 81.804168701 -3.478219032 13.664385796
946.246154785 25.694702148 21.492828369 167.377929688 -4.136564732 16.874828339
932.912048340 24.609832764 21.329010010 291.606506348 -3.699376822 21.299980164
915.805236816 23.415740967 21.037353516 453.258605957 -1.169443965 26.257219315
895.443908691 21.788391113 20.439758301 646.642333984 1.760422587 31.384721756
873.259521484 20.152313232 19.735931396 864.906860352 6.472041607 35.278392792
849.274597168 18.405181885 18.609222412 1108.120971680 10.707142830 32.755348206
822.599853516 17.296417236 15.300964355 1382.617065430 13.016277313 27.020227432
793.273437500 15.364166260 11.466094971 1692.859985352 14.898542404 24.554145813
761.298767090 12.473693848 8.944824219 2041.147338867 17.125324249 24.594892502
726.691894531 10.014556885 2.416015625 2430.828125000 20.824882507 24.484659195
689.483764648 7.624572754 -6.910858154 2866.943359375 23.823720932 22.236509323
649.604003906 4.349884033 -11.162231445 3355.850097656 32.152965546 22.941738129
606.990173340 2.103485107 -22.364654541 3905.438476562 37.898174286 25.819141388
562.040649414 -1.839141846 -37.064666748 4509.563964844 39.874420166 26.389739990
518.329162598 -6.296875000 -33.355194092 5135.722167969 41.885463715 25.099220276
478.813903809 -10.849884033 -39.602172852 5749.038574219 48.544025421 26.300428391
443.285339355 -15.438262939 -49.765380859 6336.645507812 56.866695404 27.163190842
411.161956787 -19.976806641 -52.749450684 6900.051269531 61.107376099 27.277088165
381.916961670 -24.286117554 -52.130218506 7441.128417969 62.011577606 27.418910980
355.483795166 -28.056701660 -51.838806152 7959.714355469 60.979465485 26.814100266
331.567291260 -31.494491577 -52.715560913 8455.993164062 58.358222961 25.237722397
309.912963867 -34.624832153 -54.861175537 8930.340820312 54.068881989 23.193565369
290.357940674 -37.687774658 -58.128295898 9382.590820312 48.114910126 22.205936432
272.687347412 -40.560409546 -62.174636841 9816.147460938 41.680122375 22.749380112
256.195922852 -43.569869995 -64.614837646 10235.065429688 36.853977203 22.677335739
241.240631104 -46.606643677 -64.036682129 10637.981445312 34.118953705 21.234193802
227.492233276 -49.733535767 -63.363449097 11032.954101562 34.154472351 19.984024048
213.697357178 -52.937332153 -64.177490234 11439.136718750 36.293441772 19.944337845
199.880432129 -56.034454346 -65.911651611 11867.060546875 40.193889618 21.206014633
186.062103271 -59.083526611 -68.060729980 12319.420898438 45.144886017 22.171190262
172.243850708 -61.915191650 -70.289733887 12800.161132812 50.252151489 21.446830750
158.425628662 -64.455017090 -72.455932617 13314.631835938 53.862579346 19.639574051
144.607467651 -66.654098511 -74.406600952 13870.016601562 56.526416779 18.227041245
130.789321899 -67.727294922 -77.017456055 14476.811523438 56.458869934 15.890460014
116.971229553 -68.287002563 -80.126403809 15149.152343750 52.103023529 13.554404259
103.153167725 -68.565124512 -84.591003418 15889.957031250 43.657573700 13.274458885
90.315139771 -66.012527466 -89.387695312 16662.156250000 26.633483887 12.549491882
80.025123596 -62.676757812 -90.231918335 17405.445312500 7.641863823 12.432640076
71.646110535 -62.761032104 -88.999267578 18109.839843750 7.223280430 9.802483559
63.855098724 -61.058486938 -89.219238281 18823.181640625 1.555433750 7.049934387
56.554080963 -60.321517944 -90.361129761 19576.312500000 -6.655823231 3.567562580
49.792068481 -60.118927002 -91.538314819 20370.542968750 -11.954553604 0.992130458
43.520057678 -59.133255005 -92.387969971 21214.851562500 -13.076714516 1.563814759
37.640045166 -56.927169800 -92.647171021 22129.070312500 -15.154688835 0.708258867
32.152034760 -55.268630981 -92.732666016 23130.617187500 -17.755313873 -1.046354890
27.056020737 -54.214645386 -92.857666016 24237.527343750 -14.814194679 -0.896317065
22.303007126 -52.074707031 -92.991119385 25500.240234375 -9.027652740 1.471697807
