965.996398926 29.783081055 20.639526367 0.000000000 1.267279863 13.463331223
963.125732422 29.029327393 20.435363770 29.970458984 1.389255881 15.595216751
957.859558105 28.329986572 20.308837891 82.202880859 0.454035074 16.508811951
948.779052734 27.156066895 20.048187256 168.043609619 -0.878186941 17.333950043
935.427490234 25.698638916 19.527282715 292.481170654 -1.576937675 18.625869751
918.309204102 23.935180664 19.066558838 454.115020752 -1.013328552 19.343280792
897.924621582 22.030914307 19.019836426 647.330200195 0.592710018 19.447423935
875.682495117 20.017730713 19.716094971 865.431396484 3.132241726 18.948015213
851.622680664 18.235931396 18.390441895 1108.541992188 7.160096169 18.670980453
824.860229492 16.563079834 15.110778809 1382.741088867 11.430096626 18.901199341
795.410156250 14.362152100 12.552368164 1692.527343750 15.717485428 20.416210175
763.282714844 11.605590820 10.532073975 2040.583007812 18.120529175 21.858390808
728.494140625 9.403961182 4.880889893 2430.408691406 17.819747925 24.247005463
691.122558594 10.198425293 -10.151580811 2869.073242188 18.919166565 35.470146179
651.100097656 6.645599365 -14.345977783 3362.855468750 21.539091110 39.870285034
608.306030273 1.973632812 -18.197174072 3915.609863281 28.166532516 38.722377777
563.134704590 -2.755767822 -23.439590454 4520.401367188 34.844501495 35.917751312
519.220520020 -7.301483154 -28.869445801 5146.218261719 38.852382660 35.291473389
479.536224365 -11.267272949 -33.530914307 5759.665039062 40.520797729 36.206848145
443.855438232 -15.511322021 -38.508911133 6348.435058594 41.620830536 37.813877106
411.603698730 -20.010162354 -43.520324707 6913.328613281 43.942901611 38.990253448
382.251129150 -24.610076904 -47.672317505 7455.476562500 48.000389099 39.417781830
355.732696533 -28.900604248 -50.424224854 7974.209960938 52.069438934 39.014270782
331.747375488 -32.416290283 -52.527038574 8469.805664062 52.547035217 37.630886078
310.040832520 -35.582000732 -55.030944824 8943.198242188 47.074657440 35.736232758
290.446258545 -38.695159912 -57.099792480 9394.346679688 38.760261536 34.129692078
272.745635986 -42.002883911 -58.172851562 9826.221679688 33.678878784 32.437606812
256.231842041 -45.300109863 -59.447296143 10242.697265625 33.738258362 30.995800018
241.261047363 -48.336761475 -61.129333496 10642.909179688 36.755184174 30.026933670
227.502487183 -51.123077393 -62.816741943 11035.407226562 40.919979095 29.808334351
213.700469971 -54.009750366 -63.748184204 11439.514648438 45.268306732 29.193393707
199.880569458 -57.352935791 -64.171417236 11865.174804688 49.813964844 26.380414963
186.062133789 -60.744430542 -65.769226074 12314.483398438 53.998298645 22.044641495
172.243789673 -63.527221680 -68.818084717 12791.531250000 55.760662079 21.065200806
158.425552368 -64.407653809 -71.986526489 13304.246093750 55.541374207 25.481792450
144.607376099 -64.273391724 -75.357879639 13863.004882812 53.976444244 29.350461960
130.789260864 -64.715225220 -79.200302124 14477.747070312 49.889656067 29.804759979
116.971191406 -66.183425903 -83.714416504 15158.381835938 44.978137970 27.844093323
103.153152466 -67.436126709 -88.079833984 15904.985351562 41.098796844 22.094787598
90.315139771 -66.830078125 -90.738647461 16677.816406250 36.912918091 12.401454926
80.025123596 -63.797775269 -90.358093262 17417.656250000 24.879661560 4.608381271
71.646110535 -59.665847778 -88.923187256 18125.277343750 -0.891634405 18.565801620
63.855098724 -61.280654907 -89.495361328 18843.373046875 -1.013135791 14.887431145
56.554080963 -61.045074463 -90.303817749 19594.843750000 -5.982980728 7.934766769
49.792068481 -60.660461426 -91.253509521 20386.703125000 -11.450983047 4.793892384
43.520057678 -59.892074585 -91.893081665 21228.480468750 -14.153561592 4.157481670
37.640048981 -58.321380615 -92.041931152 22138.037109375 -15.312591553 5.516013622
32.152034760 -56.329071045 -92.058807373 23134.011718750 -16.149869919 5.293879032
27.056022644 -54.378631592 -92.167755127 24238.121093750 -15.410802841 3.075278282
22.303007126 -52.581314087 -92.215087891 25498.898437500 -14.316184044 4.886161327
