940.227050781 23.368286133 21.306457520 0.000000000 -5.907657623 15.563027382
937.428344727 23.450927734 21.195159912 29.423278809 -7.266941071 22.704704285
932.307373047 23.410186768 20.996582031 80.787414551 -8.127109528 26.709560394
923.481262207 23.570526123 20.674224854 165.396545410 -9.251138687 35.673694611
910.515136719 23.741333008 20.382568359 288.533691406 -8.042372704 43.036323547
893.908813477 23.362457275 19.958465576 448.943847656 -4.156022072 47.538707733
874.179992676 22.281097412 19.341491699 640.905639648 2.670027733 47.934505463
852.731018066 20.534973145 18.912811279 857.285888672 9.505943298 44.632900238
829.583923340 18.326629639 18.145721436 1097.766235352 14.253959656 39.716770172
803.856872559 16.257720947 16.128936768 1368.139770508 17.493183136 35.249862671
775.627990723 14.056213379 11.719696045 1672.344970703 18.603874207 29.057083130
744.963806152 12.493316650 2.886291504 2012.896728516 22.105758667 19.327201843
711.840698242 11.276824951 -0.930450439 2394.504150391 23.305133820 9.708781242
676.205627441 9.511169434 -8.081878662 2822.678710938 19.115358353 9.862298012
638.040466309 7.477447510 -32.713043213 3303.463623047 22.850601196 14.150851250
597.247558594 3.582183838 -33.361907959 3842.825439453 27.561653137 14.631280899
554.106323242 -1.402557373 -36.313507080 4433.429687500 34.334671021 16.763814926
512.059204102 -6.434356689 -40.506835938 5044.220703125 41.483680725 22.745754242
473.937072754 -11.349182129 -37.598480225 5641.958007812 45.668106079 28.365043640
439.544189453 -15.760162354 -39.867874146 6215.247070312 44.374420166 31.335948944
408.342041016 -19.621246338 -45.442321777 6766.727539062 41.016571045 32.759197235
379.840362549 -23.697311401 -49.538070679 7298.331054688 39.634044647 34.191787720
353.993072510 -27.978668213 -52.066467285 7808.631835938 40.146701813 35.155239105
330.530303955 -32.258575439 -53.343795776 8296.564453125 41.521774292 35.141010284
309.220245361 -36.376846313 -54.002975464 8762.151367188 43.767303467 34.321323395
289.919342041 -40.190170288 -54.131500244 9205.358398438 46.470214844 32.675003052
272.429656982 -43.545883179 -53.990615845 9629.977539062 49.252658844 30.612583160
256.063720703 -46.694976807 -53.853332520 10040.413085938 52.640571594 27.833375931
241.186935425 -49.678680420 -54.479400635 10435.883789062 57.031066895 24.951807022
227.478393555 -52.247711182 -56.576416016 10824.766601562 62.274993896 22.446722031
213.696762085 -54.279479980 -60.154876709 11226.946289062 65.752182007 19.946369171
199.880508423 -55.878356934 -63.795013428 11653.653320312 65.626144409 16.139564514
186.062072754 -57.845245361 -66.615325928 12107.534179688 64.245246887 12.487196922
172.243728638 -60.340652466 -69.417358398 12591.524414062 63.363105774 11.307983398
158.425537109 -62.540527344 -72.855377197 13110.424804688 60.457336426 11.979717255
144.607376099 -63.996841431 -76.601852417 13671.995117188 54.407772064 13.079736710
130.789306641 -65.312896729 -79.543548584 14286.188476562 47.568439484 15.056889534
116.971229553 -66.732406616 -82.037963867 14964.928710938 42.159225464 16.972702026
103.153182983 -67.560775757 -84.649444580 15710.370117188 33.525650024 16.344987869
90.315155029 -66.395095825 -87.469833374 16483.710937500 14.993649483 12.241665840
80.025138855 -64.965560913 -89.011306763 17222.285156250 -2.379371166 19.046428680
71.646118164 -65.829803467 -89.237670898 17917.798828125 2.555194378 20.028722763
63.855102539 -63.187332153 -88.928237915 18622.498046875 4.265314102 12.326548576
56.554088593 -61.258300781 -89.783111572 19370.183593750 -4.262385368 2.083244324
49.792068481 -61.477691650 -91.068313599 20160.074218750 -13.888450623 -2.445157766
43.520057678 -60.659469604 -91.995132446 20998.699218750 -16.606840134 1.043753028
37.640048981 -58.329162598 -92.290359497 21906.689453125 -17.964910507 1.768620014
32.152034760 -56.840927124 -92.549560547 22901.386718750 -18.810667038 -0.551225781
27.056020737 -54.936965942 -92.778991699 24002.580078125 -18.411779404 -2.167645693
22.303007126 -52.468200684 -92.943222046 25262.210937500 -16.038459778 -5.895860195
