975.865722656 25.072509766 20.863403320 0.000000000 0.346303642 6.133996487
972.965148926 25.682128906 20.354553223 29.502899170 -1.836628437 14.445426941
967.655639648 26.003723145 20.114227295 81.199707031 -3.857412815 19.094835281
958.498962402 25.943267822 19.689971924 166.460968018 -6.187224388 24.940046310
945.028259277 25.110076904 19.168121338 290.378631592 -7.155168533 30.133874893
927.737243652 23.828918457 18.728576660 451.743011475 -6.487242699 35.040760040
907.135925293 22.226867676 18.396789551 644.885253906 -4.035047054 40.166027069
884.664245605 20.474304199 17.793029785 863.065551758 -0.966123521 45.491367340
860.361328125 18.400787354 16.370178223 1106.264282227 2.541352034 48.894359589
833.282592773 16.363189697 14.361450195 1380.663330078 8.605710983 47.673610687
803.442199707 14.727539062 12.593231201 1691.467773438 15.471494675 44.354099274
770.843139648 12.965789795 11.591064453 2042.374511719 22.773902893 41.926464081
735.469299316 10.583312988 10.817382812 2437.402343750 28.915668488 37.544548035
697.359863281 8.880401611 5.817565918 2881.501220703 34.604553223 33.319526672
656.503967285 6.657867432 3.644714355 3381.809570312 36.553485870 30.142623901
612.795104980 3.307830811 3.507568359 3945.381347656 36.161056519 26.729539871
566.670654297 -0.831939697 -0.636108398 4564.435546875 35.078701019 24.460847855
521.914428711 -5.834442139 -5.797515869 5204.347167969 38.291007996 23.748441696
481.571380615 -11.077239990 -12.266601562 5828.309082031 43.725406647 25.257356644
445.387329102 -15.822387695 -17.569198608 6423.878906250 47.242172241 26.847364426
412.745239258 -19.996932983 -22.149475098 6994.124511719 47.911289215 27.309358597
383.087005615 -24.383392334 -26.918243408 7541.292480469 47.965335846 26.988370895
356.334838867 -28.792327881 -31.732910156 8064.166503906 49.489002228 27.372558594
332.174102783 -32.357772827 -35.539672852 8562.965820312 50.819019318 27.790077209
310.333862305 -35.005340576 -38.372222900 9039.508789062 50.575550079 29.564701080
290.637481689 -37.525466919 -41.048095703 9494.370117188 48.294105530 33.580982208
272.861450195 -40.508422852 -44.168701172 9930.401367188 44.532192230 37.793174744
256.293518066 -43.897689819 -47.734191895 10350.807617188 41.748809814 39.564289093
241.287826538 -47.421539307 -51.355407715 10753.940429688 41.160289764 39.018726349
227.510864258 -50.682998657 -54.743530273 11148.133789062 42.394634247 37.251838684
213.702301025 -53.935989380 -58.031707764 11552.946289062 45.219364166 34.932697296
199.881484985 -56.987670898 -61.179061890 11979.102539062 48.930519104 31.884849548
186.062576294 -60.325561523 -64.554031372 12429.186523438 51.538009644 28.483812332
172.244003296 -64.294342041 -68.561294556 12905.801757812 51.315536499 27.966537476
158.425704956 -67.591644287 -71.840911865 13413.518554688 55.004833221 29.013679504
144.607498169 -68.656417847 -74.382476807 13962.088867188 65.002189636 27.854553223
130.789352417 -67.344894409 -76.132003784 14566.618164062 70.898757935 23.560245514
116.971267700 -64.461105347 -81.284942627 15246.116210938 62.306064606 12.984162331
103.153205872 -62.346725464 -82.855316162 16005.322265625 35.615764618 6.144312859
90.315147400 -63.510360718 -83.418670654 16793.927734375 13.646693230 14.628782272
80.025115967 -63.168670654 -90.089706421 17541.013671875 12.184434891 17.035278320
71.646102905 -62.746047974 -89.809082031 18244.609375000 8.956770897 12.255576134
63.855087280 -62.973434448 -89.407745361 18954.757812500 -0.103085808 4.434206009
56.554073334 -62.072998047 -90.944061279 19701.351562500 -4.667984486 7.693109989
49.792060852 -60.191040039 -92.133941650 20492.140625000 -8.273703575 2.831549644
43.520053864 -59.258178711 -92.694702148 21336.101562500 -14.145382881 -4.519438744
37.640045166 -58.612411499 -92.872497559 22246.388671875 -17.119888306 -5.085768700
32.152030945 -57.099334717 -93.024826050 23239.783203125 -17.375041962 -3.486866951
27.056020737 -55.160156250 -93.169525146 24339.730468750 -17.448188782 -1.956620812
22.303007126 -52.429214478 -93.231857300 25598.806640625 -15.325838089 -1.730500460
