968.751098633 27.246826172 21.353637695 0.000000000 1.195456505 -2.405090809
965.868041992 27.071136475 20.856719971 29.757720947 1.142708659 -0.684116900
960.585449219 26.690551758 20.501342773 81.732391357 0.666580021 1.896654248
951.481689453 26.094299316 20.279998779 167.306365967 0.258300304 6.623177528
938.074401855 25.254150391 19.978240967 291.568206787 0.198170632 11.813528061
920.884155273 23.810394287 19.738403320 453.325775146 0.705813706 16.291898727
900.403564453 21.949310303 19.256408691 646.755859375 1.806552410 19.867235184
878.092346191 19.822479248 18.471405029 864.892944336 3.110433578 21.805614471
853.949523926 17.858917236 17.363708496 1107.765380859 5.693681240 23.884614944
827.095214844 16.561340332 13.302398682 1381.806274414 8.916239738 25.064317703
797.544921875 14.392791748 11.195251465 1691.685668945 11.983317375 24.162427902
765.285766602 12.100860596 8.967010498 2040.410278320 16.450124741 21.972452164
730.317626953 9.240539551 6.823669434 2431.565673828 17.772579193 22.575946808
692.679321289 7.890045166 -2.408355713 2870.461914062 20.226211548 25.749183655
652.380126953 5.344787598 -8.764190674 3363.813720703 26.511686325 31.648498535
609.333190918 1.505462646 -15.167449951 3917.305908203 33.434394836 37.106647491
563.923339844 -3.363891602 -20.937789917 4523.287597656 37.853157043 37.875263214
519.804687500 -7.871643066 -27.395797729 5149.955566406 41.995170593 37.265815735
479.957427979 -12.064880371 -33.453720093 5763.656738281 46.443668365 37.584602356
444.159149170 -16.524078369 -38.158752441 6351.887207031 49.315147400 38.628627777
411.818664551 -20.883285522 -41.591018677 6915.921386719 49.545898438 39.708850861
382.397888184 -25.110763550 -45.379257202 7457.629394531 48.437618256 40.188098907
355.829223633 -28.815444946 -49.562606812 7976.785644531 46.992187500 39.682437897
331.808074951 -31.870712280 -53.208496094 8473.700195312 44.838432312 38.911331177
310.074829102 -34.682327271 -56.125167847 8949.086914062 41.394191742 38.758304596
290.461517334 -37.716171265 -58.345718384 9402.389648438 37.551616669 38.933616638
272.749114990 -40.919937134 -59.134262085 9836.440429688 35.872764587 38.301753998
256.228271484 -44.275985718 -59.103408813 10255.018554688 37.707382202 36.317020416
241.254318237 -47.528366089 -59.015655518 10656.936523438 41.660346985 33.895847321
227.496246338 -50.749298096 -59.636230469 11050.450195312 45.646057129 32.065574646
213.697982788 -54.319305420 -61.070495605 11454.536132812 48.389324188 30.803836823
199.880661011 -57.952560425 -63.130126953 11879.256835938 50.095733643 29.675632477
186.062210083 -60.919647217 -65.719665527 12327.697265625 52.977401733 28.994503021
172.243865967 -62.837142944 -68.515625000 12805.417968750 55.754123688 28.626903534
158.425598145 -63.911270142 -71.208892822 13319.563476562 55.510452271 29.150400162
144.607406616 -64.801422119 -74.467163086 13878.192382812 54.771717072 31.065332413
130.789260864 -65.538803101 -77.746612549 14490.931640625 55.277595520 31.808385849
116.971191406 -65.870117188 -82.127288818 15170.785156250 53.937667847 26.909524918
103.153152466 -65.106445312 -87.589950562 15922.297851562 41.624752045 16.009651184
90.315139771 -63.390167236 -90.757583618 16705.898437500 19.647262573 7.179219723
80.025123596 -62.365539551 -90.397064209 17454.582031250 4.352557659 11.980436325
71.646110535 -62.697540283 -89.113250732 18159.707031250 5.575650215 15.723811150
63.855098724 -61.752136230 -89.288269043 18871.976562500 3.965696573 10.918412209
56.554080963 -61.197631836 -90.407623291 19622.339843750 -3.642302036 8.221660614
49.792068481 -60.297576904 -91.651367188 20414.625000000 -8.677469254 7.003076553
43.520057678 -59.207977295 -92.402908325 21258.529296875 -11.501385689 3.735018730
37.640045166 -57.790908813 -92.690185547 22170.710937500 -13.890226364 1.116703629
32.152034760 -56.094665527 -92.781555176 23168.421875000 -16.628585815 -0.001520111
27.056020737 -54.188491821 -92.859695435 24273.417968750 -16.972545624 1.021324039
22.303007126 -51.892227173 -93.022048950 25536.763671875 -12.586041451 1.439227700
