984.855773926 20.951293945 20.612335205 0.000000000 -7.233320713 -2.007993221
981.938964844 20.651824951 20.560028076 29.038909912 -8.631148338 -4.447727680
976.581481934 20.258941650 20.340332031 79.715820312 -8.541336060 -6.082767010
967.345458984 19.741333008 19.817474365 163.175689697 -7.722218513 -7.585641861
953.756408691 18.973937988 19.094665527 284.470489502 -6.595904827 -8.514144897
936.313659668 18.006774902 18.085968018 442.505889893 -5.544269085 -7.823754311
915.517578125 20.575592041 18.516998291 633.397583008 -6.550835133 3.086827517
892.801391602 22.504821777 18.269012451 852.226562500 -6.566970825 16.090045929
868.196960449 21.870117188 18.045776367 1098.664062500 -0.469922066 26.620214462
840.728210449 19.476715088 17.514343262 1377.964355469 7.753165722 36.352779388
810.419860840 16.777954102 16.501159668 1694.187011719 14.674444199 43.416431427
777.290466309 14.628936768 14.662414551 2050.643798828 19.739675522 44.017868042
741.346252441 12.569732666 12.709106445 2451.906494141 24.121173859 35.373336792
702.577941895 10.026580811 10.170288086 2903.098876953 24.183223724 21.922620773
660.999084473 6.929473877 7.113800049 3410.299072266 22.489746094 12.980806351
616.590637207 3.519805908 3.721649170 3980.123779297 24.553245544 11.808893204
569.774780273 -0.804046631 -0.616638184 4605.251953125 29.124958038 8.822994232
524.357604980 -5.784088135 -5.691650391 5251.398437500 30.905179977 4.777821541
483.457061768 -10.669952393 -11.842834473 5881.829101562 31.335014343 4.235045433
446.819610596 -15.243316650 -16.910522461 6483.908691406 31.968381882 7.991663456
413.811004639 -19.522018433 -21.644851685 7060.072753906 31.781501770 13.779425621
383.870483398 -24.106170654 -26.632675171 7612.007324219 31.935951233 18.750427246
356.911376953 -28.819335938 -31.715988159 8138.335449219 36.337989807 20.749818802
332.600677490 -33.006759644 -36.212539673 8638.920898438 45.126346588 20.679477692
310.650909424 -36.642745972 -40.069564819 9115.142578125 53.142082214 20.779300690
290.877990723 -39.845077515 -43.456817627 9567.625000000 57.188896179 21.584989548
273.051452637 -42.963531494 -46.746734619 10000.160156250 58.003910065 21.565042496
256.451019287 -45.987976074 -49.893661499 10417.011718750 55.815559387 20.131185532
241.426483154 -48.772338867 -52.790710449 10817.390625000 52.088527679 18.264547348
227.641723633 -51.403228760 -55.503204346 11209.761718750 47.224613190 17.397483826
213.833236694 -54.053451538 -58.237579346 11613.638671875 43.822952271 19.148088455
200.007339478 -56.391159058 -60.613067627 12040.173828125 44.624366760 25.253974915
186.174667358 -58.814544678 -63.055999756 12492.610351562 45.402690887 33.026268005
172.342300415 -62.010299683 -66.256011963 12973.773437500 44.102645874 37.581405640
158.510162354 -65.379806519 -70.614166260 13487.289062500 51.350440979 33.798114777
144.678115845 -66.231369019 -71.858245850 14042.332031250 64.044479370 22.077892303
130.846023560 -65.740097046 -71.520660400 14652.996093750 62.486385345 11.077118874
117.013893127 -64.492538452 -69.771743774 15335.370117188 50.199234009 4.090838909
103.181663513 -64.309036255 -68.812591553 16091.406250000 33.454246521 6.483119965
90.330368042 -65.333557129 -69.582153320 16873.531250000 22.987995148 13.146284103
80.029716492 -66.150253296 -70.890228271 17612.730468750 18.593873978 14.550692558
71.646163940 -63.662322998 -78.265899658 18310.136718750 9.470387459 10.335812569
63.855098724 -61.710281372 -86.719024658 19021.001953125 -10.778347015 5.016477108
56.554080963 -63.349182129 -91.282928467 19767.460937500 -7.018421650 8.503289223
49.792068481 -62.828643799 -92.026489258 20551.054687500 -8.059794426 4.162341595
43.520053864 -61.613357544 -92.181945801 21385.128906250 -12.893036842 2.062244415
37.640045166 -59.395019531 -92.747009277 22288.822265625 -18.539194107 0.368969977
32.152030945 -57.328842163 -93.264083862 23280.078125000 -21.052856445 -1.330168009
27.056020737 -55.178375244 -93.619186401 24379.564453125 -19.655738831 -4.086402893
22.303007126 -53.236145020 -93.644607544 25636.115234375 -18.342176437 -4.923305511
