972.598266602 27.619995117 21.274505615 0.000000000 -7.793567181 11.621548653
969.703613281 27.688964844 21.193817139 29.818176270 -12.002585411 17.754308701
964.398254395 27.511474609 21.327056885 81.977569580 -13.891654015 20.652046204
955.243103027 27.377624512 21.377410889 168.018585205 -15.818881035 28.019422531
941.763305664 26.721679688 21.548767090 293.229553223 -15.851437569 33.686717987
924.462280273 25.484588623 21.545959473 456.393127441 -13.887753487 36.987552643
903.842102051 23.801055908 21.419586182 651.867187500 -9.447470665 38.161651611
881.350097656 21.822235107 21.653594971 872.695861816 -3.299472570 38.701770782
857.008178711 19.723358154 19.953399658 1118.659667969 2.731458664 40.712734222
829.943908691 18.238006592 14.986419678 1395.855468750 8.543093681 38.771194458
800.179382324 15.890289307 12.733093262 1709.071533203 13.108214378 30.044425964
767.645385742 13.528076172 13.690032959 2061.787353516 16.889780045 25.263889313
732.406005859 12.388732910 4.965423584 2458.101562500 23.430992126 21.261728287
694.568298340 11.095367432 -6.365051270 2902.997802734 25.107452393 17.295028687
654.062133789 8.638336182 -20.144546509 3402.920166016 24.197801590 17.958263397
610.797546387 4.690185547 -26.942871094 3963.887695312 25.830417633 19.584489822
565.149108887 -0.221954346 -32.850708008 4578.314941406 32.023067474 23.164600372
520.791503906 -5.059417725 -37.564453125 5213.713867188 38.943534851 25.847309113
480.736572266 -10.506042480 -39.342193604 5834.519531250 43.931484222 25.329893112
444.761016846 -15.478668213 -40.150695801 6427.736816406 46.124034882 25.077880859
412.273590088 -19.698608398 -42.185516357 6996.115722656 46.585201263 27.043605804
382.733215332 -23.769515991 -45.585678101 7542.211425781 47.143871307 28.546033859
356.070465088 -27.837966919 -49.483566284 8065.229003906 47.678779602 27.525882721
331.976531982 -31.670196533 -52.323822021 8564.500976562 48.469146729 25.596511841
310.187744141 -35.347900391 -53.977676392 9040.426757812 49.511508942 25.183204651
290.533172607 -38.924133301 -54.923583984 9492.783203125 51.395828247 26.311691284
272.791168213 -42.317520142 -55.528137207 9925.105468750 54.185596466 27.442653656
256.249633789 -45.619323730 -56.552062988 10341.708984375 57.383415222 27.041330338
241.262756348 -48.666397095 -58.301376343 10741.743164062 59.373271942 25.257164001
227.498199463 -51.269149780 -60.634384155 11134.046875000 58.982868195 23.080572128
213.697891235 -53.636413574 -63.417205811 11538.396484375 56.337696075 21.743051529
199.880599976 -56.191787720 -66.015533447 11965.536132812 53.948169708 21.159091949
186.062286377 -58.931945801 -68.124084473 12417.947265625 53.801799774 19.636058807
172.244003296 -61.822891235 -70.079040527 12898.976562500 55.357997894 16.499691010
158.425796509 -64.619567871 -72.330780029 13413.434570312 56.271465302 13.344865799
144.607635498 -66.743682861 -75.316619873 13968.484375000 55.061695099 11.973487854
130.789520264 -67.915252686 -79.232604980 14574.781250000 52.382705688 11.562916756
116.971473694 -67.747512817 -83.059722900 15247.791015625 45.145397186 9.616040230
103.153419495 -67.453582764 -86.093322754 15991.676757812 27.792905807 7.389032364
90.315292358 -68.101516724 -73.642654419 16762.068359375 15.967837334 9.477450371
80.025154114 -64.433563232 -84.752288818 17498.482421875 3.009865284 17.056486130
71.646125793 -64.684768677 -87.838439941 18196.802734375 0.129443049 18.526201248
63.855106354 -64.010040283 -88.597900391 18902.005859375 3.983303785 11.326400757
56.554092407 -62.127426147 -89.941253662 19646.705078125 -0.595948577 5.121700764
49.792079926 -60.638412476 -90.926208496 20436.583984375 -8.950731277 -0.239228472
43.520065308 -59.750289917 -91.928833008 21278.619140625 -15.503827095 -2.409699202
37.640052795 -58.323577881 -92.287811279 22188.437500000 -17.769506454 -1.447279572
32.152042389 -56.352416992 -92.439743042 23184.333984375 -17.081647873 -1.445579648
27.056024551 -53.869796753 -92.353240967 24289.748046875 -13.864314079 -1.872021079
22.303007126 -51.418121338 -91.767761230 25555.513671875 -8.666315079 -3.234826088
