972.591064453 28.371826172 21.565979004 0.000000000 -1.477329612 7.314131260
969.700073242 28.133636475 21.186706543 29.882720947 -2.016038656 11.343420982
964.393493652 27.565551758 21.015106201 82.044891357 -2.492167234 13.559720993
955.241699219 26.594299316 20.809387207 167.837615967 -2.778956652 15.491968155
941.786376953 25.379150391 20.492156982 292.349456787 -2.231634855 17.766551971
924.516113281 23.747894287 20.185729980 454.263275146 -1.116540432 20.301078796
903.931579590 21.699310303 19.731018066 647.818359375 0.713139892 23.754922867
881.500305176 19.634979248 18.898437500 866.111694336 3.960865498 28.973539352
857.229553223 18.046417236 17.618591309 1109.359130859 7.759016037 33.968307495
830.223266602 16.748840332 13.530212402 1384.087524414 12.682438850 37.942287445
800.504943848 14.642791748 11.449798584 1694.935668945 18.665283203 39.105731964
768.037719727 12.538360596 10.653228760 2045.222778320 22.889108658 35.700851440
732.821655273 9.990539551 8.399505615 2438.940673828 21.903249741 33.874542236
694.879272461 8.077545166 4.839538574 2881.180664062 24.113899231 36.197345734
654.228149414 5.657287598 -2.446929932 3378.313720703 31.128316879 40.760269165
610.857177734 1.880462646 -10.621582031 3935.649658203 34.892280579 39.536453247
565.151367188 -3.676391602 -16.850036621 4544.506347656 36.638252258 36.781848907
520.762695312 -8.621643066 -24.285781860 5172.580566406 40.294307709 35.564952850
480.701416016 -12.502380371 -30.933380127 5787.312988281 44.378334045 35.276287079
444.728698730 -16.399078369 -35.016021729 6377.230957031 47.978752136 37.413726807
412.245849609 -20.633285522 -37.331237793 6943.515136719 49.667388916 39.465869904
382.711486816 -24.923263550 -43.250671387 7487.410644531 50.745933533 39.216178894
356.054840088 -28.752944946 -51.452087402 8008.129394531 50.272422791 37.617103577
331.966491699 -31.933212280 -53.412017822 8506.075195312 46.053333282 37.331958771
310.181243896 -34.744827271 -50.589523315 8982.305664062 39.450347900 39.487247467
290.528869629 -37.653671265 -52.873580933 9436.452148438 34.878833771 42.213851929
272.788696289 -40.857437134 -55.671691895 9871.315429688 34.657859802 42.675403595
256.248596191 -44.275985718 -56.170806885 10290.424804688 37.342910767 40.933650970
241.262466431 -47.528366089 -57.341705322 10692.686523438 41.295875549 38.148006439
227.498275757 -50.624298096 -59.946166992 11086.543945312 44.917114258 35.953262329
213.698028564 -54.006805420 -62.152435303 11491.098632812 47.660381317 34.934505463
199.880661011 -57.827560425 -63.709442139 11916.194335938 49.366790771 34.535243988
186.062210083 -61.419647217 -65.682678223 12364.228515625 51.033557892 33.611133575
172.243865967 -64.087142944 -68.328735352 12839.855468750 54.053260803 33.000553131
158.425582886 -65.098770142 -70.523742676 13351.032226562 57.332805634 33.767028809
144.607376099 -65.801422119 -74.620468140 13906.817382812 58.416423798 34.953022003
130.789260864 -66.413803101 -78.415649414 14516.744140625 60.380184174 33.023288727
116.971191406 -66.057617188 -82.755844116 15194.878906250 59.040260315 22.292894363
103.153152466 -64.668945312 -87.653076172 15946.922851562 41.867733002 6.047448635
90.315139771 -63.077667236 -91.144104004 16731.960937500 13.694239616 7.179219723
80.025123596 -63.178039551 -90.235656738 17479.800781250 6.296401978 17.083028793
71.646110535 -62.072540283 -88.971893311 18184.488281250 9.098868370 15.602320671
63.855091095 -61.564636230 -89.575866699 18898.164062500 1.900361776 8.245626450
56.554080963 -61.385131836 -90.771514893 19648.496093750 -5.464656353 6.885267258
49.792068481 -60.672576904 -92.036590576 20439.718750000 -10.378333092 6.395625591
43.520057678 -59.520477295 -92.729400635 21282.216796875 -12.351818085 4.463960171
37.640045166 -57.978408813 -92.830718994 22193.273437500 -14.254696846 1.967135549
32.152034760 -56.407165527 -92.845550537 23189.796875000 -17.114545822 0.727421582
27.056020737 -54.750991821 -92.917968750 24292.667968750 -17.458505630 1.628775358
22.303007126 -52.267227173 -93.064392090 25553.357421875 -14.408395767 1.803698540
