977.263183594 19.560302734 20.239990234 0.000000000 -1.344605327 -16.392513275
974.359863281 19.261016846 19.337677002 28.866699219 -1.018697143 -22.076816559
969.053222656 18.824920654 18.974090576 79.310424805 -1.012119889 -24.527688980
959.887939453 18.606933594 18.720367432 162.407958984 -1.454338908 -25.590824127
946.381652832 19.962127686 19.774383545 283.893005371 -1.069806218 -20.507112503
929.036621094 21.483337402 20.577606201 443.693969727 2.439011574 -11.151248932
908.354248047 22.817138672 20.183013916 637.051696777 4.226859093 -6.941377640
885.790283203 22.014739990 19.497528076 856.929138184 4.114904881 -2.959490299
861.367553711 20.411529541 19.183105469 1102.762207031 3.601514816 6.503074169
834.156188965 19.350433350 15.999176025 1380.892822266 6.124914646 19.180870056
804.194213867 17.870147705 14.567169189 1696.343750000 9.482107162 32.526462555
771.452514648 16.107727051 12.874816895 2052.524169922 13.373800278 39.093994141
735.955322266 13.786285400 10.612945557 2453.163818359 19.032670975 35.712898254
697.710083008 10.589508057 7.512237549 2902.473876953 24.812231064 24.890253067
656.706726074 7.052215576 4.072174072 3406.219238281 29.642648697 16.478542328
612.871459961 2.121917725 2.397064209 3970.305908203 29.888158798 14.096461296
566.647705078 -2.029846191 -1.752746582 4587.610839844 30.556158066 10.380022049
521.880554199 -4.847625732 -16.218353271 5226.996582031 35.466976166 16.837511063
481.596160889 -8.997833252 -33.114746094 5852.953125000 40.596012115 27.183397293
445.458587646 -14.088287354 -34.426956177 6451.283203125 45.973396301 29.587999344
412.843933105 -18.774856567 -42.946777344 7023.757812500 49.752380371 29.790336609
383.189758301 -23.369079590 -45.683288574 7572.773437500 51.417087555 30.026428223
356.420043945 -27.735107422 -44.791381836 8097.704101562 52.131572723 29.726484299
332.238281250 -31.742111206 -42.607391357 8598.471679688 51.609611511 28.535711288
310.376708984 -35.225906372 -41.775329590 9075.785156250 49.527915955 25.930358887
290.663574219 -38.535842896 -42.080734253 9529.829101562 46.426445007 23.574266434
272.875518799 -41.749588013 -45.448852539 9964.063476562 43.186115265 22.069572449
256.300140381 -44.699310303 -48.542816162 10382.788085938 39.343494415 19.777198792
241.291061401 -47.580017090 -51.503417969 10785.204101562 36.173812866 16.034461975
227.513046265 -50.308700562 -54.376144409 11179.606445312 34.220813751 11.710701942
213.704406738 -53.225036621 -57.329467773 11585.407226562 33.047382355 8.384519577
199.883209229 -56.387680054 -60.580810547 12012.844726562 33.248062134 8.956526756
186.063476562 -59.984573364 -64.188430786 12463.936523438 35.740608215 15.638291359
172.244613647 -63.699615479 -67.971099854 12941.627929688 38.821998596 24.235486984
158.426223755 -67.279953003 -71.500335693 13450.488281250 45.204200745 23.493062973
144.608032227 -69.697753906 -73.906478882 13998.053710938 53.570293427 18.868202209
130.789855957 -69.626220703 -75.137283325 14597.616210938 60.240497589 15.575922966
116.971740723 -67.203521729 -78.885345459 15268.876953125 57.928672791 10.123230934
103.153640747 -64.202423096 -79.062667847 16019.832031250 40.402664185 8.921890259
90.315559387 -62.265075684 -81.814239502 16807.171875000 15.531687737 17.068435669
80.025451660 -63.807556152 -75.771362305 17555.478515625 6.570837498 21.771087646
71.646232605 -61.888992310 -71.200683594 18259.453125000 10.874069214 9.287528992
63.855079651 -61.575485229 -87.684295654 18973.398437500 -3.329365015 2.000028372
56.554073334 -61.466903687 -109.503784180 19723.500000000 -5.945430279 3.855768442
49.792060852 -60.556747437 -91.597442627 20514.746093750 -8.144705772 3.351662397
43.520050049 -60.025695801 -92.520660400 21356.390625000 -13.428115845 1.293682575
37.640041351 -59.236846924 -92.985870361 22263.613281250 -15.698708534 1.604979157
32.152030945 -57.149566650 -92.828399658 23255.474609375 -15.008193970 1.722460628
27.056020737 -54.386703491 -92.926422119 24357.462890625 -13.833906174 -1.594066739
22.303007126 -52.326187134 -93.184326172 25619.074218750 -14.451544762 -3.655360222
