980.670288086 22.369995117 20.743713379 0.000000000 0.224791124 2.631268501
977.751647949 22.688964844 21.040924072 29.318191528 0.267932624 6.212732792
972.398254395 23.198974609 21.581787109 80.696334839 1.537611365 8.988979340
963.155151367 23.440124512 22.039764404 165.674850464 3.012112141 12.954627037
949.547241211 23.284179688 22.165985107 289.604553223 6.381283283 20.565767288
932.070251465 23.172088623 22.329528809 451.611877441 8.344966888 31.277509689
911.218139648 22.051055908 21.751007080 646.273437500 10.355444908 36.946746826
888.494079590 20.822235107 19.954193115 866.445861816 15.045559883 36.757926941
863.912170410 19.660858154 17.898742676 1112.284790039 17.674762726 31.722454071
836.527954102 18.363006592 15.673217773 1390.449340820 18.140825272 23.463417053
806.363342285 16.452789307 13.092712402 1705.634155273 16.631431580 16.073043823
773.437438965 14.403076172 9.082275391 2060.537353516 17.740213394 16.030628204
737.782043457 12.576232910 2.247192383 2458.976562500 21.730127335 19.925336838
699.432250977 10.720367432 -8.340087891 2906.216552734 24.864471436 24.462953568
658.342102051 7.763336182 -16.513488770 3408.732666016 25.534194946 28.892389297
614.437561035 3.252685547 -21.303466797 3972.168945312 26.680849075 31.247556686
568.125061035 -1.721954346 -25.362640381 4588.814941406 29.957735062 31.668920517
523.159484863 -6.059417725 -33.306701660 5226.932617188 33.840946198 31.071390152
482.597381592 -10.568542480 -42.296188354 5851.769531250 37.006538391 29.217580795
446.199401855 -15.103668213 -39.106262207 6450.143066406 43.451248169 29.208549500
413.361602783 -19.886108398 -28.244888306 7023.271972656 54.239086151 29.837882996
383.533203125 -23.644515991 -27.268112183 7573.680175781 57.835014343 25.144306183
356.638427734 -27.087966919 -31.187683105 8101.416503906 57.033531189 20.843917847
332.366516113 -30.795196533 -34.804656982 8605.532226562 55.272602081 20.250940323
310.444946289 -34.472900391 -38.691741943 9085.739257812 51.819824219 20.566574097
290.694946289 -37.611633301 -43.738983154 9542.189453125 50.545398712 21.330589294
272.886688232 -40.442520142 -51.489166260 9978.917968750 48.111083984 21.489631653
256.300201416 -43.431823730 -55.866912842 10400.240234375 44.019485474 19.873403549
241.285110474 -46.291397095 -56.326995850 10805.055664062 38.719924927 17.846258163
227.505935669 -49.269149780 -57.015930176 11201.578125000 33.834381104 16.520097733
213.700408936 -52.636413574 -59.158996582 11608.833984375 32.525604248 16.033008575
199.882507324 -56.254287720 -61.862701416 12036.911132812 35.238670349 15.692028999
186.063964844 -59.994445801 -64.320220947 12488.072265625 40.194889069 14.776448250
172.245513916 -63.572891235 -67.829498291 12965.914062500 45.881755829 14.191375732
158.427185059 -66.744567871 -71.018966675 13475.528320312 52.505268097 13.223376274
144.608795166 -68.868682861 -73.084014893 14024.859375000 58.706401825 11.487526894
130.790222168 -68.852752686 -73.089050293 14626.781250000 63.073844910 9.983543396
116.971725464 -67.060012817 -71.296630859 15299.447265625 56.808464050 9.130079269
103.153419495 -64.203582764 -72.695846558 16050.614257812 34.717853546 8.360954285
90.315231323 -64.101516724 -79.430908203 16834.599609375 13.902502060 12.028746605
80.025169373 -63.371063232 -86.067687988 17580.326171875 11.514184952 12.075384140
71.646125793 -61.934768677 -82.263229370 18284.990234375 5.839486122 5.040780544
63.855087280 -62.322540283 -87.723754883 18997.537109375 1.067537189 1.121217608
56.554073334 -60.502426147 -92.262130737 19748.173828125 -2.175322294 2.084443569
49.792060852 -58.700912476 -91.989105225 20544.833984375 -7.735828876 2.190577030
43.520053864 -58.750289917 -92.675994873 21392.775390625 -12.709549904 -0.465854853
37.640045166 -58.261077881 -92.788879395 22304.906250000 -14.489269257 -1.690260172
32.152030945 -56.414916992 -92.755432129 23300.833984375 -14.044391632 0.255284190
27.056020737 -54.057296753 -92.916534424 24405.435546875 -13.013882637 -0.900098801
22.303007126 -51.480621338 -93.153976440 25670.326171875 -12.796984673 -6.393573284
