982.450988770 24.493286133 21.635528564 0.000000000 -2.627419949 12.039809227
979.532348633 24.575927734 21.702331543 29.517028809 -2.650310755 19.667448044
974.171386719 24.222686768 21.769317627 81.162384033 -3.024517775 21.485479355
964.913269043 24.133026123 21.462829590 166.302795410 -5.241960049 28.141298294
951.299133301 24.053833008 20.856353760 290.252441406 -6.705979347 35.017963409
933.812805176 23.487457275 20.330444336 452.131408691 -4.156022072 42.800586700
912.972045898 22.593597412 19.715637207 646.499389648 4.249401093 49.027919769
890.227050781 20.972473145 19.107391357 866.473388672 9.991904259 51.436355591
865.607910156 19.014129639 17.675720215 1111.922485352 16.197803497 51.258346558
838.160888672 17.257720947 16.059661865 1389.327270508 24.053659439 45.455043793
807.899902344 15.243713379 14.617156982 1703.751098633 29.537998199 36.832462311
774.835754395 13.430816650 12.244598389 2058.521728516 30.853057861 24.672773361
739.000732422 12.151824951 8.086975098 2458.097900391 29.136667252 17.241178513
700.385620117 9.198669434 5.734924316 2907.084960938 28.348619461 15.450850487
659.024475098 6.227447510 -3.932281494 3410.494873047 31.719392776 9.048259735
614.927551270 3.582183838 -14.996154785 3975.387939453 33.636165619 15.967674255
568.486328125 -0.590057373 -23.580047607 4595.335937500 37.250434875 23.931741714
523.413208008 -5.809356689 -26.723266602 5236.470703125 41.969642639 24.446619034
482.765869141 -11.161682129 -35.063644409 5862.083007812 44.088733673 22.169038773
446.312194824 -15.947662354 -42.964584351 6459.590820312 44.860382080 20.280334473
413.442840576 -19.871246338 -49.992218018 7032.102539062 48.063007355 18.423343658
383.595550537 -23.384811401 -55.335021973 7582.706054688 52.876483917 16.332715988
356.691497803 -27.228668213 -59.551452637 8110.381835938 55.454475403 14.137422562
332.409881592 -31.196075439 -61.044326782 8613.908203125 55.614646912 12.422328949
310.478637695 -35.064346313 -61.819992065 9093.182617188 54.458446503 11.359660149
290.719177246 -38.627670288 -62.845947266 9548.170898438 51.815788269 11.414205551
272.902130127 -41.858383179 -63.822998047 9982.790039062 48.402225494 12.632022858
256.308624268 -44.882476807 -64.011428833 10401.663085938 44.622211456 14.226464272
241.289062500 -47.616180420 -62.716979980 10804.071289062 40.872863770 14.503643036
227.507736206 -49.935211182 -60.667022705 11198.891601562 36.640541077 11.998558998
213.701599121 -52.154479980 -60.449493408 11606.040039062 32.099380493 6.339457989
199.883712769 -54.628356934 -62.195709229 12036.184570312 28.328626633 0.831790209
186.065216064 -58.032745361 -65.196533203 12491.127929688 26.704748154 1.674562216
172.245391846 -62.028152466 -68.558105469 12972.930664062 30.196258545 6.448372364
158.425720215 -65.603027344 -71.234451294 13485.893554688 39.682498932 8.335008621
144.607498169 -67.996841431 -73.059051514 14037.901367188 49.305179596 8.341615677
130.789352417 -68.687896729 -75.853240967 14641.219726562 55.343814850 9.225356102
116.971229553 -67.357406616 -79.802078247 15313.584960938 51.149505615 11.627128601
103.153167725 -65.123275757 -83.410049438 16062.495117188 33.161182404 16.223497391
90.315139771 -64.770095825 -86.953506470 16843.523437500 17.909416199 19.895553589
80.025115967 -63.340560913 -88.710983276 17588.066406250 13.171383858 15.158739090
71.646095276 -61.454803467 -88.536041260 18293.517578125 4.863509655 0.104316726
63.855079651 -62.749832153 -90.163528442 19006.091796875 -6.304339886 -5.168050766
56.554073334 -63.008300781 -92.093307495 19751.308593750 -9.121995926 1.111322045
49.792060852 -62.790191650 -92.282394409 20535.511718750 -9.879271507 3.507865906
43.520053864 -62.159469604 -92.563049316 21368.636718750 -12.233189583 3.838029385
37.640045166 -59.516662598 -92.749725342 22270.970703125 -16.628519058 4.076935291
32.152030945 -56.340927124 -92.713287354 23264.230468750 -19.661100388 -1.280167460
27.056020737 -54.124465942 -92.918502808 24368.830078125 -17.682838440 -4.718941689
22.303007126 -52.218200684 -93.165176392 25631.335937500 -16.159950256 -4.437976837
