977.622314453 28.634552002 22.207183838 0.000000000 -0.998114467 9.930710793
974.709777832 28.640380859 21.788543701 29.973602295 -0.968140483 16.016677856
969.375488281 28.494781494 21.524505615 82.346008301 -1.333441854 19.627313614
960.167602539 28.010803223 21.024139404 168.584075928 -1.282421708 23.279802322
946.620178223 27.133422852 20.197631836 293.909637451 -0.894211173 26.434761047
929.246154785 25.778625488 19.286407471 456.922332764 0.218436316 29.465534210
908.546875000 23.946655273 18.456787109 651.950073242 2.197287798 32.328269958
885.972595215 21.858215332 17.699920654 872.025634766 4.705427170 35.089431763
861.538452148 19.547241211 16.950042725 1117.258666992 7.529942989 37.454463959
834.284606934 16.848602295 16.294372559 1393.979492188 9.987451553 37.845623016
804.250610352 14.755950928 13.480133057 1706.867431641 15.686779976 34.366874695
771.480224609 12.788726807 9.778717041 2059.169189453 18.131378174 22.603984833
735.965026855 10.826385498 6.348052979 2454.971923828 17.819614410 20.143335342
697.751708984 10.863922119 -2.799072266 2900.850097656 26.435436249 26.021205902
656.837341309 8.556182861 -13.514556885 3403.517333984 34.321491241 31.803766251
613.145019531 3.308380127 -17.550903320 3966.459472656 36.949604034 32.550716400
567.061279297 -2.102172852 -22.636230469 4581.040527344 38.383773804 31.999370575
522.313415527 -6.642852783 -27.198516846 5216.197753906 41.674911499 31.408603668
481.928894043 -10.775848389 -27.213134766 5838.472167969 48.159763336 34.913558960
445.678710938 -15.957061768 -26.936798096 6434.189941406 50.605903625 33.907497406
412.967529297 -20.459945679 -31.329040527 7004.189941406 50.646438599 31.552213669
383.250396729 -24.616485596 -34.378799438 7551.110839844 51.708351135 32.258647919
356.447692871 -28.382949829 -35.562500000 8074.823730469 52.673473358 33.936096191
332.244140625 -31.752914429 -37.653259277 8575.315429688 52.433670044 35.190071106
310.372772217 -34.995544434 -42.611709595 9053.030273438 50.372905731 36.045864105
290.658782959 -38.100616455 -46.723236084 9507.777343750 46.638542175 36.074634552
272.874603271 -41.163406372 -48.697006226 9942.914062500 42.825248718 34.626506805
256.299072266 -44.226699829 -50.642105103 10362.632812500 39.484222412 31.425851822
241.283355713 -47.147064209 -52.668487549 10765.942382812 36.422302246 27.458997726
227.503463745 -49.985733032 -54.587036133 11161.076171875 34.742778778 24.257360458
213.699447632 -53.074615479 -57.246490479 11567.274414062 34.149837494 23.397199631
199.881484985 -56.263336182 -60.528411865 11994.957031250 33.920368195 24.314456940
186.062850952 -59.473861694 -63.689254761 12446.699218750 35.248874664 25.918916702
172.244369507 -62.670730591 -66.920349121 12926.152343750 39.192283630 27.567808151
158.425979614 -65.327041626 -69.593078613 13438.654296875 45.210811615 28.138999939
144.607681274 -66.703445435 -70.961212158 13992.804687500 52.791774750 26.663171768
130.789428711 -67.039672852 -73.558074951 14600.539062500 58.037719727 23.731180191
116.971267700 -66.849624634 -76.358428955 15276.419921875 54.886726379 17.193906784
103.153182983 -65.745086670 -84.827972412 16025.105468750 40.319129944 8.078788757
90.315155029 -64.198135376 -88.214294434 16805.972656250 17.807670593 8.106783867
80.025138855 -64.318069458 -87.788711548 17549.865234375 7.408569336 15.914492607
71.646110535 -63.958358765 -88.213180542 18249.517578125 7.971479416 13.378820419
63.855098724 -63.825195312 -88.974395752 18956.191406250 3.201606989 7.903031826
56.554080963 -62.764282227 -90.244216919 19700.126953125 -2.197117329 5.903288841
49.792068481 -61.376907349 -91.493972778 20487.513671875 -9.228219032 1.628238678
43.520057678 -60.962814331 -92.339874268 21325.822265625 -12.004783630 1.223610044
37.640045166 -58.029022217 -92.590209961 22233.953125000 -14.763638496 1.178527594
32.152034760 -55.858825684 -92.699584961 23231.623046875 -19.906019211 -3.006537676
27.056020737 -54.634445190 -92.841186523 24336.041015625 -17.757585526 -0.501000941
22.303007126 -51.720092773 -92.942565918 25598.785156250 -10.851542473 1.522669792
