973.959716797 20.226470947 19.742492676 0.000000000 -5.728706837 -15.778201103
971.067016602 20.084228516 19.707977295 28.966796875 -6.701978683 -19.097198486
965.773620605 20.081359863 19.683776855 79.613311768 -7.101278782 -20.777477264
956.633911133 20.321197510 19.466064453 163.197753906 -6.944670200 -18.131219864
943.190185547 20.763916016 19.067291260 285.061706543 -7.233343124 -7.868304729
925.933532715 20.506134033 18.626708984 444.324707031 -5.206759930 10.374946594
905.380249023 19.683471680 18.258514404 635.561096191 0.180437237 31.098451614
882.955810547 18.364685059 18.374145508 852.042541504 5.209908009 45.051906586
858.691406250 16.921447754 17.130706787 1093.918701172 11.039916992 51.263416290
831.651428223 15.684478760 15.737213135 1367.630126953 17.885658264 49.852989197
801.851745605 14.404296875 14.588989258 1678.388427734 23.841722488 44.225624084
769.295104980 12.463043213 12.690551758 2029.205078125 22.031135559 36.891292572
734.004150391 10.556976318 10.113189697 2423.717041016 12.664063454 31.280824661
696.029907227 9.183807373 3.592468262 2867.095703125 9.716834068 28.853504181
655.349670410 7.249847412 -0.499206543 3366.393066406 14.804091454 25.406364441
611.896545410 4.086944580 -4.218811035 3928.308593750 19.953027725 20.006427765
566.024169922 -0.619537354 -2.757690430 4545.263183594 25.319236755 11.201119423
521.433654785 -6.325897217 -6.314910889 5182.812500000 29.514099121 4.828304291
481.207855225 -11.314361572 -12.596191406 5804.455078125 31.685485840 0.424622744
445.128906250 -16.150024414 -17.959411621 6397.937500000 34.874900818 -1.960573077
412.576904297 -20.214996338 -22.498672485 6966.340820312 42.890018463 -1.873192668
382.981048584 -23.856338501 -26.726501465 7512.851562500 49.166507721 -0.252145708
356.266784668 -27.523941040 -30.707824707 8036.966796875 51.352870941 3.596643209
332.131408691 -31.087875366 -34.644165039 8537.991210938 53.333335876 8.112649918
310.309295654 -34.578674316 -37.925811768 9015.920898438 56.799503326 12.012470245
290.627044678 -38.026397705 -41.566146851 9470.431640625 59.105049133 13.102886200
272.862213135 -41.284881592 -44.981292725 9905.031250000 57.639408112 9.556889534
256.301177979 -44.498825073 -49.210266113 10324.011718750 53.409465790 4.065831184
241.297439575 -47.665451050 -51.653701782 10726.326171875 49.012325287 1.290900946
227.519607544 -50.660751343 -55.821472168 11120.285156250 46.961154938 1.426042557
213.709289551 -53.183914185 -58.805099487 11525.857421875 47.591251373 3.464934826
199.884536743 -55.753128052 -61.302154541 11954.033203125 47.533946991 6.679889202
186.062927246 -58.846313477 -63.633773804 12407.062500000 45.118118286 10.952292442
172.244445801 -62.670913696 -66.904418945 12887.233398438 43.118850708 15.665556908
158.426116943 -65.829711914 -70.308471680 13399.169921875 46.759559631 17.405937195
144.607894897 -66.575408936 -72.813201904 13952.900390625 54.593875885 14.550321579
130.789733887 -66.191665649 -75.527648926 14562.048828125 56.327484131 8.514463425
116.971603394 -65.674865723 -78.552490234 15241.236328125 48.416069031 6.408434391
103.153503418 -66.024932861 -78.665374756 15991.421875000 35.057121277 9.714142799
90.315429688 -66.716918945 -83.034820557 16767.134765625 28.520280838 13.975131989
80.025291443 -65.780838013 -72.473098755 17503.841796875 22.114658356 12.710362434
71.646133423 -63.005767822 -79.619415283 18202.568359375 3.327969074 11.126721382
63.855087280 -62.107162476 -90.133834839 18913.708984375 -5.253038406 10.195857048
56.554073334 -61.807464600 -90.606567383 19662.291015625 -4.930251598 6.020154953
49.792060852 -61.099914551 -91.444519043 20451.955078125 -8.363149643 -1.055191875
43.520050049 -59.925842285 -92.090942383 21292.800781250 -13.674676895 -3.343377829
37.640037537 -58.740829468 -92.722564697 22201.435546875 -17.460037231 -2.982388258
32.152027130 -57.525512695 -93.328704834 23193.583984375 -19.596179962 -2.542945385
27.056015015 -55.950775146 -93.718643188 24290.404296875 -21.303876877 -0.569580197
22.303005219 -54.026138306 -93.765228271 25542.376953125 -21.048265457 2.171369791
