951.207092285 31.371826172 20.245544434 0.000000000 -4.514586449 13.874606133
948.380065918 30.883636475 19.834838867 30.132720947 -5.296276093 17.417934418
943.193542480 30.315551758 19.620941162 82.669891357 -5.650914192 19.391254425
934.265808105 29.469299316 19.339263916 169.025115967 -5.816213608 20.716049194
921.146423340 28.191650391 18.942413330 294.193206787 -5.754852772 21.897220612
904.332092285 26.497894287 18.690856934 456.732025146 -5.611680508 22.973863602
884.323608398 24.386810303 18.639770508 650.755859375 -5.239883900 23.754922867
862.540283203 22.197479248 18.425598145 869.267944336 -4.543453693 24.356908798
839.013610840 20.171417236 17.082519531 1112.202880859 -0.988283813 24.006105423
812.847290039 17.998840332 15.033935547 1385.681274414 3.692157984 22.513021469
784.096923828 15.892791748 12.012176514 1694.123168945 7.488176823 21.368152618
752.773742676 13.288360596 8.567962646 2040.035278320 9.889649391 21.607980728
718.909667969 11.428039551 0.508636475 2426.909423828 18.258541107 26.706617355
682.543273926 10.765045166 -16.416290283 2860.805664062 27.758607864 28.664949417
643.604125977 8.344787598 -32.266891479 3348.657470703 33.193653107 28.125280380
601.953186035 4.255462646 -29.636383057 3896.149658203 34.527809143 26.172523499
557.943359375 -0.738891602 -37.714187622 4495.693847656 36.273784637 25.483253479
515.094665527 -5.621643066 -38.046524048 5115.736816406 39.808345795 25.967220306
476.299835205 -10.502380371 -39.178848267 5722.531738281 44.135353088 26.650476456
441.357543945 -15.461578369 -41.304779053 6303.637207031 47.371299744 26.844072342
409.708282471 -20.258285522 -43.752212524 6860.577636719 49.302917480 26.101938248
380.844299316 -24.860763550 -46.583084106 7395.379394531 51.353385925 25.001815796
354.713256836 -29.002944946 -49.368331909 7907.816894531 53.552661896 24.617641449
331.030853271 -32.495712280 -51.803390503 8398.137695312 55.043617249 25.911872864
309.554046631 -35.744827271 -54.036285400 8867.149414062 55.244083405 28.067161560
290.130279541 -38.903671265 -56.004699707 9314.639648438 55.046218872 30.186315536
272.553253174 -42.044937134 -57.460357666 9743.690429688 56.040149689 31.133827209
256.126831055 -45.213485718 -58.657653809 10158.237304688 58.482219696 31.335920334
241.212265015 -48.090866089 -59.952758789 10557.280273438 61.098789215 31.101570129
227.484680176 -50.624298096 -61.509643555 10949.543945312 62.290225983 31.215141296
213.696792603 -53.069305420 -63.396011353 11354.567382812 61.753253937 31.532777786
199.880294800 -55.515060425 -65.534942627 11782.819335938 59.936447144 31.983947754
186.061950684 -58.169647217 -67.880264282 12236.697265625 57.594032288 32.153251648
172.243713379 -60.962142944 -70.544723511 12719.574218750 55.632633209 31.421178818
158.425506592 -63.536270142 -73.665924072 13236.438476562 54.660022736 28.785928726
144.607376099 -65.426422119 -77.076400757 13794.723632812 53.435321808 23.411445618
130.789291382 -66.913803101 -80.402496338 14404.400390625 49.689041138 16.500610352
116.971229553 -68.432617188 -83.181884766 15077.660156250 41.910129547 11.844731331
103.153182983 -69.293945312 -85.923324585 15816.829101562 33.363414764 10.421098709
90.315155029 -67.577667236 -88.275283813 16584.742187500 22.198558807 8.880084038
80.025146484 -65.865539551 -89.383148193 17319.707031250 9.819620132 7.120825291
71.646125793 -64.885040283 -89.189239502 18015.175781250 2.538393497 7.340981960
63.855113983 -63.689636230 -89.246902466 18720.507812500 -1.501365900 9.460529327
56.554096222 -62.697631836 -89.923355103 19464.839843750 -5.221675873 8.343150139
49.792079926 -61.985076904 -90.727767944 20251.218750000 -8.920450211 5.909664154
43.520069122 -60.707977295 -91.160614014 21088.779296875 -12.230327606 3.613528490
37.640052795 -58.728408813 -91.453018188 21995.835937500 -15.712580681 0.387761921
32.152042389 -56.469665527 -91.854202271 22990.609375000 -17.600507736 -0.973442316
27.056024551 -53.688491821 -92.058776855 24096.105468750 -15.393172264 0.656853139
22.303007126 -50.892227173 -91.482421875 25363.826171875 -10.763687134 2.654130459
