976.566345215 22.369995117 19.903076172 0.000000000 5.327382565 4.453622818
973.663574219 22.188964844 20.013671875 29.224426270 9.501194000 7.184655190
968.350219727 21.761474609 20.510406494 80.290069580 11.378323555 7.652585983
959.163146973 21.190124512 21.098114014 164.424835205 14.918159485 10.038861275
945.651245117 20.784179688 20.932525635 286.917053223 19.380743027 15.341684341
928.302246094 20.484588623 20.611877441 446.799377441 20.858465195 21.315307617
907.626098633 19.926055908 20.061187744 638.898437500 20.074666977 28.563919067
885.070068359 19.697235107 19.509216309 856.914611816 18.447286606 37.000907898
860.664245605 18.660858154 18.841522217 1101.097167969 16.459859848 42.778068542
833.471923828 17.050506592 16.090362549 1377.261718750 21.299571991 43.873783112
803.523376465 15.265289307 14.000915527 1690.071533203 27.201086044 40.735569000
770.805419922 13.278076172 13.025482178 2042.943603516 28.188377380 32.917778015
735.325988770 11.076232910 10.387207031 2439.757812500 28.412092209 23.934514999
697.144287109 8.657867432 3.743804932 2884.716552734 33.368789673 21.304206848
656.286071777 5.888336182 -6.412170410 3383.420166016 39.505577087 24.761718750
612.681518555 1.627685547 -10.964874268 3941.918945312 42.717563629 29.546691895
566.685058594 -3.409454346 -12.709808350 4553.002441406 41.742290497 34.098724365
521.997497559 -7.684417725 -16.644042969 5185.401367188 45.018051147 36.538452148
481.670989990 -11.881042480 -17.042968750 5805.050781250 50.491962433 36.992958069
445.468200684 -15.916168213 -18.030685425 6399.455566406 53.777923584 31.881336212
412.793579102 -19.573608398 -21.665954590 6970.459472656 53.145675659 27.894039154
383.106018066 -23.144515991 -25.619552612 7519.930175781 48.966224670 26.845169067
356.331237793 -26.650466919 -29.949508667 8046.822753906 42.697677612 27.282901764
332.153717041 -30.107696533 -34.046722412 8550.594726562 37.778003693 25.960983276
310.304138184 -33.722900391 -38.214645386 9030.989257812 36.147575378 24.940225601
290.606628418 -37.236633301 -42.167785645 9487.501953125 36.088054657 25.339769363
272.834716797 -40.630020142 -45.804229736 9923.667968750 36.326526642 26.227752686
256.272827148 -44.056823730 -49.227035522 10343.708984375 36.365596771 26.798349380
241.273162842 -47.166397095 -52.508132935 10746.805664062 36.776081085 26.958028793
227.501953125 -50.269149780 -55.481369019 11141.453125000 38.208030701 26.117828369
213.698989868 -53.573913574 -58.867477417 11546.865234375 41.394393921 24.537328720
199.881134033 -57.004287720 -62.570892334 11973.223632812 45.443851471 23.467407227
186.062545776 -60.369445801 -65.871765137 12423.228515625 49.428150177 23.645238876
172.244155884 -63.260391235 -68.594223022 12901.007812500 54.264583588 24.032087326
158.425872803 -65.557067871 -70.403823853 13412.590820312 61.009586334 22.821107864
144.607635498 -67.243682861 -71.709991455 13965.734375000 66.603271484 19.627376556
130.789428711 -67.602752686 -74.807556152 14571.781250000 66.718551636 16.665508270
116.971328735 -66.247512817 -79.951568604 15247.728515625 57.294425964 12.410316467
103.153274536 -64.203582764 -86.768890381 16000.239257812 34.839344025 12.005662918
90.315216064 -63.664016724 -80.364349365 16785.005859375 15.846346855 14.580041885
80.025154114 -63.496063232 -80.859405518 17531.357421875 9.205869675 10.617500305
71.646110535 -62.559768677 -86.092376709 18234.771484375 4.260112286 4.554819584
63.855087280 -62.010040283 -87.644897461 18946.849609375 -4.156544685 4.644435406
56.554073334 -61.627426147 -91.210021973 19695.892578125 -7.399404049 4.028287888
49.792060852 -60.763412476 -92.326599121 20486.427734375 -9.922654152 1.097164631
43.520050049 -59.875289917 -92.703979492 21327.994140625 -11.980608940 -1.437777042
37.640041351 -57.448577881 -93.041381836 22239.468750000 -14.367778778 -2.905163050
32.152030945 -55.039916992 -93.312011719 23240.427734375 -16.960159302 -3.996875525
27.056020737 -53.619796753 -93.579208374 24349.560546875 -14.593255997 -4.544806957
22.303007126 -51.793121338 -93.508895874 25614.607421875 -11.096120834 -3.477806568
