959.294311523 26.119995117 21.216156006 0.000000000 -7.793567181 6.883428097
956.439636230 26.751464844 20.945709229 29.724426270 -12.124075890 12.530227661
951.206237793 27.011474609 20.923675537 81.727569580 -13.770163536 15.427964211
942.187133789 27.127624512 20.858093262 167.518615723 -14.239507675 20.244043350
928.923278809 26.721679688 20.968414307 292.354553223 -11.599277496 26.640279770
911.910217285 25.484588623 21.029998779 454.986877441 -8.785161972 30.913040161
891.658142090 23.863555908 20.746490479 649.523498535 -5.559782028 32.087135315
869.590087891 22.134735107 20.038085938 869.070861816 -1.355628014 31.047883987
845.752197266 20.285858154 19.213012695 1113.597167969 2.124007225 29.292648315
819.215942383 17.925506592 17.442260742 1389.136718750 5.141365528 26.500675201
790.027343750 15.577789307 14.183227539 1699.884033203 8.491583824 21.904577255
758.229370117 12.653076172 11.009796143 2048.193603516 10.207816124 20.039808273
723.846008301 10.138732910 3.838836670 2437.226562500 13.590278625 17.860000610
686.940307617 9.282867432 -17.342971802 2872.622802734 19.032938004 14.743732452
647.446105957 7.575836182 -32.041809082 3362.545166016 20.310113907 19.416147232
605.205566406 4.002685547 -28.526550293 3913.700195312 24.008062363 22.986217499
560.589111328 -0.721954346 -35.224197388 4518.127441406 33.966915131 23.286090851
517.187500000 -5.246917725 -41.232421875 5143.870117188 43.924636841 27.305191040
477.930145264 -10.256042480 -41.150802612 5756.300781250 48.305133820 30.675464630
442.607391357 -15.041168213 -42.575119019 6342.611816406 47.824897766 31.273883820
410.651214600 -19.261108398 -46.335830688 6905.084472656 45.613277435 31.417257309
381.540405273 -23.394515991 -50.157806396 7446.023925781 44.592575073 32.069252014
355.213623047 -27.650466919 -52.534667969 7964.416503906 45.127483368 32.385494232
331.380126953 -31.857696533 -53.747375488 8459.344726562 46.525302887 31.914007187
309.788757324 -35.972900391 -54.525161743 8930.864257812 48.175113678 31.379209518
290.279907227 -39.736633301 -55.017501831 9379.001953125 50.059436798 31.414283752
272.641815186 -43.130020142 -55.264007568 9807.605468750 52.606224060 31.573324203
256.172668457 -46.244323730 -55.785247803 10221.208984375 56.411495209 31.171998978
241.231109619 -49.166397095 -57.143753052 10619.086914062 60.588172913 29.752304077
227.489730835 -51.706649780 -59.564071655 11009.859375000 63.235031128 26.968261719
213.697174072 -53.886413574 -62.721374512 11413.302734375 62.776683807 23.200935364
199.880355835 -56.066787720 -65.665527344 11840.286132812 60.144176483 19.944189072
186.062026978 -58.369445801 -67.909515381 12293.384765625 59.025882721 17.692214966
172.243774414 -60.885391235 -70.095123291 12776.164062500 59.124195099 15.770749092
158.425552368 -63.307067871 -72.818115234 13293.372070312 57.729347229 14.316788673
144.607406616 -65.493682861 -75.645355225 13851.828125000 54.089771271 13.552862167
130.789291382 -67.040252686 -78.630737305 14461.187500000 50.438861847 13.992722511
116.971229553 -67.810012817 -81.650543213 15135.416015625 45.995830536 13.625219345
103.153182983 -67.953582764 -84.990783691 15878.270507812 34.596363068 13.220565796
90.315155029 -67.101516724 -87.975189209 16649.662109375 18.519132614 12.393217087
80.025138855 -65.121063232 -89.360290527 17386.826171875 3.252845764 11.953893661
71.646118164 -64.059768677 -89.040557861 18085.052734375 1.344345808 17.432788849
63.855102539 -61.635040283 -88.856170654 18795.380859375 0.703066409 12.662794113
56.554088593 -61.502426147 -89.687164307 19545.361328125 -2.053831816 5.121700764
49.792068481 -61.013412476 -90.769134521 20335.677734375 -8.464770317 1.340145111
43.520057678 -59.875289917 -91.578582764 21176.712890625 -12.588060379 -1.073306203
37.640048981 -58.011077881 -92.100708008 22086.937500000 -16.676094055 -2.662182331
32.152034760 -56.289916992 -92.408706665 23083.615234375 -17.810590744 -3.024953365
27.056022644 -54.119796753 -92.487304688 24188.310546875 -14.714746475 -2.479472399
22.303007126 -51.730621338 -92.602630615 25452.263671875 -9.881217957 -3.963767767
