974.876220703 28.750885010 21.826049805 0.000000000 -2.145735741 13.343290329
971.973205566 28.382110596 21.515289307 29.934783936 -2.661247969 17.566646576
966.658020020 27.850463867 21.294219971 82.168884277 -3.013906479 20.634704590
957.479858398 27.002288818 20.793426514 168.120727539 -2.978621483 24.070905685
943.989074707 25.804199219 20.043518066 292.805206299 -2.260835886 27.054706573
926.674682617 24.201507568 19.600585938 454.928314209 -1.067103386 29.365974426
906.028930664 22.289886475 19.803039551 648.992431641 0.811153769 31.080793381
883.510131836 20.316406250 19.685394287 868.153686523 5.118608475 32.588027954
859.142333984 18.418457031 18.267669678 1112.512329102 10.043310165 32.990154266
831.982788086 16.547210693 16.752655029 1388.487915039 14.044888496 32.604209900
802.069763184 14.072631836 14.319824219 1700.500976562 19.483854294 30.171220779
769.446105957 12.678680420 9.862640381 2051.674560547 21.654647827 28.223716736
734.143432617 11.428314209 3.156585693 2446.447265625 19.180744171 31.293869019
696.160217285 10.512023926 -4.540405273 2890.725830078 21.487722397 37.935886383
655.444702148 7.770843506 -8.592773438 3391.022705078 24.802595139 42.481575012
611.936706543 3.164031982 -14.013000488 3952.010009766 30.292329788 40.577701569
566.058837891 -2.535125732 -19.711975098 4564.599121094 35.610923767 37.559478760
521.509033203 -7.509857178 -26.023162842 5196.617675781 39.742256165 35.735671997
481.303680420 -11.124359131 -32.128952026 5815.622558594 42.623638153 34.877662659
445.201995850 -15.127563477 -37.040649414 6410.002441406 44.248703003 35.347694397
412.598205566 -19.603454590 -42.219726562 6980.367675781 46.933601379 35.269744873
382.957550049 -24.199279785 -47.204833984 7527.575195312 51.762924194 34.020065308
356.217102051 -28.398406982 -51.090713501 8050.779785156 55.818538666 32.846214294
332.071441650 -31.950851440 -55.011413574 8550.091796875 55.020748138 31.820257187
310.250732422 -35.211425781 -58.911529541 9026.488281250 48.441837311 31.666696548
290.572784424 -38.501571655 -61.053436279 9479.818359375 40.546638489 32.105613708
272.814056396 -41.724319458 -61.848602295 9913.419921875 34.448715210 31.747936249
256.261138916 -45.049133301 -62.484817505 10331.287109375 31.048782349 30.439054489
241.267150879 -48.281967163 -63.506973267 10732.326171875 30.746938705 29.960716248
227.499069214 -51.316513062 -64.898315430 11124.949218750 33.352684021 30.368949890
213.697677612 -54.269577026 -66.432586670 11528.661132812 39.249450684 30.723129272
199.880416870 -57.296173096 -67.042312622 11954.045898438 44.870212555 30.678266525
186.062103271 -60.829406738 -67.087493896 12403.228515625 47.907539368 29.401937485
172.243789673 -63.842544556 -68.680297852 12879.830078125 50.177131653 28.828647614
158.425506592 -65.478027344 -71.753265381 13390.779296875 52.713397980 31.725349426
144.607360840 -65.990737915 -75.907745361 13945.770507812 54.322765350 34.297451019
130.789260864 -66.384399414 -79.681213379 14555.515625000 53.523586273 32.561264038
116.971191406 -67.004013062 -83.830276489 15232.146484375 50.210880280 26.336799622
103.153152466 -66.835723877 -87.945281982 15978.562500000 44.405860901 15.090781212
90.315139771 -65.030929565 -90.646316528 16755.814453125 31.481142044 3.746147871
80.025123596 -62.886856079 -90.034561157 17500.523437500 11.507855415 4.606792450
71.646110535 -62.316040039 -89.010360718 18205.351562500 1.428239346 15.013270378
63.855098724 -62.043273926 -89.221618652 18917.728515625 -4.308159351 15.872633934
56.554080963 -61.643005371 -90.465698242 19666.666015625 -4.221055031 9.496802330
49.792068481 -60.803863525 -91.678344727 20457.179687500 -7.461080074 5.184106827
43.520057678 -59.456481934 -92.015045166 21299.585937500 -13.242777824 4.225924015
37.640048981 -57.876754761 -92.127853394 22211.005859375 -14.808500290 4.367202282
32.152034760 -56.445510864 -92.296813965 23207.595703125 -14.394502640 3.111523628
27.056022644 -54.728897095 -92.376480103 24310.359375000 -13.879608154 2.916830778
22.303007126 -53.032257080 -92.427459717 25568.777343750 -10.975746155 1.558510065
