958.247863770 30.453033447 21.343414307 0.000000000 -3.849367142 13.273486137
955.391113281 29.910369873 21.011047363 30.084014893 -4.529917240 15.810539246
950.168701172 29.296203613 20.844635010 82.532073975 -4.721117973 17.192775726
941.152526855 28.388397217 20.530334473 168.791259766 -4.855766296 18.286069870
927.908813477 27.139465332 19.924041748 293.817626953 -4.599460602 19.715867996
910.942321777 25.537506104 19.364257812 456.213012695 -4.016252995 20.782333374
890.737365723 23.615997314 19.067626953 650.226196289 -3.058909178 21.401798248
868.736022949 21.693115234 18.485504150 868.875976562 -1.169525623 22.107751846
844.961303711 19.764953613 17.032409668 1112.210693359 3.231353045 22.644060135
818.518371582 17.578826904 15.071716309 1386.387939453 8.249563217 22.413028717
789.422973633 15.341003418 12.440704346 1695.863281250 13.155234337 22.884862900
757.702575684 12.676971436 9.944427490 2043.267578125 15.719435692 24.762008667
723.388488770 10.887969971 2.313842773 2432.259277344 19.460092545 30.810382843
686.531494141 10.444488525 -10.790222168 2868.935546875 25.572795868 37.469734192
647.063964844 7.115936279 -25.023651123 3359.322509766 30.877408981 40.081127167
604.886352539 2.752899170 -35.110809326 3908.330566406 36.322345734 37.141559601
560.338073730 -1.458648682 -33.823364258 4509.987792969 37.376937866 35.153785706
516.985290527 -5.736938477 -36.454849243 5133.771972656 38.304458618 34.320556641
477.771301270 -10.506744385 -37.771759033 5744.880371094 42.015792847 33.091327667
442.485900879 -15.801239014 -39.803161621 6329.611328125 46.039150238 32.659915924
410.557800293 -20.662155151 -41.542984009 6889.405761719 49.461032867 33.066459656
381.469116211 -25.128906250 -43.759765625 7426.711425781 52.806262970 34.507251740
355.160461426 -29.315032959 -46.526123047 7941.281738281 56.036964417 35.914733887
331.341217041 -32.928421021 -49.582855225 8433.166015625 57.661281586 36.976009369
309.760711670 -36.176986694 -53.113342285 8903.244140625 56.919292450 37.482555389
290.260559082 -39.199096680 -57.371368408 9351.554687500 54.292346954 37.818981171
272.629211426 -42.162796021 -62.198974609 9781.382812500 51.783435822 37.510196686
256.165222168 -45.311920166 -66.739044189 10196.623046875 51.412128448 35.783203125
241.227310181 -48.191085815 -70.243896484 10596.130859375 52.581577301 32.862052917
227.488006592 -50.864685059 -72.229309082 10988.439453125 53.316509247 29.833248138
213.696411133 -53.595504761 -72.199951172 11392.906250000 53.274406433 27.660171509
199.879943848 -56.437988281 -71.567138672 11819.759765625 53.594856262 26.894063950
186.061782837 -59.100234985 -71.717285156 12271.734375000 54.385757446 26.838762283
172.243606567 -61.330139160 -72.949401855 12753.140625000 55.383110046 25.940235138
158.425476074 -63.015518188 -74.917114258 13270.146484375 55.952293396 23.490350723
144.607345581 -64.473159790 -77.120452881 13830.355468750 54.691974640 20.869083405
130.789260864 -65.692169189 -79.869338989 14443.300781250 50.789772034 20.116474152
116.971191406 -67.030715942 -83.525756836 15120.960937500 45.001678467 20.031791687
103.153152466 -67.977081299 -87.373931885 15865.027343750 38.491184235 17.609165192
90.315139771 -67.626358032 -90.179107666 16635.250000000 30.915813446 11.212638855
80.025123596 -66.285675049 -90.431823730 17369.347656250 21.465642929 2.444263220
71.646110535 -64.074920654 -89.441925049 18065.550781250 1.822361588 13.559746742
63.855098724 -63.092773438 -89.559448242 18773.355468750 -1.560822725 17.314655304
56.554080963 -63.051696777 -90.148437500 19518.025390625 -5.009891033 11.547053337
49.792068481 -61.557235718 -90.912765503 20304.546875000 -11.869294167 5.582924843
43.520057678 -60.029479980 -91.707061768 21144.378906250 -15.433217049 3.982223034
37.640048981 -58.406463623 -92.024902344 22053.511718750 -16.075962067 3.632614136
32.152034760 -56.430740356 -91.994567871 23048.925781250 -15.815245628 2.074001312
27.056022644 -54.457656860 -91.974609375 24152.400390625 -13.605650902 -0.462657064
22.303007126 -52.200149536 -92.056243896 25414.230468750 -10.815804482 1.200352311
