981.902954102 22.313354492 20.074096680 0.000000000 -2.003699780 -6.104460239
978.984863281 22.321350098 20.100494385 29.266906738 -0.058413066 -7.052709103
973.632202148 22.438781738 21.970550537 80.491668701 2.596294880 -8.203864098
964.382202148 22.944702148 23.052459717 165.315429688 6.433089733 -6.329814911
950.752014160 23.047332764 23.196594238 289.169006348 9.300083160 0.403652638
933.245239258 22.915740967 23.080047607 451.164855957 12.923428535 10.341993332
912.395874023 23.725891113 20.496704102 646.111083984 17.797140121 18.263772964
889.675537109 22.402313232 19.829986572 867.125610352 14.004438400 23.736816406
865.082641602 20.967681885 18.332550049 1113.995971680 14.716321945 27.166795731
837.663818359 18.921417236 17.024780273 1393.117065430 15.203102112 29.085561752
807.433410645 16.301666260 15.507904053 1709.047363281 15.991954803 28.563325882
774.402832031 13.661193848 13.342742920 2064.553710938 15.181479454 26.174266815
738.595886230 10.452056885 10.704437256 2463.140625000 13.778446198 22.905284882
700.023742676 7.249572754 6.637237549 2909.287109375 14.954931259 18.591800690
658.719970703 5.349884033 -1.542022705 3409.975097656 22.190761566 21.483854294
614.694152832 2.853485107 -14.686157227 3972.688476562 30.122797012 30.435771942
568.336669922 -2.151641846 -25.126953125 4589.095214844 31.127119064 34.651077271
523.341125488 -6.671875000 -28.993377686 5226.284667969 33.988594055 35.304405212
482.746704102 -11.037384033 -34.270294189 5850.226074219 41.133121490 34.197296143
446.322143555 -15.688262939 -36.876907349 6447.708007812 45.811080933 32.994724274
413.461120605 -20.476806641 -38.006439209 7019.707519531 48.107917786 32.501171112
383.616119385 -24.911117554 -40.028808594 7568.003417969 49.498077393 31.792560577
356.711791992 -28.994201660 -41.802078247 8092.183105469 50.166831970 30.701787949
332.430908203 -32.681991577 -43.099243164 8592.336914062 49.975395203 29.732862473
310.497741699 -35.999832153 -45.041000366 9069.247070312 49.452251434 29.632549286
290.736480713 -38.937774658 -48.690628052 9523.090820312 49.086833954 29.981315613
272.918792725 -41.872909546 -52.764801025 9957.397460938 48.362087250 30.160287857
256.323272705 -44.757369995 -52.407394409 10376.377929688 45.115314484 29.845260620
241.299819946 -47.731643677 -51.666244507 10778.950195312 40.193470001 28.888080597
227.513519287 -50.546035767 -54.602920532 11173.235351562 35.369377136 28.123872757
213.702133179 -53.687332153 -57.812683105 11578.480468750 33.499164581 28.934617996
199.881546021 -56.846954346 -61.054794312 12004.998046875 34.969810486 30.803747177
186.062973022 -60.021026611 -64.972808838 12455.514648438 39.677825928 31.525941849
172.244567871 -62.915191650 -68.657058716 12934.098632812 47.336383820 30.437110901
158.426315308 -64.955017090 -71.174713135 13446.819335938 56.292385101 28.265382767
144.608108521 -65.904098511 -73.800689697 14002.610351562 63.572856903 25.151987076
130.789916992 -65.789794922 -74.069686890 14613.374023438 67.271507263 18.806226730
116.971641541 -65.349502563 -71.101562500 15293.714843750 61.579265594 10.638637543
103.153350830 -64.127624512 -72.969116211 16048.050781250 39.040943146 6.228023052
90.315208435 -62.887527466 -85.682403564 16834.500000000 13.391043663 9.876706123
80.025177002 -63.426757812 -85.476837158 17582.351562500 5.090568066 13.769032478
71.646133423 -62.636032104 -81.764556885 18285.777343750 7.466261387 4.699892044
63.855087280 -62.370986938 -88.272079468 18997.150390625 -1.846294045 0.003498110
56.554073334 -62.259017944 -91.128234863 19744.437500000 -7.506255150 1.745208502
49.792060852 -60.556427002 -92.104492188 20534.261718750 -11.954553604 2.450013876
43.520053864 -59.445755005 -92.751663208 21377.101562500 -14.777578354 1.077853560
37.640045166 -57.864669800 -92.780731201 22288.601562500 -16.977043152 -1.357075810
32.152030945 -56.268630981 -92.767288208 23285.648437500 -17.390842438 -0.438903451
27.056020737 -54.089645386 -92.902282715 24390.589843750 -14.571213722 1.533488512
22.303007126 -51.824707031 -93.132537842 25654.458984375 -10.242555618 1.836168647
