976.438903809 20.813354492 19.525543213 0.000000000 -2.246680260 -11.571522713
973.544860840 20.446350098 19.463562012 29.048156738 -2.609708786 -14.828086853
968.232177734 20.063781738 19.594055176 79.741668701 -2.627787113 -17.923086166
959.054199219 20.069702148 20.066436768 163.409179688 -2.557190895 -19.693744659
945.552001953 20.297332764 20.413665771 285.450256348 -3.942357302 -11.745374680
928.213256836 19.978240967 20.083984375 444.946105957 -4.692662239 -4.601310730
907.547912598 19.288391113 19.407348633 636.517333984 -2.005775928 0.526192129
885.003601074 19.089813232 19.226989746 853.906860352 6.958002567 3.933900356
860.602661133 17.967681885 18.115661621 1097.370971680 10.585652351 9.672195435
833.407836914 16.358917236 16.560852051 1372.960815430 10.586471558 15.600140572
803.441467285 14.239166260 14.477966309 1685.047363281 11.375324249 22.731792450
770.738769531 11.973693848 11.662841797 2036.272338867 15.667440414 27.389169693
735.323913574 10.077056885 6.004180908 2430.421875000 19.002529144 21.325910568
697.211791992 7.937072754 0.600921631 2872.787109375 22.851799011 17.741369247
656.364013672 4.974884033 -4.187316895 3369.693847656 25.835470200 19.054048538
612.734191895 1.540985107 -9.806610107 3927.500976562 29.393854141 22.052944183
566.728637695 -2.964141846 -14.663787842 4539.095214844 33.556926727 25.174837112
522.043151855 -7.359375000 -18.672134399 5172.253417969 38.848205566 28.136478424
481.708312988 -11.787384033 -24.940383911 5792.163574219 43.927394867 31.281528473
445.507720947 -16.125762939 -30.206146240 6385.895507812 46.054061890 34.695587158
412.846771240 -20.351806641 -33.330535889 6955.176269531 46.285564423 36.631839752
383.163360596 -24.348617554 -33.941696167 7502.097167969 44.759956360 35.558761597
356.379791260 -27.869201660 -33.281311035 8026.401855469 42.512943268 32.281162262
332.186096191 -30.244491577 -34.726989746 8528.930664062 43.536407471 30.097332001
310.318939209 -32.312332153 -38.016143799 9010.903320312 46.293506622 29.632549286
290.608306885 -35.312774658 -43.025863647 9470.903320312 44.713184357 29.738334656
272.832458496 -38.997909546 -46.692016602 9910.491210938 40.343730927 29.795816422
256.271606445 -42.757369995 -49.599029541 10333.221679688 38.554840088 29.480791092
241.272537231 -46.356643677 -52.662109375 10738.231445312 39.100055695 28.523609161
227.501602173 -49.796035767 -55.302505493 11133.954101562 40.471969604 27.030460358
213.698852539 -53.374832153 -58.093261719 11539.949218750 42.003482819 25.775871277
199.881011963 -56.909454346 -61.078918457 11966.654296875 43.838600159 25.093704224
186.062408447 -60.396026611 -64.599029541 12416.764648438 47.088729858 25.208446503
172.244003296 -63.477691650 -67.725799561 12894.286132812 50.859600067 25.820480347
158.425689697 -65.392517090 -70.266967773 13405.788085938 55.198970795 27.414951324
144.607482910 -66.091598511 -73.460021973 13960.766601562 61.264537811 27.946264267
130.789321899 -66.539794922 -76.657287598 14570.186523438 65.449150085 25.366701126
116.971229553 -66.724502563 -80.420867920 15247.058593750 61.579265594 18.535505295
103.153175354 -65.690124512 -86.796295166 15996.050781250 43.779064178 10.237201691
90.315155029 -64.012527466 -91.946472168 16777.468750000 18.979597092 11.820549965
80.025138855 -63.801757812 -83.986663818 17522.632812500 10.800610542 16.806289673
71.646102905 -62.261032104 -87.866058350 18225.996093750 8.924144745 7.494168282
63.855087280 -61.495986938 -89.935302734 18939.494140625 -2.939706564 1.825852275
56.554073334 -61.134017944 -90.762786865 19690.375000000 -9.571589470 2.717130661
49.792060852 -59.743927002 -91.909667969 20483.761718750 -12.319024086 0.992130458
43.520050049 -58.570755005 -92.858001709 21330.039062500 -18.057815552 -1.473442197
37.640041351 -58.302169800 -93.026550293 22242.476562500 -22.322614670 -0.749624431
32.152030945 -57.206130981 -92.902740479 23236.460937500 -19.456178665 1.261960387
27.056020737 -54.089645386 -92.924652100 24339.246093750 -14.449724197 0.318585724
22.303007126 -51.324707031 -93.192779541 25604.677734375 -10.364046097 -2.537481308
