962.177673340 30.135009766 21.689544678 0.000000000 -1.597540736 16.217689514
959.309143066 29.869628906 21.426940918 30.096649170 -2.687060356 22.099313736
954.063598633 29.253723145 21.222686768 82.605957031 -4.221883297 25.412330627
945.010986328 28.318267822 20.772674561 168.898468018 -5.701263428 28.949226379
931.700256348 27.172576904 19.960357666 294.066131592 -6.304736614 33.049640656
914.641235352 25.703918457 19.415435791 456.680511475 -5.515320301 36.377155304
894.327941895 23.726867676 19.643310547 651.104003906 -3.670576096 38.951126099
872.184204102 22.099304199 19.399688721 870.596801758 1.585172296 41.239208221
848.249267578 20.713287354 17.806427002 1115.326782227 8.372885704 39.175136566
821.618591309 19.050689697 15.624938965 1391.569580078 13.222341537 34.552661896
792.330261230 17.165039062 11.883483887 1703.655273438 17.293848038 30.747188568
760.435058594 15.465789795 5.041992188 2054.093261719 22.530921936 27.833589554
725.973266602 14.708312988 -5.801696777 2447.464843750 29.401630402 23.816146851
688.911865234 13.192901611 -17.369232178 2889.594970703 32.539218903 21.291990280
649.164001465 10.095367432 -19.873229980 3386.747070312 33.880702972 20.787874222
606.647094727 5.495330811 -23.342498779 3944.068847656 34.460193634 21.869930267
561.758605957 0.105560303 -26.599105835 4553.529296875 36.293601990 22.152532578
518.104431152 -4.959442139 -32.441757202 5183.128417969 38.776969910 21.926088333
478.640167236 -9.889739990 -34.293594360 5798.684082031 40.688148499 22.584571838
443.148956299 -14.697387695 -37.566223145 6387.785156250 42.382560730 23.202655792
411.057250977 -19.559432983 -40.859649658 6952.124511719 44.145092010 23.300180435
381.837371826 -24.258392334 -44.540100098 7493.448730469 46.993412018 22.979192734
355.426025391 -28.292327881 -47.991577148 8011.541503906 49.974964142 22.512947083
331.526916504 -31.857772827 -51.277160645 8506.872070312 51.790939331 22.323015213
309.886260986 -35.317840576 -54.186279297 8979.883789062 53.005352020 22.153793335
290.341339111 -38.775466919 -56.334869385 9430.213867188 54.611598969 22.160898209
272.677764893 -42.133422852 -57.871917725 9861.120117188 56.316749573 22.242420197
256.191040039 -45.397689819 -59.073501587 10276.807617188 57.178073883 22.312671661
241.238632202 -48.234039307 -60.427337646 10676.534179688 56.711044312 22.010087967
227.491699219 -50.870498657 -61.992858887 11068.977539062 55.515583038 21.579591751
213.697341919 -53.435989380 -63.701843262 11473.665039062 54.695606232 21.204294205
199.880416870 -55.925170898 -65.385940552 11901.165039062 55.005035400 20.707744598
186.062057495 -58.450561523 -67.383621216 12354.342773438 56.033149719 19.372041702
172.243774414 -61.356842041 -69.765884399 12836.426757812 55.932167053 17.032411575
158.425552368 -64.654144287 -72.506561279 13351.362304688 54.640361786 14.677825928
144.607376099 -67.156417847 -75.652420044 13905.776367188 54.311046600 13.883171082
130.789260864 -68.719894409 -79.520721436 14510.211914062 53.282665253 13.962512970
116.971229553 -69.273605347 -83.270568848 15179.272460938 48.577667236 12.133729935
103.153182983 -69.159225464 -86.500061035 15917.291015625 39.381961823 11.246904373
90.315155029 -66.572860718 -88.337188721 16687.302734375 23.244424820 10.255131721
80.025146484 -63.918670654 -89.263183594 17427.388671875 4.287567139 6.708604336
71.646133423 -64.496047974 -88.769500732 18126.890625000 -4.042688370 8.610868454
63.855113983 -64.410934448 -88.855773926 18831.695312500 -2.289910793 11.480642319
56.554096222 -62.322998047 -89.636001587 19575.382812500 -3.574571848 8.786522865
49.792079926 -60.878540039 -90.720321655 20364.546875000 -9.245625496 5.382845402
43.520069122 -59.570678711 -91.392364502 21206.632812500 -13.294950485 3.255938768
37.640056610 -57.924911499 -91.702270508 22117.826171875 -15.054553986 1.474706531
32.152042389 -55.661834717 -91.808685303 23116.345703125 -15.309706688 0.036351055
27.056028366 -53.035156250 -91.668548584 24225.605468750 -12.588577271 -0.620227754
22.303010941 -50.554214478 -91.305694580 25496.306640625 -5.728106499 -1.001558781
