964.737670898 29.385009766 22.644714355 0.000000000 -1.233070016 11.844039917
961.869140625 28.869628906 22.401672363 30.002899170 -2.808550596 14.809897423
956.607666016 28.003723145 22.277252197 82.262207031 -5.558276653 16.908010483
947.539001465 26.943267822 21.892089844 168.148468018 -8.495539665 19.108512878
934.204223633 25.735076904 21.178039551 292.659881592 -10.435405731 20.900613785
917.121276855 24.328918457 20.612701416 454.493011475 -10.739402771 22.648752213
896.767944336 22.664367676 20.583496094 648.072753906 -9.380619049 24.493782043
874.584228516 21.099304199 20.222564697 866.659301758 -6.676166534 25.809944153
850.609313965 19.338287354 19.205322266 1110.358032227 -4.140613079 25.689718246
823.906555176 17.363189697 17.643615723 1385.319580078 -2.206923723 24.468967438
794.554199219 16.290039062 13.074798584 1696.186523438 1.257132173 23.214790344
762.555053711 14.403289795 11.242858887 2046.437011719 7.101656914 22.123546600
727.845336914 11.895812988 12.161437988 2440.308593750 11.664049149 20.049947739
690.411865234 9.005401611 9.311462402 2882.407470703 16.259519577 18.740694046
650.280029297 6.157867432 6.414825439 3378.622070312 20.881240845 19.451480865
607.419067383 2.745330811 2.788970947 3935.506347656 26.563325882 22.720361710
562.234619141 -1.394439697 -2.465332031 4545.748046875 30.948032379 25.068300247
518.366455078 -5.709442139 -8.573699951 5176.940917969 35.253749847 25.813777924
478.777770996 -10.327239990 -16.636352539 5793.840332031 38.865795135 26.107788086
443.230560303 -14.697387695 -28.296966553 6383.816406250 42.868522644 26.604383469
411.114837646 -19.059432983 -38.969451904 6949.218261719 45.724464417 28.402770996
381.882965088 -23.445892334 -41.808197021 7492.167480469 47.600864410 30.633079529
355.460418701 -27.729827881 -42.662734985 8011.947753906 49.003040314 31.624717712
331.552490234 -31.795272827 -45.727340698 8508.090820312 49.968585968 31.313295364
309.905059814 -35.755340576 -49.487792969 8980.946289062 50.940017700 31.144073486
290.355377197 -39.275466919 -52.104187012 9430.557617188 52.181793213 31.880119324
272.688415527 -42.508422852 -53.747436523 9860.745117188 53.279491425 32.569091797
256.199279785 -45.710189819 -55.223464966 10275.901367188 54.140819550 32.760833740
241.245269775 -48.796539307 -56.836944580 10674.940429688 54.524219513 32.336761475
227.497467041 -51.807998657 -59.007125854 11066.102539062 54.543663025 32.027755737
213.702697754 -54.748489380 -62.050125122 11468.696289062 54.938587189 31.773948669
199.885696411 -57.425170898 -65.312103271 11893.415039062 56.462917328 31.155908585
186.067337036 -59.950561523 -67.478240967 12343.405273438 59.677856445 29.091262817
172.249038696 -62.606842041 -69.210845947 12822.395507812 63.464565277 25.415241241
158.428176880 -65.091644287 -72.024383545 13335.362304688 65.817466736 20.752340317
144.607360840 -66.156417847 -75.797210693 13890.713867188 65.974113464 15.948505402
130.789260864 -65.719894409 -80.389663696 14501.336914062 61.058044434 10.803766251
116.971221924 -65.211105347 -84.295181274 15182.053710938 47.241271973 7.031138420
103.153175354 -66.534225464 -86.768737793 15932.041015625 24.924619675 8.209647179
90.315155029 -69.572860718 -88.526489258 16701.396484375 16.197988510 9.283209801
80.025138855 -64.543670654 -89.327758789 17434.763671875 8.053766251 7.680526733
71.646125793 -65.058547974 -89.040435791 18132.171875000 -3.313746691 11.405144691
63.855106354 -63.160934448 -88.832031250 18838.101562500 2.691190481 10.387229919
56.554092407 -61.510498047 -89.701812744 19585.382812500 -5.032454967 6.356717110
49.792079926 -60.691040039 -90.787322998 20376.296875000 -10.824999809 3.317510843
43.520069122 -59.508178711 -91.565734863 21218.851562500 -12.808989525 2.891468048
37.640052795 -57.299911499 -91.991561890 22131.451171875 -14.568593025 1.596196771
32.152042389 -55.224334717 -92.280273438 23132.283203125 -15.552686691 -0.328119785
27.056024551 -53.347656250 -92.181243896 24241.667968750 -12.345596313 -0.012776352
22.303007126 -50.741714478 -91.714263916 25510.837890625 -5.971086979 0.213343948
