967.246337891 25.369995117 19.955078125 0.000000000 -1.597563028 19.761398315
964.367675781 25.376464844 20.184570312 29.568176270 -2.283363104 27.109060287
959.102294922 25.073974609 20.736846924 81.258819580 -3.443490028 30.249776840
949.995178223 24.627624512 21.253753662 166.456115723 -4.641775608 36.888210297
936.603271484 23.846679688 21.536071777 290.385803223 -4.917312145 42.676998138
919.422241211 22.734588623 21.449981689 451.799377441 -2.832138300 47.921676636
898.946105957 21.363555908 20.721099854 645.085937500 0.271751434 51.161109924
876.654052734 19.884735107 19.316101074 863.258361816 6.905710697 52.308681488
852.560180664 18.410858154 17.509887695 1106.472167969 17.067312241 49.703014374
825.735961914 17.300506592 15.503631592 1381.355468750 25.673221588 41.686958313
796.219360352 16.140289307 12.769683838 1692.946533203 24.649789810 34.296585083
764.037414551 15.090576172 8.100891113 2044.381103516 24.422178268 32.796287537
729.222045898 13.513732910 1.309783936 2439.289062500 29.869976044 31.466913223
691.760314941 11.220367432 -6.421142578 2882.247802734 35.312633514 30.172996521
651.614135742 7.763336182 -11.880004883 3379.107666016 37.804714203 33.509017944
608.701538086 2.752685547 -16.687591553 3934.950195312 39.558818817 35.742698669
563.425048828 -2.346954346 -22.862838745 4542.189941406 42.714214325 30.575508118
519.423522949 -5.996917725 -29.500076294 5170.995117188 47.083385468 24.146444321
479.680572510 -10.193542480 -44.946121216 5787.769531250 50.977920532 19.862829208
443.970581055 -14.916168213 -58.065795898 6378.705566406 54.020904541 14.994187355
411.700775146 -19.698608398 -57.158523560 6944.740722656 56.304420471 10.885399818
382.335571289 -24.269515991 -56.141510010 7487.711425781 57.106071472 7.528214931
355.808044434 -28.337966919 -52.622253418 8007.447753906 56.061607361 5.900613308
331.817749023 -32.170196533 -50.242904663 8503.844726562 54.179191589 6.401048660
310.106750488 -35.660400391 -49.003158569 8977.489257812 52.427272797 8.782017708
290.508880615 -38.986633301 -49.237075806 9428.314453125 51.881790161 11.975838661
272.807098389 -42.130020142 -50.787109375 9859.824218750 52.727714539 14.564684868
256.293701172 -44.931823730 -53.686294556 10276.458984375 52.888275146 16.228694916
241.324554443 -47.728897095 -56.127227783 10677.399414062 51.597892761 17.360296249
227.568908691 -50.394149780 -56.076919556 11070.890625000 47.927253723 18.706922531
213.771133423 -53.136413574 -57.274871826 11476.240234375 42.730785370 21.014110565
199.953552246 -56.191787720 -60.375640869 11903.661132812 40.584239960 22.616975784
186.134963989 -59.619445801 -65.135955811 12355.134765625 44.325557709 20.850961685
172.316604614 -63.010391235 -69.410491943 12833.851562500 50.498386383 17.836084366
158.498382568 -65.494567871 -71.731765747 13345.559570312 57.121898651 15.288710594
144.680175781 -66.681182861 -73.847305298 13899.328125000 62.472599030 13.188390732
130.858642578 -66.227752686 -77.336059570 14508.218750000 63.195335388 11.684407234
117.030250549 -64.747512817 -78.549392700 15189.072265625 52.920776367 9.373059273
103.198280334 -63.891082764 -75.550003052 15945.176757812 30.708673477 5.809658527
90.347305298 -65.101516724 -79.648101807 16728.474609375 15.117404938 7.169135094
80.038238525 -64.496063232 -86.856338501 17471.294921875 12.486106873 9.281107903
71.646125793 -64.122268677 -84.501358032 18171.177734375 8.755252838 1.882033348
63.855098724 -63.947540283 -86.552429199 18877.630859375 2.160949707 0.392275900
56.554080963 -62.814926147 -91.680801392 19621.236328125 -5.455559731 5.607661724
49.792068481 -60.388412476 -92.130615234 20410.396484375 -9.801163673 7.779129982
43.520053864 -58.375289917 -92.427215576 21255.744140625 -13.317001343 1.235009074
37.640045166 -57.761077881 -92.547653198 22169.625000000 -15.704172134 -5.334968567
32.152030945 -56.977416992 -92.764526367 23165.271484375 -15.745255470 -4.482836723
27.056020737 -54.682296753 -92.985610962 24266.904296875 -14.471765518 -2.115001678
22.303007126 -51.480621338 -93.131286621 25530.138671875 -12.432513237 -3.599296808
