970.055175781 25.185302734 20.468231201 0.000000000 0.356258512 18.110725403
967.167907715 25.198516846 20.417877197 29.554199219 -0.046774942 26.519294739
961.885131836 25.012420654 20.405487061 81.216674805 0.202782869 30.264427185
952.760009766 25.231933594 20.071319580 166.407958984 1.218447208 35.032821655
939.341613770 24.899627686 19.918945312 290.455505371 0.752547860 36.593318939
922.124633789 23.420837402 19.928009033 452.006469727 1.831560135 38.781253815
901.610168457 21.629638672 19.381561279 645.270446777 6.049213409 42.869636536
879.262329102 19.889739990 17.962524414 863.272888184 11.647301674 46.122581482
855.111572266 18.786529541 15.461547852 1106.293457031 18.909290314 44.894001007
828.236145020 17.787933350 11.732635498 1380.892822266 26.170810699 39.348255157
798.682189941 16.495147705 6.920471191 1691.718750000 27.827138901 36.778621674
766.460449219 15.170227051 2.059997559 2042.117919922 25.279848099 37.028659821
731.547363281 13.036285400 -1.477813721 2436.195068359 24.256752014 36.684822083
693.906066895 10.089508057 -3.165374756 2878.598876953 26.756074905 35.702888489
653.502685547 5.614715576 -4.761108398 3374.469238281 31.829473495 34.216121674
610.291503906 0.809417725 -6.206817627 3929.118408203 37.056083679 32.805965424
564.699707031 -4.154846191 -9.907043457 4535.579589844 43.312637329 35.892978668
520.410522461 -9.285125732 -13.844177246 5161.871582031 49.924316406 35.911483765
480.434570312 -13.122833252 -19.891677856 5774.609375000 56.268257141 26.211475372
444.540161133 -16.213287354 -25.484283447 6363.408203125 64.439910889 19.018344879
412.122344971 -19.024856567 -24.757766724 6931.070312500 65.789100647 14.239581108
382.630554199 -21.931579590 -26.386932373 7479.492187500 60.771839142 12.045867920
356.004852295 -25.610107422 -30.020660400 8006.454101562 55.533298492 11.867414474
331.940704346 -29.867111206 -34.244140625 8509.534179688 50.880668640 12.863465309
310.176513672 -33.975906372 -38.470031738 8988.285156250 46.612152100 14.996233940
290.537353516 -37.660842896 -42.178436279 9442.922851562 43.753658295 15.069948196
272.801361084 -40.749588013 -44.450378418 9877.719726562 42.578662872 11.256937027
256.262542725 -43.761810303 -47.558410645 10297.350585938 42.137771606 5.927307606
241.276168823 -46.580017090 -51.852920532 10700.860351562 41.276401520 1.941590190
227.509887695 -49.496200562 -54.835983276 11096.575195312 39.930854797 0.169125378
213.705444336 -52.662536621 -58.070404053 11503.500976562 39.486370087 2.188515663
199.885437012 -56.262680054 -61.189697266 11931.532226562 42.238342285 8.470565796
186.066802979 -60.234573364 -64.490020752 12382.405273438 48.011127472 16.245742798
172.248382568 -64.137115479 -68.603881836 12859.252929688 54.008281708 20.469287872
158.430023193 -66.967453003 -71.873352051 13367.957031250 59.783035278 18.997922897
144.611480713 -67.572753906 -73.073913574 13918.803710938 66.569755554 12.429217339
130.792526245 -65.813720703 -70.735610962 14527.209960938 66.922462463 4.155836582
116.973045349 -63.953521729 -68.161865234 15210.095703125 52.340118408 1.254440546
103.153732300 -63.702423096 -67.915100098 15967.707031250 30.683441162 10.744244576
90.315216064 -65.077575684 -77.056076050 16750.859375000 21.363220215 19.012279510
80.025131226 -65.307556152 -86.561965942 17491.478515625 16.897510529 12.173355103
71.646110535 -65.138992310 -86.816329956 18187.609375000 6.135948658 3.577486038
63.855087280 -64.575485229 -88.855743408 18891.054687500 1.165775418 8.681993484
56.554073334 -62.591903687 -90.974273682 19633.968750000 -4.244566441 9.808792114
49.792060852 -61.431747437 -92.127120972 20421.496093750 -12.396864891 2.136759520
43.520053864 -61.025695801 -92.606628418 21259.515625000 -16.586862564 -2.229535580
37.640045166 -59.361846924 -92.897567749 22164.519531250 -17.764043808 -3.740592957
32.152030945 -57.212066650 -93.269302368 23156.005859375 -17.559490204 -4.595033646
27.056020737 -54.636703491 -93.612731934 24257.119140625 -18.207555771 -4.266852856
22.303007126 -52.138687134 -93.596618652 25518.605468750 -20.040096283 -1.954496384
