978.422363281 20.182495117 20.552093506 0.000000000 4.233970165 -14.377369881
975.519592285 19.876464844 19.974975586 28.974426270 4.277112007 -19.057245255
970.198303223 19.636474609 19.792022705 79.571319580 3.116984844 -21.869550705
961.011108398 19.940124512 20.071319580 163.112335205 1.189757943 -22.520532608
947.491271973 20.471679688 20.587341309 285.073303223 1.643162727 -18.432613373
930.118286133 20.359588623 20.526855469 444.674377441 3.485356092 -12.337499619
909.418151855 20.113555908 20.260101318 636.710937500 4.037950039 -6.546771526
886.830078125 20.009735107 20.172882080 854.914611816 1.438648343 2.740649700
862.368225098 19.285858154 19.522338867 1099.690917969 0.180162877 15.928718567
835.079895020 18.863006592 19.072753906 1377.792968750 1.496657252 30.266874313
804.995361328 17.452789307 17.688262939 1694.102783203 6.183268547 41.707492828
772.149353027 15.090576172 15.379180908 2050.818603516 13.002092361 46.281707764
736.549987793 12.326232910 12.600585938 2451.007812500 19.543302536 43.737430573
698.204284668 9.470367432 9.628204346 2899.560302734 25.836393356 38.069866180
657.094116211 6.825836182 6.857116699 3403.576416016 32.702121735 31.443683624
613.181518555 3.877685547 4.139373779 3970.387695312 36.278579712 22.257276535
566.925048828 -0.596954346 -1.447265625 4591.721191406 31.051147461 18.547969818
522.109497070 -4.559417725 -13.244873047 5233.526367188 35.906280518 20.866207123
481.779754639 -8.693542480 -58.168914795 5860.582031250 44.417446136 24.843931198
445.604217529 -13.791168213 -45.861145020 6459.955566406 50.619174957 24.105957031
412.936004639 -18.448608398 -51.580108643 7033.584472656 55.575481415 22.669956207
383.246795654 -23.082015991 -53.830749512 7583.742675781 55.769680023 21.013635635
356.461639404 -27.150466919 -52.008331299 8109.947753906 53.874782562 19.021562576
332.268920898 -30.732696533 -51.427474976 8612.469726562 50.170013428 17.092193604
310.401153564 -33.972900391 -52.263442993 9092.083007812 44.651897430 16.557395935
290.684692383 -37.111633301 -53.732376099 9548.658203125 39.854251862 17.321411133
272.894622803 -40.317520142 -54.324310303 9985.511718750 38.027389526 17.480451584
256.315002441 -43.369323730 -51.573196411 10406.865234375 37.701992035 15.742734909
241.298843384 -46.228897095 -51.416900635 10811.805664062 36.290119171 13.958568573
227.514221191 -49.144149780 -54.677413940 11208.609375000 34.077362061 14.454762459
213.702224731 -52.511413574 -58.219604492 11616.208984375 32.890075684 16.640460968
199.881210327 -56.191787720 -62.097900391 12044.504882812 34.023765564 19.093757629
186.062698364 -59.681945801 -66.760101318 12496.134765625 37.157630920 19.028608322
172.244400024 -62.822891235 -69.881683350 12975.226562500 41.265125275 16.742671967
158.426147461 -65.557067871 -71.221588135 13487.278320312 46.309261322 14.681259155
144.607955933 -67.618682861 -72.969573975 14039.859375000 51.902946472 13.066900253
130.789764404 -68.727752686 -75.591491699 14643.687500000 56.270393372 11.927388191
116.971656799 -68.372512817 -79.167694092 15314.259765625 54.257167816 10.830943108
103.153503418 -66.391082764 -75.160522461 16058.989257812 41.035346985 9.940327644
90.315292358 -63.664016724 -73.755569458 16839.630859375 16.696779251 10.206392288
80.025146484 -63.621063232 -82.756866455 17585.732421875 2.280923605 13.533267021
71.646110535 -64.059768677 -87.442901611 18286.427734375 2.802229166 11.722745895
63.855087280 -63.260040283 -88.177032471 18993.880859375 3.011381626 5.859338284
56.554073334 -62.314926147 -90.759613037 19739.517578125 -0.960419416 5.364681244
49.792060852 -59.700912476 -91.963378906 20530.833984375 -3.848140001 6.442736626
43.520053864 -57.125289917 -92.651519775 21380.119140625 -13.195511818 1.113518715
37.640045166 -57.448577881 -92.892700195 22297.343750000 -20.077821732 -2.540692091
32.152030945 -56.977416992 -92.907684326 23293.708984375 -18.661022186 -0.959618568
27.056020737 -54.619796753 -92.952789307 24395.466796875 -14.714746475 -0.535627961
22.303007126 -51.793121338 -93.136062622 25657.919921875 -12.554003716 -5.786121845
