983.178955078 23.680786133 20.444152832 0.000000000 -10.281307220 12.161299706
980.260375977 24.075927734 20.329193115 29.360778809 -14.920828819 21.854272842
974.907348633 24.097686768 20.140777588 80.756134033 -16.752918243 25.251676559
965.673278809 24.508026123 19.721099854 165.646545410 -17.390987396 35.552204132
952.083129883 24.553833008 19.177978516 289.346191406 -15.696259499 45.466125488
934.636779785 24.049957275 18.788757324 450.912658691 -11.202458382 53.734710693
913.827941895 22.906097412 18.264801025 644.811889648 -2.432564020 59.476081848
891.131042480 21.222473145 17.656250000 864.192138672 4.403351307 61.277065277
866.551879883 19.826629639 16.507415771 1109.234985352 10.487760544 57.575839996
839.144836426 18.070220947 15.154113770 1386.577270508 9.839296341 47.641868591
808.923889160 15.868713379 13.533966064 1700.782348633 4.025040150 37.196933746
775.907836914 14.493316650 10.828277588 2055.427978516 3.517745733 30.504306793
740.104675293 13.339324951 7.543243408 2455.379150391 9.941203117 24.166124344
701.537658691 11.386169434 3.946716309 2905.834960938 15.956610680 21.646854401
660.176513672 7.539947510 0.268859863 3411.869873047 21.635698318 15.608735085
615.951599121 3.269683838 1.221588135 3979.512939453 25.739299774 11.472533226
569.274291992 -1.402557373 -1.209045410 4601.960937500 26.923763275 14.819971085
523.981201172 -6.184356689 -6.171386719 5245.564453125 28.484220505 19.465517044
483.183471680 -11.411682129 -12.681152344 5873.364257812 30.360330582 22.897981644
446.628997803 -16.572662354 -18.419403076 6471.840820312 31.982412338 23.803552628
413.686065674 -20.933746338 -23.178314209 7043.915039062 36.642921448 21.582090378
383.784332275 -24.509811401 -27.057205200 7593.299804688 43.764713287 17.304637909
356.836303711 -27.666168213 -30.515213013 8120.256835938 52.174240112 11.829107285
332.520324707 -30.946075439 -34.002807617 8624.345703125 62.539596558 7.319737434
310.560455322 -34.126846313 -37.662414551 9105.401367188 69.766220093 5.285145760
290.777740479 -37.002670288 -41.485290527 9563.327148438 70.282310486 2.666905880
272.943084717 -39.670883179 -44.559722900 10001.946289062 65.896827698 -1.339359164
256.336120605 -42.507476807 -47.343994141 10425.350585938 60.172969818 -3.511116505
241.306823730 -45.428680420 -49.930694580 10832.133789062 54.115303040 -3.719898224
227.518157959 -48.435211182 -52.612930298 11230.422851562 49.397022247 -3.066235542
213.705703735 -51.279479980 -55.555236816 11639.883789062 44.734367371 -2.772312641
199.884338379 -54.440856934 -58.893722534 12071.215820312 40.234676361 -1.476525068
186.064865112 -58.532745361 -62.908782959 12525.846679688 37.638874054 2.889465094
172.245727539 -63.340652466 -67.602996826 13005.524414062 39.429519653 6.448372364
158.426940918 -67.540527344 -71.766876221 13514.456054688 45.635524750 6.148183823
144.608413696 -69.559341431 -73.794982910 14061.870117188 54.772243500 5.425848961
130.790084839 -68.937896729 -74.687591553 14662.594726562 58.624053955 6.309589863
116.971771240 -67.107406616 -72.855484009 15335.053710938 44.467540741 9.926264763
103.153434753 -66.998275757 -72.753570557 16080.901367188 31.338827133 14.765614510
90.315231323 -64.457595825 -79.516265869 16858.960937500 21.797105789 21.231946945
80.025169373 -62.153060913 -85.401351929 17606.035156250 14.507777214 16.859603882
71.646125793 -61.517303467 -81.715454102 18313.423828125 4.742019176 5.085418224
63.855087280 -61.624832153 -87.864501953 19027.935546875 -2.902612209 3.336268425
56.554073334 -61.445800781 -94.551940918 19777.996093750 -7.664113045 4.270069122
49.792064667 -61.477691650 -92.501525879 20567.542968750 -8.785859108 2.049982548
43.520053864 -61.409469604 -92.301361084 21404.667968750 -11.382758141 -1.021581650
37.640045166 -60.266662598 -92.863464355 22306.939453125 -14.806163788 -0.661185503
32.152030945 -57.465927124 -93.200027466 23295.855468750 -16.988313675 -1.037186861
27.056020737 -54.499465942 -93.391540527 24396.861328125 -19.262210846 -4.840431690
22.303007126 -52.343200684 -93.314132690 25658.117187500 -19.804656982 -6.381821156
