966.463134766 29.434326172 21.454650879 0.000000000 -1.234349132 12.295232773
963.580078125 29.008636475 20.812683105 30.007720947 -1.773058057 15.960051537
958.313537598 28.315551758 20.400115967 82.263641357 -2.127696276 18.176351547
949.225769043 27.344299316 19.986297607 168.181365967 -2.292995453 20.351579666
935.866394043 26.129150391 19.509277344 292.818206787 -1.624183536 22.383182526
918.724121094 24.560394287 19.064239502 454.794525146 -0.387598783 24.188766479
898.323608398 22.699310303 18.516296387 648.443359375 1.199100971 25.820257187
876.084289551 20.759979248 17.626190186 866.799194336 3.110433578 27.029695511
852.037597656 18.546417236 16.796691895 1109.890380859 4.843249321 27.893793106
825.271240234 16.686340332 14.099761963 1384.025024414 9.280711174 27.737104416
795.808898926 15.017791748 11.177734375 1694.029418945 14.048651695 23.797956467
763.669738770 12.475860596 9.228027344 2042.785278320 16.207143784 21.607980728
728.877685547 10.615539551 1.403594971 2433.815673828 16.800657272 22.211475372
691.451354980 8.640045166 -4.636505127 2872.430664062 20.833662033 24.777261734
651.320129395 5.594787598 -8.136901855 3365.188720703 27.483608246 30.069126129
608.437194824 1.692962646 -17.207565308 3917.805908203 33.555885315 35.162803650
563.207397461 -3.113891602 -21.530883789 4522.725097656 37.610176086 34.838005066
519.234680176 -7.809143066 -22.517929077 5148.455566406 41.144741058 34.957500458
479.503021240 -12.064880371 -27.596450806 5761.156738281 45.228767395 36.126716614
443.803894043 -16.649078369 -38.696533203 6348.199707031 48.464714050 37.170745850
411.551483154 -21.133285522 -43.378967285 6910.765136719 49.059936523 37.886493683
382.201080322 -25.423263550 -45.921997070 7450.879394531 48.437618256 38.122764587
355.687622070 -29.127944946 -49.640701294 7968.441894531 47.842617035 37.981571198
331.708862305 -32.120712280 -53.210754395 8464.012695312 46.539295197 38.060901642
310.008056641 -34.807327271 -57.328628540 8938.399414062 43.702507019 38.636814117
290.418792725 -37.716171265 -61.036193848 9391.139648438 39.738445282 39.176593781
272.723571777 -40.794937134 -61.607086182 9824.940429688 36.723194122 38.544734955
256.214843750 -44.150985718 -61.639144897 10243.518554688 36.613967896 36.560001373
241.248550415 -47.403366089 -61.352737427 10645.436523438 38.987560272 34.381809235
227.494491577 -50.686798096 -61.365966797 11038.981445312 42.001346588 32.794513702
213.697677612 -54.194305420 -62.546524048 11443.223632812 44.380146027 31.168306351
199.880508423 -57.702560425 -64.377655029 11868.256835938 46.208045959 29.797121048
186.062103271 -60.544647217 -66.615051270 12317.353515625 49.089714050 29.358974457
172.243804932 -62.399642944 -69.189697266 12795.917968750 51.866436005 29.963296890
158.425552368 -63.661270142 -71.864395142 13310.844726562 52.837665558 30.851263046
144.607406616 -64.738922119 -75.022216797 13869.879882812 53.799793243 31.672782898
130.789260864 -65.601303101 -78.320114136 14482.556640625 55.156105042 30.350502014
116.971191406 -66.120117188 -82.528869629 15161.941406250 53.330215454 23.750778198
103.153152466 -65.918945312 -87.465637207 15911.547851562 42.839656830 13.458354950
90.315139771 -63.952667236 -90.710968018 16692.492187500 22.198558807 7.179219723
80.025123596 -62.553039551 -90.404815674 17439.707031250 5.810441017 8.943179131
71.646110535 -62.822540283 -89.096420288 18144.175781250 5.332669735 14.751888275
63.855098724 -62.002136230 -89.206375122 18855.789062500 3.358245134 12.740766525
56.554080963 -61.072631836 -90.336410522 19605.871093750 -4.614224434 9.193582535
49.792068481 -60.672576904 -91.450424194 20397.656250000 -9.406411171 7.003076553
43.520057678 -59.520477295 -92.142333984 21240.123046875 -11.501385689 3.613528490
37.640045166 -57.915908813 -92.502624512 22151.335937500 -13.647246361 0.509252191
32.152034760 -55.844665527 -92.667083740 23149.328125000 -16.142623901 0.484441012
27.056020737 -53.750991821 -92.776092529 24256.136718750 -16.486583710 0.899833739
22.303007126 -51.579727173 -92.951202393 25521.701171875 -12.221570015 0.345815182
