975.150939941 24.688354492 21.007598877 0.000000000 -5.040956497 15.156338692
972.248901367 24.633850098 20.877105713 29.485656738 -5.889946461 21.861976624
966.936157227 24.563781738 20.818298340 81.054168701 -5.908024788 25.327453613
957.766174316 24.694702148 20.499816895 166.127929688 -5.351467133 29.509817123
944.280090332 24.547332764 20.018066406 289.981506348 -4.671298981 33.934970856
926.973266602 23.603240967 19.740234375 451.539855957 -4.328191280 39.013698578
906.339843750 22.100891113 19.360595703 645.111083984 -3.828130245 43.290771484
883.851562500 20.152313232 18.527038574 863.688110352 -3.611651421 45.483573914
859.506652832 18.155181885 17.450561523 1107.308471680 -3.628710032 46.483749390
832.391784668 16.108917236 15.929107666 1382.398315430 -1.927026868 46.337181091
802.505493164 13.926666260 14.133728027 1693.672363281 4.085907936 43.506629944
769.866821289 11.598693848 11.829895020 2044.178588867 15.667440414 35.529018402
734.483886719 9.577056885 9.807250977 2438.140625000 29.693672180 27.278934479
696.367797852 7.499572754 5.588378906 2880.787109375 34.028903961 26.367179871
655.544006348 5.974884033 -1.460083008 3378.912597656 39.199401855 27.801349640
611.998229980 3.915985107 -13.043945312 3939.750976562 45.552062988 28.491928101
566.144592285 -0.464141846 -25.683441162 4555.220214844 50.808544159 33.436176300
521.617126465 -5.359375000 -33.045349121 5191.690917969 57.800689697 35.061424255
481.404327393 -9.974884033 -38.383056641 5814.319824219 63.487331390 31.888980865
445.294952393 -14.438262939 -34.044265747 6410.801757812 62.941211700 31.172370911
412.686767578 -18.289306641 -30.156051636 6983.457519531 57.827140808 28.613481522
383.040161133 -21.598617554 -31.299911499 7535.065917969 49.862548828 25.232086182
356.290191650 -25.181701660 -36.046630859 8064.651855469 42.269962311 22.440448761
332.126922607 -29.119491577 -39.458129883 8570.586914062 36.489971161 20.985561371
310.282745361 -32.874832153 -42.873168945 9052.684570312 32.686595917 21.614191055
290.584472656 -36.562774658 -46.613220215 9510.622070312 32.078193665 22.813388824
272.816375732 -39.997909546 -49.344696045 9947.897460938 34.026233673 21.898948669
256.263366699 -43.319869995 -51.893203735 10369.002929688 37.339939117 19.275606155
241.269134521 -46.481643677 -54.563766479 10773.168945312 41.286880493 16.131601334
227.500778198 -49.671035767 -57.069824219 11168.860351562 44.967109680 13.909509659
213.698959351 -52.937332153 -59.912551880 11575.324218750 47.592037201 13.383862495
199.881347656 -56.409454346 -62.710968018 12002.904296875 49.062683105 15.010010719
186.062850952 -59.896026611 -65.774246216 12454.045898438 50.976421356 17.554559708
172.244506836 -63.477691650 -69.282653809 12932.098632812 54.747291565 18.774044037
158.426269531 -66.892517090 -72.670898438 13441.725585938 59.815601349 18.789142609
144.608062744 -69.841598511 -75.517456055 13989.547851562 65.273719788 19.441944122
130.789855957 -71.164794922 -76.823394775 14586.530273438 71.159194946 21.600502014
116.971656799 -69.662002563 -75.340255737 15251.152343750 70.812522888 18.899976730
103.153434753 -65.377624512 -73.007843018 15995.613281250 48.638675690 13.881910324
90.315223694 -61.825027466 -76.867889404 16781.625000000 21.530893326 18.745496750
80.025138855 -60.614257812 -84.632186890 17536.195312500 11.894023895 15.105425835
71.646110535 -60.761032104 -87.065887451 18247.371093750 3.700062513 2.877537727
63.855087280 -61.683486938 -89.737533569 18962.931640625 -4.883551121 1.825852275
56.554073334 -61.259017944 -91.162841797 19713.187500000 -6.169861794 6.847800255
49.792060852 -59.618927002 -92.176727295 20506.605468750 -8.917296410 4.636838913
43.520053864 -58.570755005 -92.632247925 21353.070312500 -14.899068832 -1.837913036
37.640045166 -58.239669800 -92.788879395 22265.601562500 -18.313436508 -3.665391207
32.152030945 -56.893630981 -93.052154541 23260.398437500 -18.119785309 -2.261257648
27.056020737 -54.464645386 -93.238662720 24362.902343750 -16.515058517 -2.111219883
22.303007126 -51.824707031 -93.213226318 25625.802734375 -12.672361374 -2.051520348
