980.463195801 22.310302734 20.639190674 0.000000000 -5.110804081 8.634483337
977.551879883 22.198516846 20.666442871 29.210449219 -6.607249737 10.482577324
972.213195801 21.949920654 20.790954590 80.310424805 -6.965143681 11.190452576
962.992004395 21.731933594 21.007965088 164.595458984 -5.220537663 13.043083191
949.421630859 22.087127686 21.232574463 287.518005371 -1.312786818 18.734247208
931.988586426 22.295837402 21.034515381 448.443969727 1.953050375 25.781795502
911.210144043 22.067138672 20.457214355 642.114196777 4.834310532 33.636375427
888.542358398 20.764739990 19.676330566 861.616638184 5.937258720 40.655517578
863.999511719 18.911529541 19.082183838 1106.699707031 9.190067291 43.557609558
836.660156250 17.412933350 16.338043213 1383.736572266 14.143273354 32.666290283
806.538208008 15.557647705 14.203002930 1697.500000000 14.949169159 20.741907120
773.660461426 13.982727051 10.116546631 2051.149169922 15.560625076 13.702526093
738.059387207 12.411285400 5.154785156 2448.820068359 19.032670975 9.835470200
699.738098145 11.152008057 -1.803497314 2896.192626953 20.074110031 9.096517563
658.662658691 6.989715576 -5.098846436 3398.687988281 21.624290466 10.525519371
614.723449707 1.246917725 -3.109191895 3960.430908203 28.673255920 10.330262184
568.343688965 -2.404846191 -5.032623291 4576.048339844 38.088554382 10.987473488
523.320556641 -6.285125732 -9.609802246 5214.965332031 47.494510651 17.080492020
482.719360352 -10.685333252 -14.289916992 5840.859375000 55.903785706 17.707155228
446.301757812 -14.838287354 -18.001541138 6440.470703125 63.225009918 11.850418091
413.434326172 -18.837356567 -21.720489502 7015.820312500 68.947845459 6.707184315
383.585754395 -22.619079590 -25.239532471 7568.742187500 69.397651672 5.120922089
356.698425293 -26.360107422 -29.104873657 8098.297851562 65.131034851 7.129293442
332.429870605 -30.179611206 -33.203536987 8603.721679688 61.450321198 10.433659554
310.506896973 -33.788406372 -37.088439941 9085.222656250 59.854591370 14.024311066
290.751098633 -36.973342896 -40.444061279 9542.985351562 59.304412842 18.350185394
272.933258057 -39.812088013 -43.506866455 9981.094726562 58.372402191 21.340629578
256.335174561 -43.011810303 -46.932052612 10403.663085938 55.258724213 21.235082626
241.308990479 -46.142517090 -50.031021118 10809.266601562 50.266685486 20.043642044
227.520843506 -49.246200562 -53.276641846 11206.137695312 45.640899658 19.486080170
213.707809448 -52.787536621 -56.901123047 11613.407226562 42.402133942 20.776527405
199.884063721 -56.700180054 -60.887847900 12041.000976562 41.266418457 24.385791779
186.063003540 -60.797073364 -65.017883301 12490.936523438 43.758968353 29.123712540
172.244415283 -64.762115479 -68.982437134 12966.565429688 49.148670197 32.375335693
158.425903320 -68.342453003 -72.552276611 13472.863281250 54.315971375 31.389932632
144.607620239 -70.322753906 -74.546234131 14018.178710938 60.495239258 23.727813721
130.789443970 -69.751220703 -74.676269531 14616.647460938 66.557991028 17.641258240
116.971328735 -66.766021729 -78.913116455 15288.439453125 58.900592804 12.310055733
103.153244019 -63.389923096 -82.316772461 16041.738281250 34.085170746 7.949968338
90.315193176 -63.640075684 -85.348495483 16828.171875000 15.167216301 11.844352722
80.025169373 -63.495056152 -84.422058105 17574.478515625 10.944487572 11.444413185
71.646125793 -61.388992310 -82.800079346 18279.734375000 0.182925031 4.670898438
63.855087280 -61.825485229 -88.177246094 18994.054687500 -5.273209572 5.037285328
56.554073334 -61.154403687 -92.231704712 19744.375000000 -8.253746033 6.528554440
49.792060852 -60.681747437 -92.266082764 20536.027343750 -12.275375366 2.379740000
43.520050049 -60.588195801 -92.588165283 21376.328125000 -14.400038719 -0.164200783
37.640041351 -59.174346924 -93.017547607 22282.550781250 -15.091257095 0.876037478
32.152030945 -56.587066650 -93.337036133 23276.005859375 -16.223096848 -0.221383855
27.056020737 -54.261703491 -93.555755615 24379.775390625 -16.020730972 -4.145362377
22.303007126 -52.326187134 -93.482147217 25641.605468750 -15.058995247 -5.113243580
