966.452270508 27.125885010 21.476440430 0.000000000 4.414739132 11.399445534
963.573181152 26.944610596 21.174377441 29.747283936 5.721580982 15.865781784
958.314086914 26.537963867 20.916015625 81.637634277 5.854883671 18.447879791
949.231811523 25.752288818 20.427581787 167.026977539 5.404207706 20.061727524
935.885070801 24.554199219 19.743164062 290.867706299 4.664109707 21.223173141
918.778686523 23.014007568 19.369781494 451.834564209 3.549527168 22.319538116
898.372985840 21.102386475 19.492218018 644.398681641 2.754998207 23.426904678
876.142211914 19.691406250 19.230224609 861.872436523 2.688802958 24.448179245
852.110412598 17.480957031 17.392944336 1104.012329102 3.482835054 24.850303650
825.398803711 16.484710693 13.218444824 1377.019165039 6.026530266 23.978401184
795.997741699 15.447631836 12.242553711 1686.625976562 9.278671265 20.937959671
763.886108398 14.116180420 10.953643799 2036.487182617 14.729702950 16.560651779
729.087402344 10.928314209 7.874786377 2429.322265625 17.358390808 14.892681122
691.608276367 8.262023926 5.243591309 2869.413330078 20.515798569 17.889991760
651.384704590 5.583343506 5.400421143 3364.335205078 23.344711304 25.351444244
608.396667480 2.476531982 -0.439453125 3920.572509766 27.498052597 32.559341431
563.114807129 -1.910125732 -8.363128662 4529.724121094 29.900882721 38.288421631
519.147033691 -7.384857178 -16.795867920 5158.023925781 29.780052185 39.258888245
479.457275391 -12.436859131 -25.309692383 5770.685058594 31.203550339 36.821506500
443.802001953 -16.627563477 -33.658050537 6356.814941406 36.716304779 35.955146790
411.567810059 -20.415954590 -41.252685547 6919.711425781 42.316970825 37.578060150
382.230316162 -24.761779785 -46.491683960 7461.043945312 46.052883148 39.244148254
355.725128174 -29.335906982 -49.055175781 7978.873535156 49.987007141 39.892650604
331.748626709 -33.325851440 -51.178649902 8472.873046875 53.076904297 39.960105896
310.045745850 -36.461425781 -54.043472290 8944.394531250 52.815486908 39.442073822
290.451507568 -39.189071655 -57.030471802 9394.193359375 48.443508148 38.058639526
272.748931885 -41.849319458 -59.282592773 9825.826171875 42.710052490 36.486057281
256.231048584 -44.799133301 -60.756347656 10243.037109375 39.553100586 34.205253601
241.256286621 -47.781967163 -61.876174927 10644.294921875 40.223182678 31.904560089
227.496673584 -50.629013062 -62.485580444 11037.730468750 42.707435608 30.976402283
213.697708130 -53.707077026 -62.489151001 11442.504882812 45.323963165 29.994188309
199.880584717 -57.046173096 -63.207763672 11868.702148438 48.150451660 27.276538849
186.062133789 -60.391906738 -65.734558105 12318.603515625 49.486911774 25.028287888
172.243789673 -62.905044556 -69.189666748 12796.736328125 49.812660217 26.641822815
158.425552368 -63.978027344 -71.986557007 13310.654296875 51.984458923 30.145977020
144.607376099 -64.365737915 -74.720458984 13869.801757812 53.958293915 31.138706207
130.789260864 -65.009399414 -78.464050293 14483.921875000 51.944213867 30.374437332
116.971191406 -66.004013062 -83.129364014 15164.302734375 47.902565002 27.308721542
103.153152466 -66.773223877 -88.148315430 15912.468750000 43.312446594 19.099960327
90.315139771 -66.343429565 -90.889724731 16687.439453125 36.826713562 8.241288185
80.025123596 -64.136856079 -90.435928345 17427.617187500 24.264335632 5.943185329
71.646110535 -61.066040039 -89.284301758 18132.414062500 0.091846250 20.966293335
63.855098724 -61.418273926 -89.524749756 18848.009765625 0.551451981 15.143692017
56.554080963 -61.768005371 -90.292846680 19597.853515625 -5.921918869 10.468724251
49.792068481 -61.303863525 -91.341003418 20387.117187500 -10.862807274 7.127951145
43.520057678 -59.643981934 -91.978713989 21228.148437500 -12.513835907 5.926787853
37.640048981 -57.564254761 -92.039825439 22139.974609375 -14.201048851 4.853163719
32.152034760 -56.070510864 -92.147109985 23138.251953125 -14.030032158 2.747052908
27.056022644 -54.853897095 -92.308273315 24241.671875000 -12.543214798 0.972986281
22.303007126 -53.469757080 -92.341384888 25498.558593750 -11.583197594 3.259373903
