951.716247559 30.188385010 20.369598389 0.000000000 -2.145735741 11.277956009
948.885131836 29.632110596 20.003204346 29.997283936 -2.296777248 12.950015068
943.706115723 29.162963867 19.795135498 82.325103760 -2.284964800 13.709759712
934.775756836 28.377288818 19.414978027 168.370697021 -2.006699085 14.351684570
921.645080566 27.241699219 18.827514648 293.086456299 -1.653384447 14.784189224
904.826721191 25.639007568 18.472900391 455.053314209 -1.188593745 15.273101807
884.812988281 23.602386475 18.664672852 648.492431641 -0.646729589 15.773017883
863.022216797 21.441406250 18.686065674 866.403686523 0.137507066 16.551311493
839.478332520 19.230957031 17.270111084 1108.637329102 2.753893375 18.046848297
813.310791016 17.047210693 15.018920898 1381.237915039 7.119942665 20.212203979
784.533752441 14.635131836 12.796020508 1688.657104492 10.250594139 21.423921585
753.158020020 11.678680420 10.628692627 2033.424682617 11.570955276 21.906223297
719.231384277 9.615814209 4.358612061 2418.853515625 14.564114571 24.368923187
682.804199219 9.699523926 -12.577453613 2851.413330078 19.179407120 32.468826294
643.812683105 6.520843506 -17.941452026 3337.522705078 25.653026581 37.986434937
602.104675293 2.226531982 -20.384582520 3882.103759766 32.600643158 37.783424377
558.046813965 -2.160125732 -27.749404907 4478.599121094 37.068809509 35.372653961
515.167053223 -6.384857178 -35.285888672 5096.617675781 38.284370422 33.548847198
476.354888916 -10.561859131 -38.585250854 5702.778808594 40.315322876 32.326366425
441.398803711 -15.502563477 -41.508819580 6283.971191406 44.005722046 32.188945770
409.738983154 -20.415954590 -44.140960693 6840.867675781 47.541053772 33.082920074
380.867095947 -25.199279785 -46.523223877 7375.325195312 51.276966095 34.870498657
354.728332520 -29.523406982 -48.938934326 7886.967285156 54.846614838 36.855392456
331.040649414 -33.325851440 -51.439575195 8376.029296875 56.478630066 38.380733490
309.559936523 -36.523925781 -54.290618896 8843.550781250 55.245292664 38.956111908
290.133270264 -39.439071655 -57.562011719 9289.787109375 51.723743439 38.787578583
272.554290771 -42.224319458 -60.877349854 9718.201171875 48.177116394 37.943939209
256.126770020 -45.174133301 -63.961776733 10132.599609375 48.057418823 36.513568878
241.211685181 -47.781967163 -66.762298584 10532.013671875 51.764759064 33.848403931
227.483978271 -50.316513062 -68.572784424 10924.792968750 54.856464386 30.854911804
213.696273804 -53.144577026 -69.323974609 11329.973632812 55.043186188 27.928852081
199.879959106 -56.108673096 -69.793609619 11757.545898438 53.860492706 25.697166443
186.061752319 -59.016906738 -70.837371826 12209.916015625 53.496089935 24.420835495
172.243591309 -61.405044556 -72.549652100 12691.392578125 53.457366943 23.847545624
158.425445557 -63.103027344 -74.776916504 13208.248046875 53.077869415 22.735069275
144.607330322 -64.553237915 -77.399566650 13768.301757812 52.014450073 20.447561264
130.789245605 -65.884399414 -80.441375732 14380.890625000 48.906955719 19.804784775
116.971191406 -67.254013062 -83.988113403 15057.865234375 43.650405884 20.262285233
103.153167725 -68.210723877 -87.589767456 15801.125000000 38.088367462 18.735488892
90.315147400 -68.093429565 -90.162185669 16570.033203125 31.724123001 13.100899696
80.025138855 -65.886856079 -90.119079590 17303.929687500 21.956020355 6.915107727
71.646125793 -62.128540039 -88.988357544 18003.914062500 -1.730507970 18.657978058
63.855106354 -62.418273926 -89.450012207 18716.041015625 -1.756863356 18.302438736
56.554092407 -62.643005371 -90.137969971 19462.634765625 -3.249132633 10.590214729
49.792079926 -62.116363525 -90.787002563 20248.835937500 -8.918963432 5.913048267
43.520065308 -60.393981934 -91.309814453 21086.804687500 -12.878306389 4.833375454
37.640052795 -58.626754761 -91.690521240 21994.599609375 -14.929989815 5.703595638
32.152034760 -56.633010864 -91.862152100 22989.064453125 -14.758974075 5.176858425
27.056022644 -54.353897095 -92.208969116 24092.421875000 -13.150666237 2.916830778
22.303007126 -52.719757080 -92.219329834 25352.871093750 -12.433629990 2.408941984
