977.329711914 24.697509766 19.990814209 0.000000000 1.318225861 -6.743972778
974.421081543 24.869628906 19.989715576 29.471649170 1.808079958 -6.815371513
969.095642090 25.378723145 20.192108154 81.137207031 2.460081816 -3.502355337
959.907043457 25.630767822 19.853973389 166.429718018 2.681565762 1.735403776
946.380249023 25.172576904 19.971588135 290.691131592 1.592131376 6.686251163
929.017272949 23.891418457 20.353546143 452.711761475 0.923664212 12.200589180
908.295959473 21.976867676 20.455932617 646.791503906 1.067544699 17.690326691
885.704223633 19.661804199 19.501647949 865.753051758 1.585172296 20.099901199
861.249267578 18.025787354 18.243408203 1109.889282227 4.363706112 22.530969620
834.002563477 16.238189697 16.439544678 1385.788330078 11.157006264 28.356657028
803.986267090 14.352539062 13.991821289 1698.092773438 18.265771866 32.812522888
771.235107422 13.153289795 9.690185547 2050.249511719 19.736646652 30.263395309
735.765319824 11.833312988 5.612915039 2446.652343750 21.747741699 27.096384048
697.587829590 9.817901611 -1.516143799 2892.157470703 25.128311157 26.394582748
656.700012207 6.532867432 -10.513458252 3391.934570312 27.077245712 30.385604858
613.035095215 2.245330811 -17.021270752 3951.600097656 29.114622116 32.925544739
566.994628906 -2.644439697 -21.400894165 4564.029296875 32.284423828 34.301559448
522.272399902 -7.459442139 -21.603408813 5197.472167969 39.748889923 35.654491425
481.891357422 -12.202239990 -20.624374390 5817.309082031 45.183288574 37.041912079
445.638549805 -16.884887695 -21.763809204 6410.566406250 48.457077026 35.351684570
412.930847168 -21.184432983 -24.121520996 6978.937011719 50.705566406 32.776420593
383.213348389 -25.008392334 -27.593841553 7524.917480469 50.516632080 32.819904327
356.413238525 -28.354827881 -31.205322266 8048.447753906 47.423667908 34.176013947
332.214111328 -31.545272827 -34.657653809 8549.278320312 44.744503021 34.715023041
310.347442627 -34.692840576 -37.995727539 9027.540039062 43.650604248 35.153251648
290.636993408 -37.775466919 -43.656158447 9482.838867188 42.098102570 36.618240356
272.856414795 -40.758422852 -47.612121582 9918.495117188 38.579170227 38.279136658
256.288391113 -43.960189819 -50.034942627 10338.588867188 36.038764954 37.863426208
241.284393311 -47.171539307 -51.982482910 10741.846679688 36.786640167 35.616996765
227.510314941 -50.245498657 -54.257019043 11136.602539062 39.600357056 33.121170044
213.705383301 -53.498489380 -57.595626831 11542.165039062 42.303596497 31.895439148
199.885589600 -56.737670898 -61.021606445 11968.946289062 44.678359985 31.398889542
186.064804077 -60.013061523 -64.297363281 12419.655273438 47.650318146 29.820205688
172.244842529 -63.169342041 -67.408294678 12897.989257812 51.801494598 28.573987961
158.425933838 -65.404144287 -69.676300049 13409.862304688 58.406562805 28.163246155
144.607574463 -66.656417847 -70.886169434 13963.995117188 64.273254395 27.368591309
130.789337158 -66.532394409 -74.038558960 14572.618164062 67.254051208 24.167695999
116.971221924 -65.586105347 -80.148742676 15251.459960938 61.820106506 16.750360489
103.153167725 -63.846725464 -88.252655029 16005.791015625 40.110904694 10.274982452
90.315147400 -62.135360718 -90.137374878 16794.021484375 11.095397949 13.778349876
80.025123596 -62.981170654 -85.843688965 17543.951171875 3.194154739 19.708063126
71.646102905 -63.183547974 -88.165161133 18247.234375000 5.433553219 14.563891411
63.855087280 -63.223434448 -89.759552002 18956.226562500 1.354797482 8.443385124
56.554073334 -62.322998047 -90.678222656 19701.945312500 -2.602649689 7.693109989
49.792060852 -60.253540039 -91.982315063 20492.265625000 -6.937310696 5.139864922
43.520050049 -58.195678711 -92.784027100 21338.320312500 -11.229616165 -0.996220827
37.640041351 -56.612411499 -93.015777588 22255.169921875 -16.269456863 -5.207258701
32.152030945 -55.911834717 -92.956863403 23255.970703125 -18.954414368 -3.486866951
27.056020737 -54.472656250 -93.018875122 24360.855468750 -15.625834465 0.351694494
22.303007126 -52.116714478 -93.280364990 25622.806640625 -9.251324654 3.007620335
