980.750366211 27.322052002 22.350494385 0.000000000 -3.792390823 11.024123192
977.829772949 27.077880859 21.961151123 29.786102295 -5.098809719 15.044754982
972.479553223 26.619781494 21.728179932 81.814758301 -6.314543247 17.926448822
963.247558594 25.948303223 21.363586426 167.459075928 -7.356935501 21.335958481
949.668151855 25.070922852 20.642425537 291.878387451 -7.940647125 25.827310562
932.238220215 23.966125488 19.843811035 453.891082764 -7.799921989 30.194475174
911.466857910 22.446655273 19.063903809 647.918823242 -6.671502590 34.393604279
888.820556641 20.608215332 18.064788818 867.056884766 -4.041872501 38.369667053
864.298461914 18.859741211 16.848846436 1111.539916992 0.362016410 41.585132599
836.972656250 17.161102295 14.987792969 1387.885742188 5.856781960 39.789466858
806.866638184 15.693450928 11.750152588 1701.023681641 12.163561821 34.609855652
773.992187500 13.788726807 9.561920166 2054.450439453 17.523927689 28.921478271
738.300964355 11.263885498 10.246582031 2452.315673828 19.520479202 26.825300217
699.803771973 9.363922119 6.683227539 2900.068847656 21.454334259 30.151874542
658.537353516 6.493682861 2.677764893 3403.673583984 25.209722519 31.803766251
614.492980957 2.683380127 -3.561584473 3968.334472656 39.136428833 32.186244965
568.129272461 -2.102172852 -12.615875244 4585.728027344 42.878913879 35.522586823
523.153381348 -6.580352783 -15.394287109 5223.729003906 46.898990631 41.006336212
482.588073730 -11.150848389 -18.980865479 5848.065917969 53.140865326 41.717014313
446.179504395 -15.894561768 -19.004165649 6445.627441406 57.652339935 40.710952759
413.319519043 -20.147445679 -22.286254883 7018.377441406 59.029266357 40.056533813
383.480010986 -24.178985596 -26.692092896 7568.235839844 58.268825531 39.548065186
356.595703125 -27.820449829 -30.622039795 8094.573730469 55.832218170 40.739551544
332.340515137 -31.315414429 -34.374893188 8597.252929688 52.190689087 41.750545502
310.431365967 -34.495544434 -37.807785034 9076.717773438 47.700119019 40.905475616
290.688385010 -37.350616455 -40.833923340 9533.246093750 41.900421143 39.233379364
272.882934570 -40.225906372 -43.863525391 9970.414062500 36.750736237 37.906745911
256.297332764 -43.476699829 -47.233932495 10391.945312500 34.989082336 36.771423340
241.282852173 -46.772064209 -50.716400146 10796.286132812 36.786773682 35.841827393
227.504211426 -50.110733032 -54.139587402 11191.607421875 40.209842682 34.705524445
213.698867798 -53.512115479 -57.612030029 11597.274414062 43.626079559 33.480892181
199.880859375 -56.950836182 -61.121261597 12023.832031250 45.704925537 32.940265656
186.062240601 -60.473861694 -64.726806641 12473.761718750 46.304489136 33.086841583
172.243865967 -64.483230591 -68.716979980 12949.996093750 47.818092346 32.670398712
158.425598145 -67.889541626 -72.134704590 13457.123046875 52.257247925 31.783706665
144.607406616 -68.703445435 -72.915405273 14005.273437500 59.595230103 30.307878494
130.789260864 -66.914672852 -77.737792969 14610.382812500 64.476707458 23.852670670
116.971191406 -64.912124634 -83.059906006 15289.794921875 58.895904541 8.689587593
103.153144836 -64.307586670 -87.879257202 16044.480468750 37.160381317 -0.668511689
90.315124512 -64.198135376 -91.144012451 16828.003906250 12.826569557 10.172119141
80.025115967 -64.068069458 -90.164001465 17572.271484375 11.053277969 18.830259323
71.646102905 -62.208358765 -88.903747559 18275.236328125 10.036814690 14.350742340
63.855087280 -61.887695312 -89.444824219 18988.066406250 0.893291652 8.146012306
56.554073334 -61.639282227 -90.827468872 19737.314453125 -5.841825485 7.239682198
49.792060852 -61.064407349 -92.166519165 20527.232421875 -8.985238075 6.487849712
43.520053864 -59.400314331 -92.799636841 21369.259765625 -11.518822670 3.653415680
37.640045166 -57.591522217 -92.828094482 22281.546875000 -14.399167061 0.692566514
32.152030945 -56.296325684 -92.831283569 23279.310546875 -15.896840096 -0.212261319
27.056020737 -54.509445190 -92.922241211 24383.166015625 -14.841817856 -0.136530116
22.303007126 -52.282592773 -93.128417969 25644.535156250 -10.973031998 -0.178194150
