979.502990723 23.875854492 20.322387695 0.000000000 4.799755573 12.240571976
976.592895508 23.633850098 20.205139160 29.329406738 8.931867599 17.731307983
971.264221191 23.313781738 20.315582275 80.616668701 10.614653587 19.495920181
962.062194824 22.632202148 20.523773193 165.096679688 12.993564606 22.827852249
948.520080566 21.672332764 20.480499268 287.856506348 15.374596596 27.010023117
931.141235352 20.853240967 20.071746826 447.914855957 16.568136215 30.023418427
910.411865234 19.913391113 19.610107422 639.923583984 15.610314369 32.964096069
887.811584473 19.652313232 18.962860107 857.656860352 14.611889839 37.343727112
863.338623047 19.342681885 18.121765137 1101.933471680 14.108870506 42.110099792
836.047790527 18.483917236 17.059783936 1379.367065430 13.623728752 45.000785828
805.961486816 16.801666260 15.855285645 1694.453613281 11.375324249 46.179416656
773.090759277 14.411193848 13.598541260 2049.709960938 10.200378418 46.706123352
737.467895508 11.577056885 10.744110107 2448.390625000 13.049504280 42.829689026
699.075805664 8.624572754 8.197540283 2895.380859375 16.412815094 35.235969543
657.895996094 5.412384033 5.634033203 3397.162597656 24.377586365 25.007072449
613.918212891 1.853485107 0.857849121 3960.094726562 39.477546692 19.866119385
567.628662109 -3.151641846 -10.065429688 4575.251464844 52.630897522 20.922677994
522.759155273 -8.046875000 -21.218490601 5209.315917969 59.987514496 21.818983078
482.300323486 -12.537384033 -26.554367065 5828.726074219 65.066703796 22.169757843
445.990936279 -16.625762939 -27.491027832 6422.208007812 67.800819397 22.911031723
413.222747803 -20.414306641 -26.267639160 6992.270019531 65.481025696 24.239831924
383.443359375 -23.911117554 -26.800964355 7541.034667969 57.516437531 25.961027145
356.584594727 -27.119201660 -29.929260254 8067.839355469 47.737026215 29.486885071
332.334869385 -30.306991577 -33.353546143 8571.993164062 39.527229309 34.349491119
310.426361084 -33.687332153 -36.950759888 9053.247070312 34.387458801 37.893886566
290.684478760 -36.937774658 -40.377227783 9510.965820312 32.199684143 39.336067200
272.884155273 -40.185409546 -43.805572510 9948.491210938 32.082389832 39.758018494
256.304962158 -43.694869995 -47.517578125 10369.690429688 33.816719055 40.536407471
241.293334961 -47.231643677 -51.197341919 10773.293945312 37.520683289 41.280090332
227.514572144 -50.733535767 -54.760055542 11167.672851562 42.901771545 41.123332977
213.706909180 -54.187332153 -58.335510254 11572.167968750 48.806938171 39.868743896
199.885971069 -57.721954346 -61.947265625 11997.310546875 53.436332703 38.093162537
186.064926147 -61.396026611 -65.650680542 12445.483398438 56.443481445 36.993003845
172.244812012 -65.352691650 -69.621200562 12919.692382812 59.242431641 37.969509125
158.425765991 -68.955017090 -73.419784546 13424.475585938 68.805885315 36.891193390
144.607437134 -67.716598511 -72.969604492 13972.610351562 79.974044800 29.768617630
130.789260864 -63.789794922 -76.923950195 14583.936523438 81.364372253 14.311085701
116.971183777 -60.849502563 -83.601028442 15275.183593750 57.691574097 4.928594589
103.153144836 -60.252624512 -90.177032471 16044.550781250 21.667833328 9.872731209
90.315124512 -62.950027466 -92.062545776 16838.187500000 11.690179825 17.166122437
80.025115967 -63.114257812 -91.117126465 17586.507812500 14.080848694 13.769032478
71.646102905 -62.698532104 -89.318817139 18290.277343750 10.382027626 4.578401566
63.855087280 -62.308486938 -89.410461426 19001.619140625 0.219040647 4.498638153
56.554073334 -61.134017944 -90.887115479 19751.125000000 -3.497075796 5.146936417
49.792060852 -59.368927002 -92.114578247 20545.230468750 -8.552825928 0.992130458
43.520050049 -58.320755005 -92.767990112 21392.601562500 -14.291617393 -1.108971357
37.640041351 -57.177169800 -93.076385498 22307.851562500 -17.584493637 -1.235585570
32.152030945 -55.456130981 -93.358642578 23308.460937500 -18.362764359 0.775999308
27.056020737 -53.527145386 -93.576995850 24416.839843750 -16.879529953 1.411998153
22.303007126 -51.574707031 -93.511077881 25682.865234375 -13.644283295 -2.294500828
