974.070922852 26.188354492 22.015045166 0.000000000 3.706343174 1.063466311
971.168884277 26.071350098 21.900543213 29.673156738 4.072256565 3.881415606
965.856201172 25.626281738 21.987457275 81.554168701 3.325236559 4.917086124
956.686157227 25.132202148 22.110260010 167.034179688 1.694968820 9.342431068
943.184082031 24.359832764 22.121337891 291.325256348 0.552783012 16.561859131
925.861267090 23.415740967 21.847595215 453.321105957 1.867812872 25.042316437
905.219848633 22.350891113 20.817718506 647.454833984 5.526621342 31.992174149
882.723571777 20.777313232 19.707855225 866.875610352 8.537376404 37.465217590
858.386657715 18.967681885 19.054595947 1111.589721680 14.351850510 38.708370209
831.271789551 17.233917236 17.151000977 1388.054565430 17.632907867 34.917095184
801.417480469 15.739166260 13.595642090 1701.016113281 20.122623444 29.413757324
768.858764648 13.161193848 10.497406006 2053.022460938 20.648542404 28.725561142
733.595886230 10.077056885 6.205413818 2447.140625000 23.011707306 29.465759277
695.655761719 8.062072754 -2.351989746 2888.443359375 26.375017166 28.432514191
655.020019531 5.662384033 -9.652832031 3384.162597656 32.395946503 26.221975327
611.634155273 3.103485107 -21.255599976 3941.657226562 38.262645721 25.333181381
565.888610840 -1.339141846 -34.978332520 4553.657714844 40.846340179 24.567386627
521.447082520 -5.859375000 -34.977569580 5187.315917969 42.128444672 22.426435471
481.306732178 -10.349884033 -37.480773926 5807.976074219 46.600181580 21.683797836
445.254974365 -14.813262939 -46.058502197 6402.645507812 54.193908691 20.359735489
412.701141357 -19.351806641 -52.020904541 6972.676269531 59.649494171 19.380220413
383.103363037 -23.911117554 -51.794250488 7519.503417969 61.161144257 18.914590836
356.391784668 -27.931701660 -51.445068359 8042.714355469 60.007541656 18.917230606
332.254882812 -31.494491577 -52.132003784 8542.555664062 57.386299133 19.163208008
310.430145264 -34.749832153 -53.683990479 9019.653320312 53.582923889 19.427366257
290.745605469 -37.750274658 -56.235855103 9474.059570312 49.329814911 20.262092590
272.986999512 -40.622909546 -59.862884521 9909.116210938 44.838871002 21.291498184
256.440887451 -43.569869995 -62.480041504 10329.096679688 39.769741058 20.976470947
241.430465698 -46.669143677 -62.176788330 10732.918945312 35.333858490 19.168857574
227.643829346 -49.858535767 -61.540679932 11128.422851562 33.911491394 17.068256378
213.836013794 -53.249832153 -62.351745605 11534.480468750 35.564498901 16.178138733
200.004806519 -56.534454346 -64.474868774 11961.716796875 39.464950562 17.682796478
186.172592163 -59.646026611 -67.048187256 12413.108398438 45.266376495 19.862874985
172.340469360 -62.477691650 -69.468383789 12892.786132812 51.831523895 21.082359314
158.508422852 -65.080017090 -71.754302979 13406.069335938 57.142814636 21.218946457
144.676422119 -67.029098511 -73.742309570 13960.454101562 61.021556854 20.170885086
130.844451904 -67.789794922 -76.419403076 14566.936523438 61.196990967 17.955795288
117.012542725 -67.974502563 -79.895538330 15240.121093750 56.598163605 16.713151932
103.180656433 -67.002624512 -84.907287598 15984.894531250 45.601417542 14.124891281
90.329788208 -64.137527466 -90.306945801 16764.125000000 24.203678131 10.119686127
80.029479980 -61.926757812 -90.404617310 17512.757812500 4.726097107 12.189659119
71.646110535 -62.511032104 -88.985565186 18219.152343750 5.036455631 12.475269318
63.855091095 -60.308486938 -89.309173584 18934.306640625 1.555433750 7.778875828
56.554080963 -59.821517944 -90.638458252 19689.593750000 -11.758414268 -1.899499774
49.792068481 -61.368927002 -91.800292969 20482.261718750 -11.347102165 0.749149859
43.520057678 -58.883255005 -92.573211670 21324.695312500 -12.226283073 1.928285599
37.640045166 -56.989669800 -92.750778198 22239.382812500 -16.612571716 -0.749624431
32.152034760 -55.581130981 -92.796081543 23240.117187500 -17.512332916 -1.410825729
27.056020737 -54.214645386 -92.896072388 24346.402343750 -15.057175636 -0.167375401
22.303007126 -51.949707031 -93.033935547 25609.552734375 -10.728516579 1.593188047
