967.870361328 21.384552002 16.901275635 0.000000000 -5.857725620 -10.358165741
964.997741699 21.015380859 16.490020752 29.004852295 -7.407124996 -11.683106422
959.743530273 20.619781494 16.229492188 79.596008301 -8.258387566 -11.838668823
950.687561035 21.823303223 14.143524170 163.115325928 -8.814819336 -10.980455399
937.348144531 22.633422852 16.411987305 285.284637451 -5.753822327 -3.451846838
920.214233398 21.653625488 17.849914551 445.141082764 -2.818820715 2.251711607
899.778930664 20.571655273 18.244171143 636.981323242 -0.961459398 8.637666702
877.500549316 19.608215332 17.926330566 854.213134766 -0.640144885 15.286515236
853.402404785 17.984741211 16.722961426 1096.789916992 1.941390038 19.838375092
826.564636230 16.848602295 14.298309326 1370.979492188 7.071684837 23.145299911
797.026611328 15.193450928 12.377197266 1681.742431641 12.406541824 25.255102158
764.768188477 12.226226807 10.795471191 2031.356689453 15.944553375 26.127201080
729.836975098 10.263885498 5.105682373 2423.284423828 19.884948730 25.002946854
692.259765625 8.426422119 -1.739562988 2862.975097656 25.706495285 25.535243988
652.001342773 5.556182861 -8.094543457 3356.767333984 33.106590271 29.130979538
609.005004883 2.058380127 -17.163787842 3910.678222656 38.164505005 32.793693542
563.665283203 -2.352172852 -25.055603027 4517.665527344 41.178047180 35.765567780
519.609436035 -7.080352783 -32.272323608 5145.697753906 45.805580139 37.483116150
479.812103271 -11.713348389 -36.962738037 5760.159667969 49.982120514 37.221874237
444.049896240 -16.457061768 -38.376602173 6348.377441406 51.942295074 37.795185089
411.737152100 -20.959945679 -41.789566040 6912.096191406 52.347301483 39.327590942
382.337615967 -24.991485596 -45.809417725 7453.610839844 51.829841614 40.034027100
355.786102295 -28.632949829 -49.269561768 7972.792480469 50.486648560 39.646141052
331.778137207 -31.877914429 -52.235809326 8469.627929688 48.910449982 38.591796875
310.054565430 -34.870544434 -55.149032593 8944.686523438 47.335647583 37.625236511
290.448699951 -37.725616455 -57.790420532 9397.683593750 45.059165955 37.046554565
272.741485596 -40.663406372 -59.085586548 9831.882812500 41.853324890 36.934822083
256.224365234 -43.914199829 -59.180755615 10250.976562500 39.727203369 37.135894775
241.252731323 -47.209564209 -59.395980835 10653.442382812 39.945518494 37.056728363
227.495910645 -50.485733032 -60.067382812 11047.419921875 41.424743652 36.163406372
213.698059082 -53.949615479 -61.080215454 11452.024414062 44.355022430 35.060268402
199.880783081 -57.388336182 -62.832763672 11877.644531250 48.377712250 33.912189484
186.062301636 -60.598861694 -65.483688354 12327.011718750 52.379005432 33.086841583
172.243927002 -63.108230591 -68.211914062 12804.714843750 55.836448669 33.156360626
158.425628662 -64.577041626 -70.753326416 13317.716796875 57.967288971 33.970531464
144.607437134 -65.140945435 -73.587997437 13875.117187500 58.623306274 34.560039520
130.789260864 -65.227172852 -77.192810059 14487.914062500 58.766662598 31.992519379
116.971191406 -65.099624634 -81.791503906 15169.607421875 54.400764465 23.754381180
103.153152466 -65.057586670 -87.078430176 15922.574218750 39.833168030 12.087967873
90.315139771 -65.135635376 -90.757446289 16703.003906250 20.844926834 6.891881466
80.025123596 -63.818069458 -90.712905884 17445.865234375 7.287078857 11.419351578
71.646110535 -62.708358765 -89.266754150 18148.392578125 7.121047497 14.350742340
63.855091095 -61.450195312 -89.314132690 18861.160156250 3.566077709 7.781541824
56.554080963 -61.014282227 -90.465820312 19612.376953125 -5.355864525 4.809876442
49.792068481 -60.876907349 -91.760452271 20403.857421875 -9.714179993 4.665495872
43.520057678 -59.587814331 -92.591537476 21245.759765625 -13.584157944 4.017886639
37.640045166 -58.154022217 -92.825057983 22156.265625000 -16.950462341 2.271940231
32.152034760 -56.233825684 -92.917800903 23152.779296875 -17.962175369 0.273699790
27.056020737 -54.134445190 -92.979919434 24257.697265625 -16.299701691 -0.501000941
22.303007126 -51.532592773 -93.051666260 25522.410156250 -11.216012955 -1.636077523
