969.630371094 27.884552002 21.154968262 0.000000000 0.824239671 6.528982639
966.749755859 27.640380859 20.728302002 29.848602295 0.732723415 9.942163467
961.463500977 27.244781494 20.609680176 81.908508301 0.245931789 12.580876350
952.343566895 26.573303223 20.494445801 167.646575928 -0.310499460 15.504425049
938.924133301 25.508422852 20.232513428 292.128387451 -0.529740334 18.173421860
921.710144043 24.028625488 19.818695068 454.047332764 -0.146034524 20.353763580
901.210876465 22.196655273 19.169769287 647.637573242 0.739404500 22.123086929
878.868591309 20.358215332 18.343231201 866.088134766 2.640092611 24.762756348
854.706420898 18.484741211 16.837432861 1109.446166992 5.950569153 27.613752365
827.812683105 16.786102295 13.876220703 1384.041992188 8.529567719 29.948755264
798.210632324 14.818450928 11.199279785 1694.554931641 10.462697983 28.778320312
765.904235840 11.976226807 9.452789307 2043.762939453 11.570903778 27.828065872
730.885009766 9.701385498 5.939544678 2435.471923828 11.866591454 28.404674530
693.191711426 8.051422119 -0.979309082 2875.193847656 16.594722748 28.572502136
652.821350098 5.931182861 -8.868652344 3369.736083984 27.396547318 33.018669128
609.716979980 2.308380127 -18.649398804 3924.928222656 34.884265900 36.073932648
564.265258789 -2.352172852 -24.847015381 4533.071777344 38.748241425 35.887058258
520.087402344 -7.142852783 -26.680145264 5162.135253906 43.983226776 35.782253265
480.184875488 -11.713348389 -29.228439331 5777.690917969 48.402744293 38.436775208
444.336303711 -16.394561768 -34.186325073 6367.064941406 52.306766510 39.496047974
411.956359863 -20.709945679 -36.901229858 6932.002441406 54.048164368 38.112686157
382.502380371 -24.553985596 -37.067306519 7475.110839844 54.259647369 36.146339417
355.898071289 -27.820449829 -38.306442261 7996.417480469 52.551982880 35.636959076
331.848114014 -30.690414429 -44.356704712 8496.034179688 48.910449982 36.769443512
310.100372314 -33.558044434 -55.536865234 8974.061523438 44.298393250 37.746726990
290.477661133 -36.788116455 -60.735458374 9429.527343750 39.106143951 37.654006958
272.758605957 -40.163406372 -59.640686035 9865.320312500 35.292850494 36.691844940
256.233032227 -43.664199829 -59.352615356 10285.289062500 34.017158508 34.949069977
241.256134033 -46.959564209 -59.653900146 10688.348632812 35.085906982 32.926059723
227.496643066 -50.235733032 -60.505310059 11082.857421875 37.051094055 30.939325333
213.697937012 -53.574615479 -61.889099121 11488.086914062 39.495410919 29.107242584
199.880661011 -56.950836182 -63.678558350 11914.488281250 42.789157867 28.323637009
186.062225342 -59.911361694 -66.047363281 12365.042968750 46.183002472 28.834684372
172.243865967 -62.420730591 -68.720458984 12844.277343750 49.275974274 29.997613907
158.425628662 -64.389541626 -71.299057007 13358.248046875 51.285324097 31.662216187
144.607421875 -65.828445435 -73.828460693 13914.835937500 52.427303314 33.102157593
130.789260864 -66.539672852 -77.072799683 14524.570312500 54.150032043 32.235500336
116.971191406 -66.474624634 -81.526412964 15201.888671875 53.428840637 25.698226929
103.153152466 -65.557586670 -86.851715088 15951.480468750 41.169563293 12.573928833
90.315139771 -65.448135376 -90.664672852 16730.378906250 23.396223068 5.312508106
80.025123596 -63.693069458 -90.510940552 17472.958984375 9.838375092 14.942569733
71.646110535 -62.395858765 -89.040771484 18176.205078125 9.793833733 16.294586182
63.855091095 -61.262695312 -89.340087891 18889.847656250 2.837136030 7.903031826
56.554080963 -61.389282227 -90.575363159 19640.658203125 -6.084805965 6.267759800
49.792068481 -61.064407349 -91.878005981 20431.138671875 -10.200140953 5.029966354
43.520057678 -60.212814331 -92.700729370 21271.447265625 -12.490745544 2.560003042
37.640045166 -58.591522217 -92.850036621 22179.703125000 -15.614069939 0.935547054
32.152034760 -56.421325684 -92.847930908 23174.748046875 -17.719194412 -0.090771049
27.056020737 -54.259445190 -92.883880615 24278.759765625 -16.178211212 -0.743981481
22.303007126 -51.720092773 -93.025711060 25542.441406250 -11.216012955 -1.636077523
