975.935180664 27.371826172 22.369598389 0.000000000 -6.215450287 8.650524139
973.028076172 26.946136475 21.969726562 29.820220947 -7.361610889 13.044284821
967.705444336 26.378051758 21.790222168 81.857391357 -7.594758987 15.989526749
958.513732910 25.594299316 21.460449219 167.431365967 -6.423665047 19.501146317
944.994384766 24.566650391 20.898925781 291.724456787 -2.960576534 23.476594925
927.652099609 23.310394287 20.306823730 453.482025146 1.920716524 26.132612228
906.979553223 21.949310303 19.625610352 647.193359375 7.030634403 28.128572464
884.452331543 20.509979248 18.613616943 866.111694336 10.885811806 30.309932709
860.069519043 18.733917236 17.369293213 1110.390380859 13.590549469 33.603836060
832.903259277 16.998840332 15.506683350 1386.368774414 15.962676048 37.334835052
802.976928711 14.892791748 13.310028076 1698.748168945 18.786771774 38.619770050
770.301696777 13.038360596 11.033111572 2050.847656250 21.795696259 33.635517120
734.877685547 11.678039551 7.816680908 2447.253173828 20.809837341 29.986854553
696.755310059 10.702545166 0.426025391 2893.524414062 23.020486832 34.860954285
655.932128906 7.719787598 -7.116729736 3395.188720703 30.034904480 38.451953888
612.345214844 3.005462646 -15.905578613 3956.618408203 34.649299622 35.527275085
566.403381348 -2.488891602 -22.811935425 4569.475097656 36.152294159 32.043727875
521.786682129 -7.184143066 -24.369338989 5202.455566406 40.415798187 29.854907990
481.512603760 -11.252380371 -23.525527954 5822.562988281 44.864295959 30.902635574
445.352722168 -15.836578369 -25.203643799 6416.949707031 45.062984467 35.105411530
412.716278076 -20.383285522 -29.302642822 6986.327636719 46.022682190 39.101398468
383.057891846 -24.735763550 -29.781631470 7532.566894531 48.559108734 39.702136993
356.298004150 -28.440444946 -31.301239014 8055.566894531 47.964107513 37.495613098
332.128875732 -31.808212280 -34.912139893 8555.575195312 43.745018005 36.724506378
310.284851074 -34.807327271 -40.570846558 9033.086914062 38.478427887 39.122776031
290.593505859 -37.716171265 -55.153381348 9487.920898438 33.056476593 41.849380493
272.827331543 -40.982437134 -61.939300537 9923.127929688 29.069307327 41.824970245
256.269348145 -44.400985718 -57.913558960 10342.393554688 27.259218216 39.840240479
241.271759033 -47.778366089 -56.422256470 10744.561523438 27.931945801 37.905025482
227.501388550 -50.936798096 -56.156845093 11138.012695312 31.067222595 36.074752808
213.698730469 -54.194305420 -58.359298706 11542.161132812 34.660923004 34.448543549
199.880920410 -57.640060425 -61.846038818 11967.256835938 36.974784851 33.441829681
186.062347412 -61.044647217 -66.901947021 12415.884765625 38.277080536 32.760700226
172.243988037 -63.774642944 -69.587524414 12892.355468750 40.932308197 33.122043610
158.425643921 -65.411270142 -69.634582520 13403.532226562 46.520172119 34.010009766
144.607406616 -66.613922119 -73.175079346 13957.786132812 53.556812286 33.130668640
130.789260864 -67.538803101 -78.151214600 14564.869140625 58.557830811 30.957952499
116.971191406 -67.557617188 -83.077056885 15238.691406250 59.526222229 24.236740112
103.153152466 -65.918945312 -87.558593750 15985.735351562 47.456287384 11.878981590
90.315139771 -62.327667236 -90.439331055 16769.742187500 19.282793045 9.123064041
80.025123596 -61.803039551 -89.377014160 17521.332031250 0.950829744 16.111104965
71.646110535 -63.697540283 -88.828170776 18225.707031250 3.996276855 16.817222595
63.855091095 -63.189636230 -89.257217407 18933.914062500 3.844206333 11.404373169
56.554080963 -61.635131836 -90.437927246 19681.027343750 -4.492733955 7.492718697
49.792068481 -60.985076904 -91.657211304 20471.218750000 -9.406411171 6.395625591
43.520057678 -59.582977295 -92.423797607 21312.966796875 -12.716288567 3.856508970
37.640045166 -58.040908813 -92.643966675 22223.742187500 -15.105129242 0.995213270
32.152034760 -56.219665527 -92.743804932 23220.546875000 -16.750074387 -0.365990937
27.056020737 -54.250991821 -92.815475464 24325.105468750 -16.729564667 0.656853139
22.303007126 -51.892227173 -92.949066162 25588.357421875 -13.557963371 0.953266561
