979.678344727 27.384552002 21.845123291 0.000000000 -1.727056146 10.659651756
976.765808105 27.265380859 21.512481689 29.786102295 -2.183043242 14.072833061
971.423522949 26.744781494 21.328826904 81.783508301 -2.669834852 16.225584030
962.207580566 25.885803223 21.077911377 167.365325928 -2.740304947 18.298702240
948.652099609 24.633422852 20.831207275 291.597137451 -2.352094412 20.117267609
931.246154785 23.216125488 20.586212158 453.297332764 -0.996466458 21.325685501
910.490844727 21.446655273 20.232879639 646.887573242 1.225365639 21.880105972
887.852600098 19.545715332 19.483581543 865.525634766 4.219466209 22.089971542
863.354431152 18.172241211 18.012756348 1109.414916992 8.137393951 23.361593246
836.084594727 17.411102295 14.147552490 1385.448242188 13.267688751 26.790008545
806.018615723 15.755950928 14.422576904 1698.804931641 18.481056213 29.021301270
773.184204102 13.913726807 10.093536377 2052.294189453 22.383537292 27.463594437
737.596923828 11.701385498 7.855102539 2449.721923828 22.557735443 25.367416382
699.231689453 9.113922119 6.010406494 2896.318847656 25.220533371 24.684812546
658.069396973 6.243682861 2.711364746 3398.486083984 31.770196915 26.215211868
614.121032715 2.620880127 -2.888977051 3962.084472656 38.771957397 28.298555374
567.821289062 -2.102172852 -9.371734619 4579.040527344 41.542518616 31.148939133
522.887451172 -7.080352783 -14.472198486 5216.291503906 43.011302948 34.081390381
482.359283447 -11.713348389 -18.144760132 5839.128417969 44.758037567 36.249950409
446.000305176 -16.082061768 -21.917694092 6435.221191406 47.325664520 38.645618439
413.205932617 -20.209945679 -25.774200439 7006.658691406 50.281967163 41.392925262
383.420013428 -24.053985596 -29.341903687 7555.673339844 52.315799713 43.800224304
356.562103271 -27.757949829 -32.542480469 8081.636230469 51.944530487 45.599163055
332.314147949 -31.440414429 -36.070953369 8584.034179688 49.031940460 46.124195099
310.405792236 -34.933044434 -38.654449463 9062.936523438 44.905845642 44.671672821
290.668701172 -37.975616455 -41.509933472 9518.339843750 40.685516357 41.906166077
272.874114990 -40.725906372 -44.369628906 9954.226562500 37.115203857 39.729099274
256.295196533 -43.601699829 -47.400787354 10375.039062500 34.867591858 39.444210052
241.284027100 -46.709564209 -50.653610229 10779.192382812 34.478458405 39.851005554
227.506256104 -49.923233032 -53.954315186 11174.669921875 35.836189270 40.051097870
213.700317383 -53.387115479 -57.485595703 11580.649414062 38.766468048 39.555408478
199.881484985 -57.013336182 -61.195877075 12007.269531250 42.546176910 38.164348602
186.062454224 -60.973861694 -65.205596924 12456.605468750 44.482135773 38.067943573
172.243911743 -64.795730591 -69.062530518 12931.933593750 47.939582825 36.679576874
158.425598145 -66.702041626 -70.973388672 13440.154296875 56.873878479 30.933275223
144.607406616 -67.203445435 -73.241394043 13991.867187500 62.875469208 26.906150818
130.789260864 -66.602172852 -77.233184814 14599.539062500 64.841178894 23.609689713
116.971191406 -65.349624634 -82.294219971 15278.607421875 59.624847412 14.885591507
103.153144836 -63.995086670 -87.978851318 16033.074218750 38.132305145 7.835807800
90.315124512 -63.323135376 -91.045028687 16818.816406250 12.462098122 14.302788734
80.025115967 -62.755569458 -89.979919434 17566.990234375 9.838375092 17.979827881
71.646102905 -61.833358765 -89.013183594 18272.861328125 8.092969894 10.949014664
63.855087280 -62.575195312 -89.452651978 18985.222656250 1.257762551 5.837697029
56.554073334 -62.514282227 -90.675292969 19731.751953125 -4.505432606 5.052856922
49.792060852 -61.564407349 -92.055694580 20519.232421875 -7.527354717 5.880398273
43.520053864 -59.587814331 -92.777160645 21359.884765625 -10.789880753 3.774905920
37.640045166 -57.654022217 -92.864440918 22271.546875000 -15.857050896 0.935547054
32.152030945 -56.296325684 -92.871948242 23268.998046875 -18.326646805 0.152209505
27.056020737 -54.571945190 -92.961029053 24372.541015625 -16.299701691 -0.258020401
22.303007126 -52.220092773 -93.173950195 25633.878906250 -11.458993912 -1.636077523
