982.333190918 23.682952881 20.893280029 0.000000000 0.214988261 2.026230812
979.414611816 24.344146729 20.718841553 29.451843262 0.322767884 11.388697624
974.061706543 24.400909424 20.446777344 80.954803467 0.072924569 17.432865143
964.827331543 24.254974365 20.101593018 165.920166016 0.075994454 26.554212570
951.228881836 23.994201660 19.670379639 289.605712891 1.132683277 35.578979492
933.773742676 23.417114258 19.132873535 451.076721191 3.871753693 42.054500580
912.970642090 22.209411621 18.203277588 644.754516602 8.980907440 44.608860016
890.284423828 20.531311035 17.065399170 863.676269531 13.946114540 46.197486877
865.729309082 18.597961426 15.577880859 1107.847534180 18.816326141 46.882476807
838.353454590 16.593536377 13.271423340 1383.525146484 20.142360687 38.547649384
808.211975098 16.007293701 8.879302979 1696.132324219 17.559230804 25.950000763
775.317626953 15.414215088 4.278625488 2049.795410156 19.095581055 29.242080688
739.645996094 12.620300293 1.815612793 2447.934326172 21.813362122 40.263427734
701.178527832 7.668182373 0.291931152 2893.325927734 26.283891678 44.889537811
659.865478516 2.996887207 -0.719604492 3391.107666016 35.625972748 38.144912720
615.685424805 0.236968994 -2.049102783 3950.260986328 46.219318390 20.407230377
569.089477539 -3.033386230 -5.159667969 4566.143554688 52.636276245 1.600306630
523.866027832 -7.198730469 -8.887725830 5205.355468750 54.002464294 -5.364095211
483.091888428 -11.449615479 -12.956237793 5831.336914062 54.414939880 -11.089095116
446.544921875 -16.114746094 -17.893585205 6430.269531250 56.080879211 -13.649992943
413.604736328 -19.791458130 -21.939270020 7004.278320312 56.787208557 -8.269673347
383.702728271 -23.420669556 -25.898315430 7556.221679688 54.149311066 -0.806971610
356.755554199 -27.197891235 -29.983322144 8084.933593750 50.405590057 4.473309994
332.446136475 -30.625991821 -33.695755005 8589.792968750 46.005374908 9.051922798
310.498779297 -34.091491699 -37.402420044 9071.049804688 41.730724335 13.343531609
290.729370117 -37.932632446 -41.524414062 9527.974609375 38.606403351 16.842575073
272.907196045 -41.711547852 -45.719421387 9963.554687500 36.884506226 19.524318695
256.311187744 -45.499404907 -49.710693359 10382.094726562 37.793827057 19.860130310
241.290451050 -48.951049805 -53.609085083 10782.898437500 41.152793884 17.604507446
227.508514404 -51.567504883 -56.750869751 11175.142578125 46.078376770 14.443031311
213.701858521 -53.505767822 -59.327911377 11579.515625000 51.069564819 12.982686996
199.883361816 -55.955871582 -62.097854614 12007.076171875 54.392406464 17.376075745
186.064163208 -59.082031250 -65.086166382 12459.521484375 57.629901886 22.363420486
172.245162964 -62.187759399 -67.974212646 12939.945312500 62.768978119 21.312334061
158.426498413 -64.427383423 -70.508178711 13454.202148438 68.308410645 14.497740746
144.608200073 -65.448104858 -72.765045166 14011.345703125 70.887390137 7.273800373
130.789993286 -65.134826660 -73.208312988 14623.792968750 65.734909058 3.345149994
116.971778870 -63.847335815 -72.855728149 15307.827148438 49.410202026 4.789604187
103.153457642 -63.791671753 -69.985046387 16065.394531250 31.057491302 13.692296982
90.315193176 -64.867279053 -79.361755371 16848.775390625 27.206735611 18.847721100
80.025138855 -63.371551514 -86.124984741 17593.056640625 19.699863434 9.853512764
71.646110535 -61.756439209 -87.254653931 18297.972656250 3.901101112 6.189512253
63.855087280 -61.665313721 -89.540817261 19011.919921875 -0.701043904 6.515079021
56.554073334 -62.572875977 -91.184600830 19759.859375000 -2.717247486 4.164532661
49.792060852 -63.084548950 -92.061859131 20544.314453125 -6.080212593 2.461560965
43.520050049 -61.483032227 -92.538635254 21378.285156250 -10.793190002 1.970335126
37.640037537 -59.311187744 -92.903244019 22282.503906250 -15.620732307 -1.623638511
32.152027130 -57.591583252 -93.339096069 23273.263671875 -18.281866074 -4.708861351
27.056015015 -55.391586304 -93.697982788 24371.566406250 -19.411075592 -4.884181499
22.303005219 -53.141784668 -93.748733521 25628.007812500 -19.858158112 -6.079767704
