948.319152832 27.996826172 22.489898682 0.000000000 -4.028625488 10.229898453
945.492004395 27.508636475 22.040924072 29.882720947 -5.296276093 13.530245781
940.313537598 26.878051758 21.830535889 82.013641357 -6.258365631 15.868036270
931.393737793 26.031799316 21.434356689 167.650115967 -6.666645527 18.043264389
918.290405273 24.941650391 20.642822266 291.786956787 -6.119323730 20.560827255
901.508117676 23.622894287 19.718963623 452.950775146 -4.396778107 23.702806473
881.563598633 22.011810303 18.894927979 645.318359375 -2.445607185 25.334297180
859.868286133 20.259979248 17.827362061 861.986694336 1.652550340 26.543735504
836.461547852 18.421417236 15.634979248 1102.734130859 6.422623158 26.557401657
810.471252441 16.686340332 11.349700928 1373.493774414 10.374123573 25.914749146
781.928894043 14.642791748 7.637512207 1678.685668945 12.469278336 25.620311737
750.853759766 12.725860596 1.175598145 2021.035278320 15.842672348 24.888217926
717.269714355 11.428039551 -9.642211914 2404.721923828 21.052818298 25.856184006
681.147338867 9.452545166 -23.105926514 2835.149414062 28.609039307 29.636873245
642.412109375 5.969787598 -27.477691650 3318.063720703 35.137496948 32.498931885
600.961181641 2.442962646 -27.068176270 3859.930908203 36.957614899 31.761075974
557.155395508 -1.926391602 -32.518554688 4454.412597656 38.946567535 33.015651703
514.492675781 -6.684143066 -36.680572510 5069.955566406 42.845603943 32.527694702
475.859832764 -11.502380371 -39.183547974 5672.531738281 47.172611237 31.510087967
441.051910400 -16.461578369 -41.389755249 6249.605957031 49.436637878 30.853250504
409.511474609 -21.258285522 -44.811309814 6802.827636719 50.760803223 29.868137360
380.735504150 -25.673263550 -48.110275269 7334.379394531 51.717857361 28.403543472
354.674011230 -29.565444946 -50.614105225 7844.254394531 52.094776154 27.897880554
331.018463135 -32.870712280 -52.825927734 8333.043945312 52.006359100 28.827638626
309.546051025 -35.932327271 -55.377838135 8801.274414062 51.720867157 31.347398758
290.132843018 -38.841171265 -58.418014526 9248.420898438 50.672569275 34.195495605
272.559814453 -41.857437134 -61.267791748 9677.565429688 48.750732422 35.750457764
256.132202148 -45.025985718 -62.983367920 10092.487304688 46.576171875 34.980628967
241.212341309 -48.153366089 -63.484375000 10491.842773438 44.576114655 32.437961578
227.482833862 -51.124298096 -63.685791016 10883.668945312 43.580722809 29.392787933
213.696685791 -54.319305420 -64.295272827 11287.004882812 44.258655548 27.280618668
199.880310059 -57.452560425 -65.586700439 11712.069335938 47.179965973 26.881355286
186.061950684 -60.044647217 -67.703613281 12162.009765625 50.790576935 28.508541107
172.243713379 -61.899642944 -70.430755615 12641.761718750 53.688789368 30.449256897
158.425506592 -63.223770142 -73.334259033 13157.844726562 55.145980835 30.729772568
144.607360840 -64.426422119 -76.536575317 13717.848632812 55.500656128 29.485958099
130.789260864 -65.538803101 -79.821838379 14330.994140625 54.670143127 27.191755295
116.971221924 -66.557617188 -83.525787354 15009.597656250 50.171470642 23.264816284
103.153175354 -66.481445312 -87.313720703 15757.329101562 38.951969147 16.981573105
90.315155029 -64.765167236 -89.575958252 16535.804687500 21.834087372 7.543690681
80.025138855 -64.365539551 -90.060089111 17278.519531250 8.847698212 4.934000015
71.646118164 -63.635040283 -89.161041260 17978.644531250 4.968198776 13.051024437
63.855102539 -62.252136230 -89.163299561 18688.570312500 2.507813215 10.675431252
56.554088593 -61.260131836 -90.039001465 19437.933593750 -5.100185394 6.277815819
49.792068481 -61.047576904 -91.087463379 20228.687500000 -9.527901649 6.274135113
43.520057678 -59.832977295 -91.808807373 21069.841796875 -12.108837128 4.585450649
37.640048981 -58.290908813 -92.167297363 21979.492187500 -14.619168282 2.210116148
32.152034760 -56.219665527 -92.435379028 22975.703125000 -16.021133423 0.484441012
27.056022644 -53.813491821 -92.658111572 24081.417968750 -15.271681786 0.292382330
22.303007126 -51.204727173 -92.790466309 25347.951171875 -10.520706177 -0.626107037
