977.455139160 29.559326172 22.147308350 0.000000000 -0.748387992 14.482057571
974.540100098 29.196136475 21.841003418 30.038970947 -0.679645538 20.333700180
969.201477051 28.628051758 21.672973633 82.482391357 -0.669813037 24.493844986
960.001708984 27.844299316 21.315979004 168.743865967 -0.349151075 28.734407425
946.450378418 26.691650391 20.680358887 293.943206787 0.562641442 32.345386505
929.076110840 25.185394287 20.005615234 456.825775146 1.799226165 35.730342865
908.363586426 23.386810303 19.368560791 651.693359375 3.264435768 38.333755493
885.780334473 21.447479248 18.515808105 871.674194336 4.932787895 39.664684296
861.341552734 19.171417236 17.381988525 1116.765380859 7.516035557 41.622196198
834.095214844 16.873840332 15.804138184 1393.275024414 11.224555016 42.923389435
804.088928223 15.017791748 12.854980469 1706.091918945 17.085908890 41.900009155
771.317749023 12.913360596 10.884399414 2058.597656250 22.524637222 35.943832397
735.805603027 11.303039551 6.655670166 2455.003173828 23.482624054 32.538150787
697.599304199 11.327545166 -1.990753174 2901.805664062 28.123079300 37.898212433
656.680175781 8.532287598 -9.294586182 3405.188720703 32.829181671 40.760269165
612.981201172 3.317962646 -15.390350342 3968.493408203 35.864200592 36.620685577
566.907409668 -2.426391602 -22.005691528 4582.850097656 39.068058014 33.744590759
522.180725098 -6.996643066 -30.970306396 5217.111816406 42.359642029 31.920242310
481.826202393 -10.689880371 -37.530593872 5838.656738281 44.864295959 32.724990845
445.608703613 -15.024078369 -40.356338501 6434.887207031 47.006832123 35.105411530
412.927459717 -19.695785522 -44.271652222 7006.140136719 49.302917480 34.727748871
383.231475830 -24.235763550 -46.180221558 7553.848144531 52.203819275 33.263153076
356.445220947 -28.002944946 -48.094299316 8077.973144531 52.459247589 33.121963501
332.255676270 -31.120712280 -55.007705688 8579.168945312 47.754199982 34.537681580
310.384246826 -34.244827271 -57.549453735 9058.180664062 41.029724121 36.571479797
290.658447266 -37.591171265 -58.420455933 9514.295898438 35.850753784 36.382320404
272.865661621 -40.982437134 -59.329818726 9950.221679688 32.349544525 33.199161530
256.288269043 -44.338485718 -60.848373413 10370.049804688 30.174983978 29.270584106
241.277526855 -47.715866089 -62.349121094 10772.624023438 29.632808685 26.727920532
227.501510620 -50.874298096 -62.465087891 11166.387695312 31.431694031 24.897645950
213.698318481 -54.069305420 -61.989044189 11570.754882812 34.417942047 23.392929077
199.880722046 -57.327560425 -62.996276855 11996.319335938 36.124351501 22.143234253
186.062225342 -60.482147217 -65.371795654 12445.884765625 36.576213837 22.069557190
172.243881226 -63.399642944 -69.239593506 12923.386718750 38.745483398 23.524311066
158.425628662 -65.848770142 -70.973419189 13434.375976562 43.968875885 25.262710571
144.607437134 -67.426422119 -73.298004150 13986.879882812 51.005516052 25.962739944
130.789260864 -68.101303101 -76.908187866 14591.962890625 56.371006012 25.976852417
116.971199036 -67.870117188 -82.755737305 15264.472656250 56.245983124 21.077991486
103.153167725 -66.106445312 -87.912139893 16010.641601562 44.054557800 9.935137749
90.315147400 -63.390167236 -90.439208984 16792.304687500 18.310869217 9.609025002
80.025131226 -63.303039551 -89.132888794 17539.425781250 6.660872936 16.111104965
71.646110535 -63.135040283 -88.553665161 18242.144531250 7.762475491 14.873378754
63.855098724 -62.939636230 -89.143035889 18951.664062500 2.750793695 9.460529327
56.554080963 -62.260131836 -90.325286865 19697.996093750 -4.978694916 6.277815819
49.792068481 -61.297576904 -91.470642090 20486.468750000 -9.649391174 5.059232235
43.520057678 -60.332977295 -92.248947144 21326.185546875 -13.080760002 2.641606092
37.640045166 -58.665908813 -92.539321899 22234.179687500 -15.226619720 2.210116148
32.152034760 -56.094665527 -92.641494751 23229.984375000 -17.114545822 1.091892362
27.056020737 -53.875991821 -92.762084961 24335.855468750 -17.094036102 -0.072088510
22.303007126 -51.892227173 -92.928863525 25599.919921875 -13.436472893 0.710286021
