969.542358398 22.947052002 18.818786621 0.000000000 -0.876624227 -12.059029579
966.661743164 22.765380859 18.486083984 29.254852295 -1.940062642 -13.505460739
961.383544922 22.682281494 18.305236816 80.314758301 -3.398776531 -13.053571701
952.287597656 22.760803223 18.170471191 164.584075928 -5.291600704 -9.279591560
938.892089844 22.570922852 18.686187744 287.347137451 -6.482763767 -3.208866358
921.702209473 21.903625488 19.017211914 447.641082764 -6.585019112 5.045988083
901.218933105 21.009155273 18.940338135 640.043823242 -5.456599712 15.441122055
878.876586914 19.733215332 18.583953857 857.838134766 -3.434421301 25.127227783
854.706420898 18.734741211 17.629516602 1101.196166992 0.119035855 32.594852448
827.796630859 17.598602295 14.304046631 1376.479492188 5.127840519 36.144760132
798.186645508 15.130950928 11.919097900 1687.773681641 10.462697983 35.824756622
765.880249023 11.663726807 8.551086426 2036.919189453 13.271767616 32.930656433
730.876953125 9.951385498 5.528991699 2428.315673828 13.202983856 32.413852692
693.215759277 8.801422119 -4.271118164 2868.350097656 19.146018982 36.712348938
652.877380371 6.056182861 -10.157440186 3363.111083984 29.826353073 37.756790161
609.789001465 2.683380127 -21.177947998 3918.428222656 36.828113556 34.737541199
564.349304199 -1.602172852 -29.643142700 4527.509277344 41.664009094 32.849803925
520.179443359 -6.330352783 -35.916320801 5158.041503906 46.777500153 33.109466553
480.279296875 -11.025848389 -39.349212646 5775.065917969 50.589569092 32.726734161
444.417877197 -16.019561768 -39.974502563 6365.627441406 52.914218903 32.206630707
412.015533447 -20.647445679 -43.231521606 6931.221191406 54.048164368 31.552213669
382.553588867 -24.803985596 -47.340179443 7474.048339844 54.381137848 30.314805984
355.964477539 -28.382949829 -50.837036133 7994.198730469 53.645393372 29.926918030
331.928131104 -31.565414429 -53.843200684 8491.971679688 51.826217651 31.180891037
310.177154541 -34.558044434 -56.982833862 8967.967773438 49.522476196 33.494567871
290.544860840 -37.600616455 -59.873291016 9421.808593750 46.031089783 35.345691681
272.817779541 -40.725906372 -61.094421387 9856.445312500 41.610347748 35.476940155
256.285614014 -43.976699829 -60.755004883 10275.695312500 38.026336670 34.341617584
241.303039551 -47.209564209 -60.476303101 10678.254882812 37.029754639 32.318607330
227.538497925 -50.360733032 -60.914840698 11072.482421875 38.265995026 29.602933884
213.734527588 -53.574615479 -61.795913696 11477.711914062 41.439254761 26.312967300
199.911697388 -56.825836182 -63.144546509 11904.332031250 45.704925537 23.707006454
186.087615967 -59.973861694 -65.530838013 12355.074218750 49.706218719 23.367620468
172.263595581 -62.358230591 -68.567169189 12834.527343750 53.649623871 25.259492874
158.439727783 -64.014541626 -71.298461914 13349.310546875 56.630897522 27.531547546
144.616088867 -65.265945435 -73.945739746 13907.398437500 58.380325317 28.607015610
130.792266846 -66.352172852 -77.009521484 14518.320312500 59.252624512 27.740358353
116.971199036 -67.099624634 -80.963195801 15194.857421875 57.438022614 23.754381180
103.153152466 -66.370086670 -86.395965576 15941.886718750 44.206817627 17.069068909
90.315139771 -64.385635376 -90.757492065 16721.253906250 19.144063950 8.835725784
80.025123596 -63.755569458 -90.837539673 17465.771484375 4.128331661 9.961468697
71.646110535 -63.583358765 -89.382949829 18167.048828125 3.719319820 13.378820419
63.855098724 -62.450195312 -89.295883179 18876.660156250 3.201606989 10.089857101
56.554080963 -61.264282227 -90.371871948 19625.751953125 -3.412019968 7.118191719
49.792068481 -60.064407349 -91.651428223 20418.326171875 -9.957159996 5.272946835
43.520057678 -59.337814331 -92.454010010 21262.322265625 -13.948628426 2.195532322
37.640045166 -58.216522217 -92.755737305 22173.234375000 -15.735560417 -0.157865435
32.152034760 -56.046325684 -92.786315918 23170.060546875 -16.139820099 -0.090771049
27.056020737 -53.321945190 -92.810363770 24277.416015625 -15.813740730 0.835392118
22.303007126 -51.220092773 -92.990676880 25545.035156250 -11.337503433 -0.178194150
