963.604248047 30.375885010 21.156341553 0.000000000 -0.566362023 12.978819847
960.733215332 29.819610596 20.839752197 30.059783936 -0.838893950 14.772369385
955.482055664 29.287963867 20.627746582 82.481384277 -0.948571801 15.532114029
946.431823730 28.377288818 20.207946777 168.651947021 -1.034776926 16.052547455
933.117004395 27.116699219 19.529602051 293.617706299 -1.045933127 16.363563538
916.042663574 25.451507568 19.091888428 455.990814209 -0.702632606 16.730985641
895.708923340 23.414886475 19.301025391 650.054931641 -0.039278198 17.230901718
873.550170898 21.316406250 18.971923828 868.872436523 1.109429240 18.130685806
849.598388672 19.230957031 17.475646973 1112.418579102 4.940718174 19.626222610
822.942810059 16.984710693 15.644775391 1386.894165039 8.699316025 20.819654465
793.589782715 14.572631836 13.770080566 1696.813354492 12.437418938 21.302431107
761.574035645 11.616180420 11.402679443 2044.674682617 14.608212471 21.420261383
726.935485840 9.865814209 3.966369629 2434.072265625 18.208822250 23.882961273
689.744201660 10.387023926 -13.351531982 2871.944580078 22.581134796 32.347335815
649.912719727 6.833343506 -15.896240234 3364.522705078 27.110910416 38.107925415
607.320678711 2.476531982 -22.854476929 3916.260009766 33.572566986 35.961071014
562.350830078 -2.160125732 -26.292526245 4520.411621094 37.190299988 34.400730133
518.613037109 -6.634857178 -31.662933350 5145.930175781 37.798412323 35.006729126
479.068481445 -10.811859131 -35.446380615 5759.028808594 38.735946655 34.999149323
443.507629395 -15.440063477 -40.178039551 6346.908691406 41.332935333 35.469184875
411.355010986 -20.228454590 -43.811065674 6910.305175781 44.746776581 36.363159180
382.081512451 -25.074279785 -46.320449829 7450.575195312 48.968650818 37.543285370
355.624328613 -29.460906982 -48.641342163 7967.248535156 53.024261475 38.799236298
331.686248779 -33.200851440 -51.205200195 8460.623046875 55.020748138 39.474143982
310.012145996 -36.211425781 -53.877975464 8932.019531250 53.058467865 39.320583344
290.439178467 -39.001571655 -56.524291992 9381.818359375 47.471584320 38.180130005
272.751892090 -41.849319458 -58.971343994 9813.263671875 42.102603912 36.000095367
256.244506836 -44.986633301 -61.156051636 10229.974609375 40.889495850 33.111839294
241.274673462 -47.906967163 -62.851303101 10630.794921875 43.503417969 30.203695297
227.512786865 -50.566513062 -63.779418945 11024.230468750 46.230655670 27.939146042
213.704223633 -53.582077026 -64.224121094 11429.348632812 47.389297485 25.742027283
199.880386353 -56.796173096 -65.229598999 11856.108398438 48.636413574 23.145870209
186.062026978 -59.766906738 -67.301666260 12307.041015625 50.215854645 22.112520218
172.243728638 -62.217544556 -69.889556885 12786.642578125 51.635013580 23.604566574
158.425506592 -63.978027344 -72.588378906 13301.466796875 53.806812286 25.893815994
144.607360840 -64.803237915 -75.503662109 13860.020507812 55.659156799 26.157604218
130.789260864 -65.446899414 -79.243591309 14472.828125000 53.523586273 25.271846771
116.971191406 -66.316513062 -83.657257080 15152.021484375 47.781074524 23.542522430
103.153152466 -66.835723877 -88.182815552 15899.531250000 40.518173218 18.856979370
90.315139771 -66.218429565 -90.605102539 16674.595703125 31.967103958 10.792584419
80.025123596 -65.324356079 -90.443664551 17412.929687500 22.927942276 3.391889572
71.646110535 -62.066040039 -89.172576904 18114.007812500 3.129103184 18.779468536
63.855098724 -62.105773926 -89.527313232 18826.759765625 0.065490849 17.452007294
56.554080963 -62.143005371 -90.217575073 19574.791015625 -5.192976952 12.169588089
49.792068481 -61.366363525 -91.046630859 20363.398437500 -10.984297752 7.249441624
43.520057678 -60.268981934 -91.736236572 21203.085937500 -12.878306389 5.076355934
37.640048981 -58.626754761 -91.981353760 22111.224609375 -14.079558372 5.096144199
32.152034760 -56.383010864 -91.957656860 23106.408203125 -14.758974075 4.569406986
27.056022644 -54.228897095 -92.056518555 24210.671875000 -11.935763359 2.309379339
22.303007126 -53.157257080 -92.175918579 25470.027343750 -11.218727112 2.530432224
