970.511108398 28.871826172 22.329559326 0.000000000 -2.692232370 13.145665169
967.620056152 28.571136475 21.832000732 29.976470947 -3.473922014 18.389856339
962.321472168 28.003051758 21.508026123 82.263641357 -3.950050592 22.064041138
953.185791016 27.156799316 21.082916260 168.275115967 -3.629388571 25.940132141
939.754394531 26.004150391 20.454345703 293.068206787 -2.596105814 29.551109314
922.516113281 24.497894287 19.931060791 455.325775146 -0.873559892 32.328617096
901.987548828 22.636810303 19.575134277 649.412109375 1.077610731 33.838615417
879.604309082 20.822479248 19.151458740 868.517944336 4.446826458 34.440601349
855.381591797 18.921417236 18.246276855 1112.796630859 9.338389397 32.874897003
828.407287598 16.936340332 16.473114014 1388.525024414 12.317967415 28.223064423
798.712951660 15.455291748 13.084167480 1700.560668945 14.170142174 24.162427902
766.317749023 12.913360596 10.640655518 2051.660156250 15.842672348 24.523748398
731.229675293 10.303039551 6.421997070 2445.003173828 20.202384949 28.650461197
693.519287109 11.515045166 -9.837097168 2887.743164062 29.337982178 35.832878113
653.176147461 8.594787598 -21.113113403 3386.657470703 33.072162628 38.330463409
610.045166016 2.942962646 -19.815948486 3944.712158203 35.864200592 37.106647491
564.527404785 -2.113891602 -24.904754639 4554.287597656 39.675510406 34.959495544
520.290710449 -6.434143066 -28.883666992 5185.080566406 41.266231537 33.378128052
480.338256836 -10.752380371 -30.407958984 5803.094238281 44.135353088 33.210952759
444.447113037 -15.711578369 -34.271469116 6394.887207031 47.978752136 34.011997223
412.033081055 -20.445785522 -39.097152710 6961.327636719 50.396331787 34.363277435
382.554687500 -24.860763550 -43.556976318 7504.660644531 52.446796417 34.478057861
355.940429688 -28.940444946 -47.362823486 8024.629394531 54.160110474 34.701335907
331.884063721 -32.370712280 -50.939544678 8521.418945312 53.950202942 35.509605408
310.124450684 -35.432327271 -54.752044678 8996.024414062 51.963848114 37.057441711
290.491882324 -38.403671265 -59.303909302 9448.358398438 49.457664490 37.718711853
272.765808105 -41.294937134 -63.971466064 9881.784179688 47.535827637 36.236419678
256.235931396 -44.275985718 -67.012512207 10300.237304688 45.968719482 32.672313690
241.256484985 -47.340866089 -69.128082275 10702.467773438 43.725681305 28.793254852
227.495910645 -50.311798096 -69.299438477 11096.543945312 41.393898010 26.720001221
213.697113037 -53.506805420 -68.887420654 11501.754882812 40.127986908 26.430185318
199.880096436 -56.702560425 -69.110260010 11928.475585938 40.255020142 27.245826721
186.061874390 -59.544647217 -69.968231201 12379.697265625 42.164768219 28.265562057
172.243652344 -61.837142944 -71.596496582 12860.074218750 44.698509216 29.112863541
158.425476074 -63.848770142 -74.038452148 13375.469726562 47.127624512 29.636360168
144.607345581 -65.488922119 -77.120391846 13933.317382812 48.940181732 28.392545700
130.789260864 -66.663803101 -80.087371826 14543.337890625 50.053512573 24.640459061
116.971221924 -67.745117188 -83.525726318 15218.160156250 47.377193451 18.769676208
103.153175354 -67.731445312 -87.194824219 15961.454101562 39.194946289 12.121962547
90.315155029 -65.140167236 -89.387756348 16736.804687500 21.469617844 6.693258762
80.025138855 -63.990539551 -89.593627930 17479.550781250 5.081499100 9.307650566
71.646125793 -64.010040283 -88.576599121 18179.800781250 6.790553093 12.929534912
63.855102539 -62.439636230 -88.848861694 18888.820312500 2.750793695 9.217548370
56.554088593 -62.135131836 -90.013000488 19636.277343750 -4.249753475 7.006757259
49.792068481 -61.172576904 -91.253402710 20425.218750000 -8.798959732 5.423703194
43.520057678 -59.895477295 -92.000915527 21266.091796875 -12.473308563 3.006077051
37.640048981 -58.290908813 -92.247375488 22175.835937500 -14.376187325 0.752232730
32.152034760 -56.282165527 -92.450927734 23171.984375000 -16.021133423 -0.365990937
27.056022644 -54.063491821 -92.555725098 24276.949218750 -15.636152267 0.778343439
22.303007126 -51.579727173 -92.295593262 25541.638671875 -11.492629051 1.682208180
