974.039245605 24.122802734 21.631713867 0.000000000 -2.073547125 8.391503334
971.135864258 24.261016846 21.527374268 29.522949219 -1.990619421 15.706659317
965.821166992 24.199920654 21.317199707 81.091674805 -1.862551808 20.666694641
956.647949219 24.481933594 20.835479736 166.220458984 -1.940299988 30.902153015
943.157653809 24.649627686 20.316253662 290.268005371 -0.948315978 40.116535187
925.852661133 23.920837402 19.979339600 452.162719727 2.074540615 47.164085388
905.218200684 22.629638672 19.737060547 646.332946777 7.021135330 51.738426208
882.718261719 20.639739990 19.307128906 865.679138184 10.189418793 53.776470184
858.399536133 19.099029541 15.769744873 1109.980957031 15.750542641 53.884281158
831.324218750 17.350433350 14.084472656 1385.892822266 22.404611588 50.403873444
801.466186523 15.557647705 14.202392578 1698.625000000 27.948629379 39.572898865
768.868530273 14.732727051 9.348083496 2051.774169922 30.139457703 26.094533920
733.603332520 13.348785400 2.058959961 2449.101318359 32.396602631 17.246376038
695.654052734 11.214508057 -2.846405029 2895.223876953 32.223136902 14.077619553
655.006652832 9.927215576 -21.794616699 3397.375488281 34.137790680 15.142149925
611.627441406 6.371917725 0.000000000 3961.993408203 37.420555115 22.722270966
565.863647461 0.657653809 -36.343566895 4579.892089844 39.303459167 26.052267075
521.382568359 -4.660125732 -37.691085815 5217.715332031 42.756389618 21.818613052
481.226562500 -9.435333252 -44.982788086 5841.109375000 50.679706573 17.585666656
445.168975830 -13.838287354 -50.838287354 6438.033203125 56.664539337 11.850418091
412.618347168 -18.337356567 -56.571868896 7010.289062500 58.499683380 6.950164795
383.026550293 -22.869079590 -54.492370605 7559.429687500 59.192466736 4.027509689
356.309661865 -27.235107422 -46.337188721 8084.672851562 59.663967133 2.877133608
332.158294678 -31.492111206 -39.351470947 8585.627929688 58.899024963 3.387223721
310.319091797 -35.038406372 -38.414077759 9062.972656250 55.602432251 5.398501873
290.624877930 -38.348342896 -41.867492676 9517.016601562 49.828170776 8.509472847
272.853576660 -41.499588013 -45.222091675 9951.313476562 43.793567657 11.499917984
256.290771484 -44.511810303 -48.360671997 10370.131835938 39.222007751 13.581194878
241.289184570 -47.205017090 -54.502395630 10772.829101562 37.631694794 14.333598137
227.514877319 -49.558700562 -57.500946045 11168.137695312 35.921676636 12.439643860
213.707031250 -52.537536621 -57.143402100 11575.219726562 31.710990906 8.384519577
199.883789062 -55.950180054 -61.387802124 12003.750976562 31.182725906 6.891191959
186.062805176 -59.484573364 -66.271759033 12455.874023438 34.404216766 8.713345528
172.244476318 -62.887115479 -69.164779663 12935.065429688 39.307960510 9.899633408
158.426223755 -65.904953003 -71.398986816 13446.613281250 46.783573151 8.063798904
144.608016968 -67.947753906 -73.292785645 13998.366210938 53.813274384 6.111723423
130.789855957 -69.063720703 -75.740783691 14601.178710938 57.567710876 5.856700420
116.971740723 -68.578521729 -79.532958984 15270.814453125 53.433532715 7.693425179
103.153587341 -66.764923096 -76.385803223 16014.488281250 37.365409851 10.744244576
90.315299988 -65.702575684 -72.151153564 16790.609375000 20.269807816 20.470163345
80.025115967 -64.432556152 -86.241073608 17531.384765625 13.738763809 27.602621078
71.646095276 -61.201492310 -89.840942383 18235.328125000 10.023637772 13.782669067
63.855079651 -60.637985229 -90.193817139 18951.992187500 -5.637680054 0.542145014
56.554073334 -61.279403687 -92.610351562 19704.062500000 -5.702449799 5.313651562
49.792060852 -59.556747437 -92.180053711 20497.621093750 -10.574511528 2.015269279
43.520050049 -60.463195801 -92.628540039 21340.390625000 -16.586862564 -4.780831337
37.640041351 -60.861846924 -93.048797607 22243.175781250 -16.063179016 -0.946316659
32.152030945 -58.024566650 -92.887847900 23229.412109375 -13.550311089 3.423324585
27.056020737 -54.386703491 -92.897949219 24329.306640625 -12.497513771 0.228287384
22.303007126 -51.888687134 -93.120269775 25592.292968750 -12.993660927 -5.113243580
