971.278930664 21.000854492 16.865936279 0.000000000 8.687444687 -7.683833599
968.400878906 20.883850098 16.485076904 28.985656738 11.726143837 -11.547849655
963.120178223 20.626281738 16.167449951 79.554168701 13.530419350 -14.521358490
954.022216797 20.132202148 15.586975098 162.877929688 15.301879883 -17.263938904
940.632019043 19.547332764 15.682739258 284.075256348 16.589500427 -17.090948105
923.437255859 19.040740967 17.685363770 442.414855957 17.418567657 -5.573233128
902.915832520 19.288391113 18.749237061 633.173583984 18.040119171 6.722196102
880.531555176 19.527313232 17.719848633 850.188110352 20.443424225 10.008414268
856.322631836 18.842681885 16.095306396 1093.308471680 24.557033539 12.344981194
829.359863281 17.046417236 14.309173584 1368.398315430 28.324052811 14.142257690
799.649475098 14.426666260 12.847625732 1679.484863281 29.477375031 17.021749496
767.210754395 12.223693848 10.657165527 2029.553588867 30.124784470 22.165086746
732.059814453 10.327056885 6.579528809 2422.796875000 31.516027451 26.307012558
694.227783203 8.249572754 1.129974365 2864.318359375 32.449531555 28.432514191
653.687988281 5.349884033 -5.112457275 3360.006347656 37.620025635 31.324567795
610.418212891 2.103485107 -15.447937012 3916.032226562 42.757785797 33.108558655
564.816650391 -2.151641846 -25.907043457 4525.563964844 44.126579285 34.165119171
520.523132324 -6.546875000 -33.287109375 5156.628417969 46.866565704 34.575462341
480.527526855 -10.912384033 -36.490203857 5774.757324219 48.665515900 35.898159027
444.603759766 -14.938262939 -41.864685059 6367.489257812 48.119396210 37.489864349
412.160339355 -18.664306641 -46.618591309 6936.988769531 44.341720581 37.725254059
382.656127930 -22.223617554 -47.935241699 7485.378417969 38.199481964 37.502605438
356.019805908 -25.806701660 -45.823089600 8011.651855469 32.793720245 38.355674744
331.944488525 -29.619491577 -43.833984375 8514.836914062 29.929496765 39.816555023
310.167755127 -33.374832153 -42.545120239 8994.622070312 29.406356812 41.295616150
290.520629883 -37.000274658 -42.587081909 9450.590820312 29.405406952 42.980773926
272.783416748 -40.435409546 -46.119781494 9886.397460938 29.045133591 45.103591919
256.245758057 -43.944869995 -49.713592529 10306.190429688 29.443069458 46.610919952
241.261459351 -47.419143677 -53.280960083 10708.762695312 31.567659378 46.625659943
227.498184204 -50.796035767 -56.678787231 11102.454101562 34.761924744 45.254001617
213.698150635 -54.249832153 -60.140380859 11506.605468750 37.143871307 43.756431580
199.880706787 -57.784454346 -63.651702881 11931.560546875 39.100479126 42.102344513
186.062286377 -61.208526611 -67.046508789 12379.920898438 42.836570740 40.637710571
172.243988037 -63.915191650 -69.769531250 12856.004882812 48.915756226 38.819938660
158.425735474 -65.830017090 -70.066131592 13366.413085938 55.320461273 36.283740997
144.607482910 -67.029098511 -72.394851685 13919.485351562 60.292617798 33.656307220
130.789321899 -67.664794922 -75.413909912 14525.749023438 63.991268158 29.497369766
116.971191406 -67.037002563 -80.016601562 15200.371093750 60.728832245 20.357860565
103.153144836 -65.002624512 -86.579635620 15950.144531250 42.199687958 10.723163605
90.315124512 -62.950027466 -91.194305420 16734.687500000 22.016853333 11.577569962
80.025115967 -61.739257812 -90.432296753 17485.226562500 17.482576370 12.311149597
71.646095276 -60.573532104 -89.116394043 18194.964843750 10.867988586 3.363498926
63.855083466 -60.308486938 -89.392456055 18913.275390625 -0.631391287 3.283735514
56.554073334 -59.821517944 -90.914398193 19668.531250000 -3.618566036 3.810543299
49.792060852 -58.431427002 -92.296905518 20466.792968750 -9.524747849 -0.708733439
43.520050049 -57.570755005 -92.761871338 21317.539062500 -17.936325073 -0.501519978
37.640041351 -56.927169800 -93.044525146 22234.976562500 -22.201124191 2.652103424
32.152030945 -55.706130981 -93.408416748 23235.492187500 -19.334688187 3.205804825
27.056020737 -53.152145386 -93.549987793 24344.277343750 -15.300155640 1.654978752
22.303007126 -51.012207031 -93.436065674 25613.146484375 -11.700439453 -1.322578549
