983.687744141 21.638793945 20.775543213 0.000000000 0.906527758 4.188011169
980.762939453 22.276824951 20.760955811 29.226409912 1.817015290 4.542552948
975.405456543 22.633941650 20.331756592 80.434570312 2.028318167 7.524144173
966.153442383 23.116333008 19.793609619 165.019439697 1.875513554 16.955394745
952.532348633 23.286437988 19.302154541 288.376739502 1.422453642 29.512311935
935.049682617 23.381774902 18.650299072 449.662139893 4.174952984 39.557453156
914.205566406 22.763092041 17.972778320 643.616333008 11.065255165 45.122463226
891.457397461 21.129821777 17.877471924 863.351562500 15.544260025 47.313049316
866.804931641 18.870117188 17.370086670 1108.632812500 19.940444946 48.002502441
839.304199219 16.851715088 16.287475586 1385.839355469 25.369255066 44.614120483
809.003845215 15.590454102 12.381683350 1700.062011719 31.440103531 38.192348480
775.914428711 13.441436768 10.321502686 2054.643798828 30.187839508 26.158798218
740.002258301 11.632232666 9.619842529 2454.031494141 23.392232895 13.505085945
701.302001953 10.151580811 3.963775635 2903.880126953 20.902986526 8.072730064
659.830993652 7.179473877 -0.208770752 3409.892822266 23.461668015 2.532642841
615.578674316 3.707305908 -8.936584473 3977.436279297 26.740070343 4.276496410
568.998840332 -0.554046631 -22.106307983 4598.970703125 31.676254272 9.430445671
523.837585449 -5.659088135 -34.590499878 5241.054687500 36.736713409 9.151472092
483.121093750 -10.732452393 -37.883804321 5867.891601562 41.783180237 10.309558868
446.598815918 -15.430816650 -34.137664795 6467.127441406 47.033176422 13.094255447
413.662200928 -19.709518433 -31.084396362 7041.354003906 50.976966858 16.330720901
383.753631592 -23.731170654 -32.814697266 7592.788574219 52.832279205 19.722349167
356.801757812 -27.819335938 -36.272308350 8120.429199219 53.468120575 21.600250244
332.484252930 -32.006759644 -38.626113892 8623.233398438 53.144702911 20.800968170
310.525909424 -35.830245972 -42.154968262 9101.517578125 51.927181244 19.078437805
290.747436523 -39.032577515 -47.563171387 9555.812500000 49.535011292 18.061771393
272.917999268 -41.651031494 -53.572296143 9990.503906250 46.340843201 17.434373856
256.316314697 -44.237976074 -57.766128540 10410.324218750 43.423549652 16.607967377
241.291793823 -46.897338867 -59.982498169 10814.140625000 42.126323700 14.984310150
227.508087158 -49.528228760 -61.859680176 11210.042968750 41.636062622 12.416381836
213.701324463 -52.240951538 -63.810974121 11617.482421875 40.056755066 9.914827347
199.882141113 -55.328659058 -65.691955566 12046.830078125 36.848991394 10.310671806
186.062286377 -59.064544678 -67.344055176 12499.922851562 33.861114502 14.559746742
172.243988037 -62.947799683 -69.108276367 12979.523437500 34.869384766 19.479354858
158.425720215 -65.754806519 -70.899322510 13491.164062500 41.995689392 21.163125992
144.607513428 -67.043869019 -73.059097290 14044.269531250 49.830120087 20.377027512
130.789352417 -67.052597046 -76.702224731 14651.464843750 53.010143280 16.787162781
116.971260071 -66.367538452 -80.467346191 15328.057617188 48.255390167 11.623235703
103.153205872 -65.809036255 -84.552536011 16077.406250000 35.033618927 10.978260040
90.315177917 -65.896057129 -88.034118652 16854.937500000 21.773092270 14.725657463
80.025154114 -66.025253296 -89.011230469 17592.699218750 17.378971100 14.307712555
71.646125793 -63.599822998 -83.611602783 18290.074218750 8.741445541 4.261299133
63.855098724 -62.960281372 -88.113220215 18998.783203125 -3.002969265 3.801574469
56.554080963 -62.224182129 -92.160186768 19745.148437500 -9.326736450 8.017328262
49.792068481 -61.953643799 -91.953338623 20532.460937500 -11.461522102 3.676380396
43.520053864 -61.425857544 -92.156127930 21368.597656250 -14.229430199 0.604361117
37.640045166 -59.395019531 -92.711364746 22272.697265625 -15.380447388 1.097911596
32.152030945 -56.391342163 -93.187927246 23266.203125000 -15.585794449 -2.666561127
27.056020737 -54.678375244 -93.608093262 24369.283203125 -18.683816910 -7.366640091
22.303007126 -53.548645020 -93.617584229 25626.208984375 -18.828138351 -3.465422392
