975.247192383 21.060302734 19.431945801 0.000000000 1.935632110 0.373144746
972.359863281 20.761016846 19.469024658 28.991699219 2.140049934 -0.330056995
967.053222656 20.449920654 19.619445801 79.685424805 1.782156467 -1.323045731
957.912048340 20.231933594 19.871063232 163.282958984 1.339937449 -0.563827872
944.445617676 20.024627686 19.983428955 284.986755371 0.509567320 2.454550028
927.164611816 19.733337402 19.822143555 443.943969727 0.859637856 8.651666641
906.578186035 19.254638672 19.095062256 634.926696777 3.740897894 16.749225616
884.118286133 19.014739990 19.171142578 851.710388184 9.338986397 24.861783981
859.799560547 18.411529541 18.573455811 1094.824707031 12.834775925 31.651561737
832.692199707 17.412933350 17.593078613 1370.674072266 17.180530548 35.460567474
802.810180664 15.870147705 16.061401367 1683.875000000 19.201328278 36.414154053
770.172485352 13.982727051 14.177581787 2037.242919922 17.747449875 34.355873108
734.795288086 11.911285400 12.130676270 2434.757568359 17.939258575 26.601127625
696.666076660 9.652008057 9.897460938 2881.567626953 21.531993866 15.778483391
655.782653809 6.114715576 6.348297119 3383.250488281 26.240921021 9.189126015
612.123474121 2.059417725 2.284515381 3944.993408203 24.785566330 11.302185059
566.131652832 -2.654846191 -2.433807373 4559.298339844 26.061017990 14.146220207
521.516540527 -7.597625732 -7.874359131 5193.402832031 37.289329529 17.930923462
481.277770996 -11.997833252 -13.295654297 5812.828125000 46.549037933 21.108882904
445.164184570 -15.588287354 -17.314971924 6406.626953125 55.206657410 17.317480087
412.573547363 -18.774856567 -21.612014771 6977.789062500 67.732940674 11.931265831
382.954528809 -22.369079590 -25.714996338 7527.960937500 72.920867920 12.288847923
356.230468750 -26.360107422 -29.626144409 8055.235351562 67.925308228 13.082317352
332.087890625 -30.429611206 -33.876388550 8558.377929688 60.356910706 14.199858665
310.261108398 -34.538406372 -38.059738159 9037.191406250 56.209880829 15.725174904
290.578460693 -38.285842896 -41.812561035 9491.579101562 53.837352753 17.378263474
272.817260742 -41.437088013 -45.138839722 9925.782226562 51.204475403 18.303373337
256.262786865 -44.261810303 -48.075698853 10344.725585938 47.969306946 18.926767349
241.268859863 -46.955017090 -50.849426270 10747.735351562 44.192169189 19.314699173
227.501663208 -49.683700562 -53.713256836 11142.981445312 40.173835754 20.458002090
213.699645996 -52.975036621 -57.102752686 11549.375976562 37.664012909 22.720373154
199.881362915 -56.825180054 -60.990356445 11976.500976562 38.958103180 26.086656570
186.062500000 -60.734573364 -64.959274292 12426.311523438 45.945793152 29.731163025
172.244003296 -64.512115479 -68.733703613 12902.284179688 54.980205536 32.375335693
158.425750732 -67.467453003 -71.680053711 13409.988281250 63.427742004 30.660989761
144.607574463 -69.510253906 -73.723449707 13957.584960938 69.728500366 25.550167084
130.789382935 -68.876220703 -74.911865234 14558.522460938 70.688659668 17.398277283
116.971267700 -65.266021729 -80.409393311 15234.251953125 58.779106140 8.543857574
103.153221130 -62.014923096 -85.996093750 15992.644531250 31.290895462 7.464006901
90.315185547 -62.827575684 -86.274414062 16783.109375000 11.886979103 14.152667999
80.025154114 -62.995056152 -85.020065308 17531.822265625 9.000642776 9.500569344
71.646110535 -61.826492310 -83.565887451 18237.328125000 -1.031977773 4.913878918
63.855079651 -61.950485229 -88.529754639 18950.742187500 -7.217053890 3.943872690
56.554065704 -61.904403687 -92.530059814 19699.437500000 -9.347158432 3.734278202
49.792060852 -61.744247437 -92.397827148 20487.621093750 -11.060472488 2.501230478
43.520050049 -60.838195801 -92.588073730 21325.265625000 -12.820665359 0.078779779
37.640041351 -59.236846924 -93.075531006 22230.894531250 -14.726786613 -2.768670797
32.152030945 -56.899566650 -93.391891479 23223.443359375 -15.129684448 -4.473543644
27.056020737 -54.636703491 -93.631179810 24325.244140625 -14.319867134 -3.416420937
22.303007126 -52.701187134 -93.586425781 25584.824218750 -15.787937164 -0.132142186
