977.118286133 23.244995117 20.573883057 0.000000000 2.411616087 5.547035217
974.207641602 23.251464844 20.621032715 29.349426270 5.249033928 8.642538071
968.886230469 23.011474609 20.961273193 80.665069580 6.275732040 9.596430779
959.691101074 23.377624512 21.305480957 165.424835205 6.170859337 13.683568954
946.155212402 23.596679688 21.560699463 289.104553223 1.886143208 20.201295853
928.782287598 23.172088623 21.396942139 450.736877441 0.691079736 28.361743927
908.066101074 21.988555908 20.706481934 644.679687500 2.215595961 35.367374420
885.486083984 20.697235107 19.761871338 864.102111816 5.690808296 40.038166046
861.048217773 18.723358154 18.630767822 1108.878417969 6.376166821 42.170619965
833.823913574 16.488006592 16.733947754 1385.136718750 9.879486084 39.500133514
803.827331543 14.327789307 14.617370605 1697.571533203 17.603355408 31.988269806
771.069396973 13.215576172 12.411712646 2050.162353516 22.842803955 23.927495956
735.573974609 11.513732910 8.835174561 2447.257812500 24.524404526 18.224472046
697.344299316 8.595367432 5.141082764 2892.904052734 30.088552475 17.295028687
656.374145508 5.700836182 -0.117126465 3392.857666016 36.103851318 20.145088196
612.649536133 1.815185547 -7.343200684 3953.200195312 41.502662659 23.958139420
566.597106934 -2.784454346 -16.552795410 4566.033691406 44.779548645 26.444837570
521.915527344 -7.121917725 -25.721969604 5199.620117188 50.363620758 28.641584396
481.613372803 -11.256042480 -36.437911987 5819.957031250 55.837532043 30.553974152
445.442626953 -15.478668213 -38.728363037 6414.486816406 59.730945587 31.273883820
412.795196533 -19.386108398 -34.290710449 6985.240722656 61.407012939 31.174276352
383.120391846 -23.019515991 -35.692611694 7534.430175781 58.320976257 30.246896744
356.350463867 -26.650466919 -38.197265625 8061.135253906 52.781372070 28.011842728
332.173706055 -30.357696533 -39.662948608 8564.469726562 48.104679108 25.718002319
310.321166992 -33.972900391 -40.904464722 9044.333007812 45.623817444 24.818735123
290.618774414 -37.486633301 -42.474853516 9500.408203125 44.470882416 24.367847443
272.842315674 -40.817520142 -44.490051270 9936.230468750 43.615943909 24.162416458
256.276824951 -44.119323730 -47.942169189 10356.146484375 42.683094025 24.611524582
241.274841309 -47.353897095 -51.300933838 10759.055664062 42.000160217 25.135673523
227.502395630 -50.394149780 -54.456893921 11153.421875000 41.974231720 25.145906448
213.699096680 -53.573913574 -57.703109741 11558.677734375 43.702709198 24.051366806
199.881225586 -56.879287720 -61.087966919 11985.161132812 46.537265778 22.859956741
186.062637329 -60.306945801 -64.522033691 12435.353515625 48.577716827 22.187355042
172.244232178 -63.760391235 -68.013763428 12912.632812500 50.984348297 21.723772049
158.425964355 -66.807067871 -71.060760498 13421.965820312 56.392955780 21.120243073
144.607757568 -68.431182861 -72.659957886 13971.859375000 64.173461914 17.197570801
130.789535522 -68.165252686 -72.429260254 14575.375000000 66.840042114 10.712485313
116.971366882 -66.685012817 -76.828430176 15249.697265625 60.574665070 6.092822075
103.153244019 -64.516082764 -78.327545166 16000.895507812 38.970012665 6.295619488
90.315162659 -62.914016724 -85.542785645 16786.412109375 15.967837334 10.813843727
80.025138855 -63.121063232 -86.260803223 17534.576171875 8.841398239 10.981971741
71.646110535 -62.309768677 -86.300933838 18239.021484375 4.260112286 1.882033348
63.855087280 -62.197540283 -87.905181885 18951.255859375 -2.577171087 1.728668928
56.554073334 -61.189926147 -91.197463989 19700.830078125 -6.305991650 5.729151726
49.792064667 -59.450912476 -92.474212646 20494.740234375 -8.707751274 5.713795185
43.520053864 -58.062789917 -92.533538818 21342.556640625 -14.774885178 -0.587345123
37.640045166 -57.886077881 -92.937835693 22256.875000000 -17.890996933 -3.269633770
32.152030945 -56.352416992 -93.334564209 23253.896484375 -16.109725952 -1.081108809
27.056020737 -53.932296753 -93.574340820 24359.029296875 -12.649411201 -1.021589041
22.303007126 -51.480621338 -93.444549561 25624.326171875 -10.488669395 -3.963767767
