971.622314453 28.947052002 22.562164307 0.000000000 -4.278351784 11.874554634
968.725769043 28.765380859 22.083923340 30.004852295 -5.584771156 16.745618820
963.423522949 28.369781494 21.823852539 82.377258301 -6.314543247 19.870292664
954.271545410 27.573303223 21.382049561 168.552825928 -6.506503582 23.279802322
940.812133789 26.445922852 20.689208984 293.628387451 -6.239783287 26.556251526
923.550170898 25.028625488 20.075012207 456.266082764 -5.248626232 29.465534210
902.986877441 23.384155273 19.600891113 650.918823242 -2.540832996 32.571250916
880.548583984 21.483215332 20.848114014 870.994384766 3.369034290 34.724960327
856.242431641 19.672241211 19.882263184 1116.571166992 7.043981552 33.323795319
829.204589844 18.223602295 16.059661865 1393.823242188 10.108942032 28.369380951
799.450622559 16.193450928 13.521209717 1707.273681641 11.920580864 25.376592636
766.992187500 13.101226807 10.225921631 2059.231689453 14.851140976 26.613162994
731.860961914 11.576385498 2.978637695 2453.534423828 23.043697357 28.769144058
694.115783691 11.363922119 -10.972930908 2897.006347656 30.687595367 33.310623169
653.689392090 8.181182861 -21.046432495 3395.829833984 33.228080750 35.569965363
610.492980957 3.620880127 -33.028869629 3954.553222656 36.585132599 31.943264008
564.909301758 -0.977172852 -31.541259766 4566.353027344 38.383773804 29.569564819
520.599426270 -5.642852783 -29.527679443 5199.885253906 39.852554321 27.642404556
480.580108643 -10.525848389 -32.419433594 5819.784667969 45.001018524 25.194335938
444.635498047 -15.707061768 -36.752655029 6412.408691406 48.905036926 24.552743912
412.177154541 -20.584945679 -40.977264404 6979.221191406 50.646438599 24.870246887
382.661590576 -25.116485596 -45.012390137 7522.579589844 52.072822571 25.333703995
356.018096924 -29.070449829 -48.497207642 8042.511230469 54.617317200 26.039228439
331.938903809 -32.377914429 -51.019012451 8539.534179688 57.900730133 27.050220490
310.161590576 -35.370544434 -53.362899780 9014.530273438 60.335109711 27.906013489
290.515747070 -38.413116455 -55.969757080 9467.214843750 60.974391937 28.785217285
272.780120850 -41.663406372 -58.608306885 9900.507812500 60.076866150 29.037956238
256.243316650 -44.851699829 -61.313720703 10318.320312500 58.072235107 28.024122238
241.259567261 -47.772064209 -64.035751343 10719.723632812 54.888824463 26.001113892
227.496795654 -50.485733032 -66.070129395 11113.388671875 51.629928589 24.257360458
213.697189331 -53.199615479 -67.293457031 11518.805664062 49.700595856 23.640180588
199.880081177 -55.950836182 -68.234527588 11946.582031250 50.321556091 25.043399811
186.061859131 -58.723861694 -69.602813721 12399.449218750 52.379005432 27.255310059
172.243637085 -61.358230591 -71.690002441 12881.214843750 53.892604828 28.539730072
158.425476074 -63.639541626 -74.504394531 13397.466796875 53.229167938 27.896018982
144.607345581 -65.203445435 -77.738372803 13955.960937500 50.969421387 25.934228897
130.789260864 -66.352172852 -80.572463989 14566.820312500 47.954025269 22.516277313
116.971221924 -67.599624634 -83.396911621 15242.388671875 43.709621429 17.072416306
103.153175354 -68.495086670 -86.823776245 15984.511718750 35.459518433 10.751574516
90.315155029 -67.448135376 -89.499786377 16754.097656250 22.788772583 6.405920506
80.025138855 -65.380569458 -89.731018066 17490.083984375 7.651549816 7.774643421
71.646125793 -64.833358765 -88.664398193 18186.580078125 4.934222698 12.285408020
63.855106354 -63.200195312 -88.782119751 18892.847656250 2.472665310 9.117934227
56.554092407 -62.514282227 -89.860244751 19638.251953125 -4.140961647 5.781798840
49.792079926 -61.501907349 -91.111968994 20425.794921875 -9.106728554 3.572083235
43.520065308 -60.150314331 -91.942535400 21265.478515625 -12.490745544 1.345100284
37.640052795 -58.404022217 -92.277648926 22174.359375000 -15.371088982 -0.643826544
32.152042389 -56.233825684 -92.430908203 23170.310546875 -16.625782013 -0.698222458
27.056024551 -53.634445190 -92.362701416 24276.572265625 -15.449269295 0.713901818
22.303007126 -50.845092773 -91.753601074 25544.566406250 -10.851542473 0.429257244
