971.486328125 25.619995117 20.444396973 0.000000000 -8.279528618 13.443902969
968.607666016 25.626464844 20.626525879 29.536926270 -11.516624451 19.698154449
963.318298340 25.198974609 21.090515137 81.165069580 -13.405693054 22.109930038
954.195129395 24.627624512 21.465728760 166.268585205 -14.846959114 29.234325409
940.771240234 23.846679688 21.533966064 289.948303223 -14.515044212 37.817386627
923.542236328 23.047088623 21.296081543 451.174377441 -11.700928688 45.370384216
903.010131836 22.238555908 20.683471680 644.523437500 -8.475548744 49.946208954
880.646118164 20.697235107 19.580871582 863.070861816 -3.785433531 52.430171967
856.464233398 19.035858154 18.105651855 1106.722167969 3.460400343 53.104743958
829.535949707 17.800506592 16.282104492 1382.136718750 13.402704239 48.854885101
799.883361816 16.640289307 14.330139160 1694.477783203 16.874412537 41.343021393
767.517395020 15.278076172 12.031341553 2047.162353516 16.889780045 35.469074249
732.453979492 13.451232910 8.686828613 2443.976562500 19.543302536 32.195854187
694.688293457 11.095367432 5.296356201 2889.654052734 24.135530472 30.658958435
654.182128906 7.825836182 3.481018066 3390.357666016 28.571453094 28.284936905
610.841552734 3.440185547 2.971099854 3952.262695312 30.933008194 24.201120377
565.081115723 -1.784454346 -1.605041504 4567.127441406 31.294128418 22.071187973
520.649475098 -7.121917725 -7.297485352 5201.213867188 32.990512848 22.688560486
480.587768555 -12.256042480 -13.578735352 5819.207031250 37.735481262 24.357969284
444.642608643 -16.978668213 -18.864013672 6409.205566406 43.086776733 23.619997025
412.193603516 -21.323608398 -23.626358032 6974.021972656 47.921592712 20.361640930
382.691589355 -25.332015991 -28.076644897 7516.398925781 52.853912354 17.368927002
356.058441162 -28.900466919 -31.796157837 8036.291503906 56.304588318 15.012383461
331.986907959 -32.045196533 -35.226516724 8533.782226562 61.347118378 14.297916412
310.214141846 -35.160400391 -41.502304077 9009.239257812 64.940773010 17.893789291
290.570617676 -37.736633301 -49.072174072 9462.720703125 61.601013184 20.358667374
272.833831787 -39.942520142 -49.599822998 9898.230468750 56.615402222 19.545785904
256.291229248 -42.556823730 -49.496261597 10319.771484375 53.131256104 18.537010193
241.298767090 -45.416397095 -51.930389404 10725.524414062 48.925106049 17.603277206
227.524917603 -48.519149780 -53.984649658 11123.265625000 44.647018433 16.641588211
213.713195801 -51.948913574 -56.733459473 11531.927734375 40.786941528 15.547047615
199.886367798 -55.504287720 -59.971435547 11961.629882812 38.761886597 14.598616600
186.064056396 -58.994445801 -63.218673706 12414.822265625 39.101474762 13.440054893
172.245422363 -62.260391235 -66.506011963 12895.351562500 41.629596710 12.976472855
158.426956177 -65.432067871 -69.662307739 13408.247070312 46.066280365 13.830826759
144.608657837 -67.681182861 -72.335586548 13960.921875000 56.276596069 9.300702095
130.790374756 -68.040252686 -73.061874390 14565.656250000 61.858947754 5.245422840
116.972053528 -65.997512817 -71.098388672 15241.384765625 54.864620209 5.728351116
103.153671265 -64.953582764 -70.183715820 15992.926757812 34.110401154 9.332876205
90.315330505 -65.101516724 -73.174453735 16773.599609375 22.649803162 14.215571404
80.025177002 -63.558563232 -80.692367554 17517.076171875 15.523364067 12.804325104
71.646125793 -62.559768677 -84.241683960 18220.396484375 7.418859482 4.190348625
63.855098724 -62.385040283 -88.690643311 18931.849609375 0.824556649 3.065062046
56.554080963 -61.752426147 -91.409515381 19680.111328125 -6.548972130 3.542326927
49.792068481 -60.763412476 -92.140350342 20470.583984375 -9.922654152 2.555047989
43.520053864 -59.562789917 -92.505523682 21312.962890625 -12.588060379 0.141596526
37.640045166 -58.386077881 -92.673614502 22223.125000000 -14.975230217 -2.176221371
32.152030945 -56.852416992 -92.958740234 23217.677734375 -15.623764992 -2.660482407
27.056020737 -54.432296753 -93.168029785 24320.341796875 -14.714746475 -2.357982159
22.303007126 -51.355621338 -93.162902832 25584.794921875 -12.554003716 -5.178670406
