951.511169434 24.810302734 21.333679199 0.000000000 -12.035749435 14.587507248
948.687866211 24.823516846 21.263488770 29.522949219 -16.569452286 20.687761307
943.501159668 24.637420654 21.187164307 81.091674805 -18.142248154 23.825441360
934.567993164 24.606933594 21.037902832 166.064208984 -18.948938370 30.051721573
921.437683105 24.712127686 20.952575684 289.736755371 -15.527149200 38.415672302
904.604614258 24.045837402 20.915710449 450.975219727 -11.046409607 42.911926270
884.578186035 22.754638672 20.380889893 643.957946777 -6.342794895 43.112617493
862.806335449 21.514739990 18.441070557 861.554138184 -0.744706333 40.534030914
839.327575684 20.099029541 15.526367188 1103.480957031 1.536180139 35.903720856
813.252197266 18.162933350 11.642791748 1375.580322266 0.779342651 31.451389313
784.642211914 16.432647705 5.078002930 1682.031250000 1.463748693 27.909833908
753.524536133 15.795227051 -6.306945801 2026.336669922 5.719912529 22.206846237
719.867370605 13.973785400 -9.886749268 2413.195068359 9.799409866 16.395944595
683.570068359 10.402008057 -5.401977539 2847.317626953 13.027674675 13.105696678
644.514709473 5.989715576 2.297241211 3334.750488281 20.530878067 8.095713615
602.619445801 2.371917725 2.513183594 3882.743408203 24.542585373 5.227670670
558.311706543 -1.092346191 -0.907775879 4485.579589844 21.687368393 8.071706772
515.212524414 -6.472625732 -6.509185791 5109.246582031 20.037710190 15.865589142
476.309753418 -11.122833252 -21.857696533 5717.171875000 29.783378601 21.230373383
441.354583740 -15.150787354 -41.762451172 6298.595703125 41.113784790 22.541563034
409.709533691 -20.024856567 -41.410568237 6856.164062500 50.116851807 27.725002289
380.842529297 -24.056579590 -42.963150024 7392.210937500 51.781558990 32.820705414
354.706451416 -27.860107422 -47.515335083 7906.797851562 50.552196503 34.950565338
331.016723633 -31.867111206 -50.962646484 8399.096679688 50.759178162 35.096187592
309.535888672 -35.850906372 -53.369735718 8868.722656250 51.957721710 34.556167603
290.115112305 -39.723342896 -55.033172607 9315.235351562 53.351390839 33.657958984
272.544799805 -43.312088013 -56.027587891 9742.250976562 54.849182129 32.396244049
256.122863770 -46.574310303 -56.184967041 10154.350585938 56.959587097 30.832815170
241.210937500 -49.455017090 -56.339065552 10550.985351562 60.350376129 29.519884109
227.484573364 -51.933700562 -58.222045898 10940.887695312 64.471885681 27.504438400
213.696990967 -54.100036621 -61.758605957 11343.782226562 65.485290527 23.327823639
199.880462646 -56.262680054 -65.174957275 11770.313476562 62.405723572 18.675748825
186.062103271 -58.672073364 -67.546691895 12222.936523438 59.552703857 16.002761841
172.243835449 -61.199615479 -69.723815918 12704.971679688 59.232364655 15.852657318
158.425598145 -63.529953003 -72.415710449 13221.488281250 58.568130493 17.175569534
144.607437134 -65.447753906 -75.309860229 13779.741210938 56.121589661 18.746711731
130.789306641 -66.563720703 -78.310577393 14389.959960938 53.072570801 19.463611603
116.971229553 -66.891021729 -81.271606445 15066.408203125 47.359016418 18.141588211
103.153182983 -66.577423096 -84.649475098 15813.300781250 32.991760254 15.846836090
90.315155029 -65.577575684 -88.399765015 16589.984375000 12.980391502 11.601372719
80.025138855 -65.182556152 -89.492431641 17329.759765625 0.496323824 12.051864624
71.646118164 -65.638992310 -89.152343750 18025.234375000 -0.546016634 18.763771057
63.855102539 -63.637985229 -89.001373291 18729.460937500 2.380678177 16.457372665
56.554088593 -61.029403687 -89.923675537 19476.843750000 -2.179231882 6.164083481
49.792068481 -60.994247437 -91.153289795 20268.121093750 -9.481098175 -2.115400076
43.520057678 -60.650695801 -92.011886597 21107.734375000 -14.521529198 -1.622084141
37.640048981 -58.861846924 -92.330902100 22014.519531250 -16.913612366 -1.553768039
32.152034760 -56.962066650 -92.554046631 23007.662109375 -15.737135887 -1.800757408
27.056020737 -55.136703491 -92.784790039 24108.119140625 -12.254532814 -1.958537579
22.303007126 -52.451187134 -92.933135986 25367.292968750 -9.227462769 -3.412379742
