974.585693359 24.572509766 21.073181152 0.000000000 2.776109219 9.778704643
971.685180664 24.744628906 20.935729980 29.471649170 4.845336914 14.688406944
966.375610352 25.003723145 20.998535156 81.074707031 6.590751171 19.094835281
957.218994141 24.755767822 20.947937012 166.148468018 8.513098717 21.781299591
943.748291016 24.110076904 20.720947266 289.909881592 10.825392723 25.881715775
926.457275391 22.641418457 20.386749268 451.024261475 12.465240479 25.321538925
905.855957031 20.914367676 19.819244385 643.822753906 13.581043243 23.035900116
883.392272949 19.349304199 19.446411133 861.628051758 14.098670959 20.464370728
859.073303223 18.525787354 18.753051758 1105.139282227 15.297831535 19.736694336
831.970520020 18.238189697 17.355499268 1381.569580078 16.259597778 20.581279755
802.114196777 17.040039062 15.919097900 1695.874023438 17.658319473 24.915655136
769.499084473 15.153289795 13.958892822 2050.749511719 18.278762817 28.198060989
734.141357422 11.833312988 12.131134033 2449.027343750 19.682407379 29.769170761
696.055847168 8.255401611 8.531280518 2894.376220703 21.726583481 29.067367554
655.247985840 4.907867432 3.735839844 3392.840820312 22.825086594 28.198780060
611.691040039 1.245330811 -0.526214600 3951.350097656 24.255010605 27.822952271
565.774597168 -3.519439697 -4.178894043 4562.779296875 27.546304703 29.077478409
521.200439453 -8.334442139 -8.727264404 5194.503417969 31.852024078 31.280839920
480.993774414 -13.014739990 -14.396881104 5811.590332031 40.080699921 33.761676788
444.929779053 -17.009887695 -22.507080078 6402.066406250 47.363662720 34.622741699
412.393249512 -21.184432983 -29.167114258 6968.155761719 49.004703522 36.421131134
382.821380615 -25.008392334 -32.935455322 7511.979980469 47.722354889 39.866340637
356.134857178 -28.354827881 -36.167083740 8033.604003906 45.844295502 42.923313141
332.023284912 -31.732772827 -39.203201294 8532.684570312 44.744503021 44.312755585
310.220855713 -35.192840576 -40.986633301 9009.008789062 44.379543304 44.750984192
290.555725098 -38.587966919 -42.110260010 9462.151367188 44.163436890 45.001068115
272.805786133 -41.820922852 -45.515502930 9895.463867188 43.681762695 45.447063446
256.258636475 -44.897689819 -48.715393066 10313.370117188 43.692653656 45.031352997
241.267669678 -47.984039307 -51.963180542 10714.784179688 44.440525055 43.635356903
227.500579834 -50.932998657 -55.014450073 11107.946289062 46.039340973 41.018035889
213.698852539 -54.060989380 -58.170989990 11512.227539062 49.714504242 36.269088745
199.880935669 -57.425170898 -61.606536865 11937.758789062 52.818210602 33.464225769
186.062347412 -61.075561523 -65.289398193 12386.592773438 52.874401093 32.978954315
172.244003296 -64.669342041 -68.941009521 12861.958007812 54.231300354 32.097206116
158.425750732 -66.966644287 -71.200195312 13370.049804688 59.621463776 31.321994781
144.607528687 -67.218917847 -72.196441650 13921.463867188 67.189018250 30.405849457
130.789352417 -66.344894409 -76.236816406 14529.493164062 69.440872192 25.139617920
116.971267700 -64.211105347 -82.187591553 15210.928710938 58.661357880 14.806516647
103.153221130 -62.159225464 -88.148666382 15970.916015625 31.120624542 9.789021492
90.315185547 -61.822860718 -83.663391113 16762.990234375 9.030062675 14.507291794
80.025138855 -62.043670654 -83.322906494 17515.076171875 9.268668175 15.455904007
71.646102905 -61.996047974 -87.615844727 18221.828125000 7.984848976 10.068751335
63.855087280 -61.535934448 -89.958312988 18935.664062500 1.719268322 9.536797523
56.554073334 -60.572998047 -90.635406494 19687.445312500 -5.396925926 9.515463829
49.792060852 -59.566040039 -92.056182861 20482.234375000 -10.217548370 3.560491323
43.520053864 -59.383178711 -92.751678467 21327.070312500 -13.416440964 -0.996220827
37.640045166 -58.612411499 -92.880920410 22237.044921875 -14.204122543 -2.898943424
32.152030945 -57.536834717 -92.965698242 23229.439453125 -16.160139084 -3.000905991
27.056020737 -55.410156250 -93.047180176 24327.667968750 -15.625834465 -1.713640213
22.303007126 -52.491714478 -93.215850830 25585.837890625 -12.896032333 -2.216461658
