982.134277344 23.682495117 20.876922607 0.000000000 -3.298426867 3.117229700
979.215637207 23.876464844 20.958648682 29.443206787 -5.685091019 7.427635670
973.854248047 24.573974609 21.131896973 81.040084839 -7.088198185 12.876667976
964.603149414 25.815124512 21.142395020 166.487350464 -7.071580887 21.580436707
950.987243652 25.596679688 21.297760010 291.229553223 -5.767744064 28.948595047
933.486267090 24.484588623 21.362854004 454.049377441 -3.075118780 34.557746887
912.618103027 23.113555908 20.785034180 649.273437500 0.393241733 38.890590668
889.854064941 21.009735107 20.103057861 869.852111816 1.681628942 41.982009888
865.208190918 19.035858154 19.030700684 1115.878540039 6.619147778 44.964893341
837.727966309 17.113006592 17.322479248 1393.886840820 12.795252800 45.453159332
807.435363770 15.577789307 15.810974121 1709.102905273 16.995903015 38.305763245
774.349365234 13.715576172 12.375183105 2064.631103516 19.076606750 32.188835144
738.549987793 12.076232910 4.996520996 2463.914062500 26.954208374 30.616479874
700.056274414 10.407867432 -4.429626465 2912.060302734 32.275379181 30.901939392
658.834167480 8.013336182 -15.169555664 3415.888916016 33.552555084 30.228780746
614.825561523 4.440185547 -28.900695801 3981.762695312 37.979446411 30.761594772
568.433105469 -0.409454346 -34.158309937 4601.877441406 42.228252411 32.154880524
523.387512207 -5.246917725 -40.001037598 5243.213867188 43.924636841 28.884565353
482.760589600 -10.006042480 -50.254776001 5870.363281250 48.669605255 24.357969284
446.317810059 -14.603668213 -69.854858398 6470.455566406 55.114315033 21.068700790
413.452819824 -19.136108398 -67.174453735 7045.146972656 59.706150055 18.903759003
383.608398438 -23.394515991 -59.688568115 7596.461425781 62.087173462 13.967199326
356.704071045 -27.587966919 -51.257339478 8123.760253906 60.313766479 9.788302422
332.420104980 -31.357696533 -43.064651489 8626.813476562 56.730487823 9.681285858
310.482757568 -34.535400391 -48.339569092 9106.551757812 52.670253754 11.940765381
290.719421387 -37.736633301 -53.981918335 9562.970703125 48.966026306 13.919683456
272.901580811 -41.005020142 -55.089599609 9999.292968750 47.868103027 15.658097267
256.307403564 -43.931823730 -57.885833740 10419.833984375 46.449291229 16.228694916
241.287551880 -46.853897095 -60.375747681 10823.805664062 43.215065002 16.266883850
227.506210327 -49.831649780 -60.865692139 11219.421875000 38.572502136 16.155626297
213.700119019 -53.198913574 -61.282745361 11625.677734375 36.048820496 15.425558090
199.882308960 -56.754287720 -62.771606445 12052.692382812 37.789962769 15.692028999
186.063781738 -60.306945801 -65.081497192 12503.009765625 42.624694824 17.206253052
172.245330811 -63.572891235 -68.068939209 12980.445312500 48.554542542 17.471612930
158.426849365 -66.057067871 -70.749176025 13490.997070312 54.327621460 14.924240112
144.608184814 -67.056182861 -71.379852295 14043.765625000 59.192363739 10.758584976
130.789566040 -66.727752686 -72.052886963 14651.500000000 60.401062012 6.946286678
116.971305847 -66.310012817 -79.833892822 15328.791015625 54.986110687 5.120899677
103.153244019 -65.641082764 -82.208679199 16078.551757812 40.306404114 6.538599968
90.315193176 -64.789016724 -85.682220459 16858.412109375 17.911682129 11.907256126
80.025154114 -64.933563232 -82.051330566 17600.044921875 10.299282074 19.000329971
71.646110535 -62.747268677 -83.634857178 18300.646484375 10.699097633 10.993803978
63.855079651 -62.197540283 -88.029220581 19012.130859375 0.217105284 2.457610607
56.554065704 -61.939926147 -92.404113770 19760.330078125 -7.399404049 5.000210285
49.792060852 -60.825912476 -92.216094971 20550.146484375 -11.623517990 5.835285187
43.520053864 -59.500289917 -92.675750732 21392.337890625 -15.139355659 2.449911833
37.640045166 -58.261077881 -92.903656006 22302.812500000 -17.162055969 -1.447279572
32.152030945 -56.914916992 -92.845245361 23297.552734375 -17.567609787 -2.296011686
27.056020737 -54.807296753 -92.936264038 24398.998046875 -15.929648399 -1.021589041
22.303007126 -51.980621338 -93.121871948 25660.357421875 -12.432513237 -2.870355129
