979.871154785 24.122802734 22.028106689 0.000000000 2.664573908 -1.935170531
976.951904297 24.198516846 21.887084961 29.522933960 4.326875210 -1.423469543
971.605163574 24.449920654 21.549407959 81.154159546 4.819413185 1.592720985
962.376037598 25.481933594 20.902679443 166.501693726 3.283782005 12.192650795
948.797668457 25.524627686 20.479034424 290.986755371 3.060863256 22.257465363
931.372680664 24.545837402 20.211883545 453.475219727 3.289443493 30.884387970
910.586181641 23.254638672 20.049468994 648.364196777 5.684742451 36.673633575
887.902343750 21.202239990 19.981903076 868.647888184 6.666200638 40.534030914
863.375549316 19.474029541 16.139831543 1114.043457031 8.947087288 45.622943878
836.068176270 17.537933350 14.234039307 1391.080200195 14.386253357 45.301280975
805.906188965 15.182647705 15.410430908 1705.249877930 21.023683548 34.834777832
772.916503906 13.045227051 13.312591553 2059.774169922 21.149177551 22.449825287
737.211303711 11.911285400 6.708007812 2458.320068359 21.948436737 14.087629318
698.822082520 9.777008057 0.237274170 2905.817626953 24.326271057 10.311420441
657.694702148 7.739715576 -6.193939209 3408.844238281 27.577314377 12.469363213
613.835449219 5.809417725 -65.068450928 3975.087158203 35.598201752 19.320543289
567.635681152 0.595153809 -32.763992310 4596.235839844 37.359615326 25.566307068
522.754516602 -4.785125732 -32.737670898 5237.809082031 41.541488647 23.883947372
482.256988525 -9.872833252 -37.525466919 5864.390625000 48.371391296 21.837825775
445.924194336 -14.400787354 -46.513381958 6463.689453125 53.748775482 19.261325836
413.149536133 -18.712356567 -53.208023071 7038.007812500 56.920307159 17.276838303
383.380157471 -22.806579590 -64.530303955 7589.460937500 58.827995300 15.569086075
356.536041260 -26.797607422 -65.985763550 8117.266601562 58.570556641 13.932748795
332.300689697 -30.742111206 -52.131683350 8620.909179688 55.375808716 12.741974831
310.403686523 -34.413406372 -57.705657959 9100.660156250 49.649406433 12.930898666
290.669982910 -37.785842896 -61.639556885 9556.579101562 42.174285889 13.976535797
272.871429443 -40.874588013 -65.193267822 9992.469726562 35.410736084 15.752078056
256.291015625 -43.949310303 -66.697418213 10412.788085938 30.717685699 17.468883514
241.279632568 -46.892517090 -64.797760010 10816.454101562 28.762905121 17.370855331
227.502624512 -49.871200562 -63.228683472 11211.825195312 29.361202240 15.841371536
213.698089600 -52.975036621 -63.524780273 11618.188476562 31.103538513 13.851582527
199.880523682 -56.137680054 -65.480590820 12046.000976562 32.276138306 12.722724915
186.062194824 -59.359573364 -67.945312500 12498.030273438 32.824844360 13.329976082
172.243911743 -62.512115479 -69.956085205 12977.815429688 36.027721405 14.151793480
158.425704956 -65.279953003 -71.634826660 13490.582031250 43.260356903 12.923409462
144.607498169 -67.385253906 -73.528961182 14043.834960938 49.561115265 10.485373497
130.789337158 -68.876220703 -75.974227905 14647.741210938 52.586612701 8.165015221
116.971229553 -69.516021729 -79.158050537 15316.220703125 51.246707916 8.057895660
103.153152466 -68.389923096 -83.523544312 16055.207031250 41.253097534 11.594676018
90.315116882 -65.765075684 -87.888092041 16828.171875000 24.278987885 19.619729996
80.025108337 -63.432556152 -89.731216431 17570.666015625 12.159390450 26.023246765
71.646095276 -62.076492310 -88.958221436 18274.984375000 8.201283455 13.782669067
63.855079651 -61.075485229 -90.727508545 18989.429687500 -1.749991298 2.243008852
56.554073334 -61.779403687 -93.751159668 19739.843750000 -7.646294117 1.790433645
49.792060852 -61.119247437 -91.818893433 20529.558593750 -9.602588654 2.015269279
43.520050049 -59.838195801 -92.514602661 21370.546875000 -12.213213921 0.200270057
37.640041351 -58.861846924 -92.971679688 22279.019531250 -15.212747574 -0.095884740
32.152030945 -56.837066650 -92.847686768 23272.630859375 -16.466077805 0.143086985
27.056020737 -54.386703491 -92.906066895 24375.462890625 -15.656260490 -2.565989017
22.303007126 -52.388687134 -93.128265381 25636.855468750 -11.778758049 -4.141321182
