973.598266602 24.869995117 22.058715820 0.000000000 3.019067526 -6.601992607
970.703613281 25.001464844 21.880035400 29.599426270 3.183699369 -4.842882633
965.390258789 24.886474609 21.732421875 81.290069580 2.631023884 -1.823655486
956.227111816 25.002624512 21.449981689 166.612335205 1.675719023 5.179249763
942.739196777 24.971679688 21.309234619 290.885803223 1.157201529 14.612742424
925.430236816 24.234588623 21.321166992 453.143127441 1.905982494 22.894681931
904.802124023 22.676055908 21.020812988 647.648437500 3.066027880 29.292860031
882.302001953 20.697235107 20.876068115 867.352111816 3.868453979 34.692592621
857.952209473 18.973358154 19.207031250 1112.315917969 8.198521614 37.553989410
830.847961426 17.050506592 17.320098877 1388.886718750 13.645685196 34.640522003
800.987365723 15.140289307 15.406463623 1701.915283203 15.052059174 28.829523087
768.381408691 12.715576172 13.000213623 2054.256103516 15.917859077 23.684516907
733.077941895 10.076232910 8.793945312 2449.226562500 19.543302536 21.140239716
695.100341797 7.782867432 1.523559570 2891.497802734 24.985961914 20.210794449
654.430114746 5.575836182 -4.741546631 3388.045166016 33.066593170 22.331912994
611.049560547 3.627685547 -25.599624634 3946.606445312 40.530738831 24.565591812
565.353088379 -0.534454346 -40.078125000 4560.096191406 41.620800018 24.743974686
520.953491211 -5.371917725 -38.111694336 5195.182617188 42.588245392 23.417503357
480.861358643 -10.318542480 -43.248199463 5816.300781250 47.211723328 23.507537842
444.856994629 -15.166168213 -50.321960449 6410.361816406 51.712589264 23.134035110
412.347198486 -19.823608398 -53.746505737 6979.146972656 54.482067108 21.455053329
382.789215088 -24.144515991 -54.227020264 7524.930175781 56.741603851 19.677242279
356.112030029 -28.087966919 -53.037948608 8047.479003906 58.126941681 17.442190170
332.004913330 -31.670196533 -52.416931152 8546.657226562 57.216449738 15.391328812
310.206146240 -35.035400391 -53.669586182 9023.051757812 53.277706146 15.099512100
290.544372559 -38.236633301 -56.316848755 9476.501953125 48.237083435 17.564392090
272.797424316 -41.442520142 -59.034805298 9910.355468750 44.587867737 20.396219254
256.252685547 -44.619323730 -61.214691162 10328.740234375 41.711170197 20.602346420
241.263885498 -47.666397095 -62.520797729 10730.586914062 38.719924927 20.640533447
227.498413086 -50.769149780 -63.074554443 11124.171875000 36.750148773 22.594610214
213.697799683 -54.198913574 -63.766052246 11528.427734375 38.600116730 25.873722076
199.880493164 -57.754287720 -65.406082153 11953.411132812 43.621498108 28.812978745
186.062149048 -60.994445801 -67.821777344 12401.947265625 48.820697784 27.897397995
172.243865967 -63.572891235 -70.090911865 12878.726562500 52.077758789 24.396558762
158.425628662 -65.369567871 -71.915740967 13390.215820312 53.963150024 21.727695465
144.607467651 -66.431182861 -74.054199219 13944.703125000 56.519577026 19.748865128
130.789306641 -66.790252686 -76.869628906 14553.125000000 56.877845764 16.058057785
116.971229553 -66.622512817 -80.420867920 15229.697265625 50.855442047 12.045845985
103.153167725 -65.891082764 -85.011581421 15978.426757812 36.175735474 10.183308601
90.315139771 -64.851516724 -88.924652100 16757.818359375 18.154661179 8.627017975
80.025123596 -63.996063232 -90.239349365 17501.044921875 8.476927757 15.112640381
71.646110535 -62.059768677 -89.181091309 18204.396484375 6.932898521 14.760003090
63.855098724 -60.197540283 -89.329910278 18920.412109375 -1.483758569 5.494867325
56.554080963 -61.252426147 -90.432464600 19673.361328125 -8.128345490 1.234011650
49.792068481 -60.450912476 -91.657333374 20465.333984375 -9.922654152 3.041008949
43.520057678 -58.812789917 -92.524078369 21309.712890625 -13.195511818 -0.101384021
37.640045166 -57.886077881 -92.878417969 22222.375000000 -15.825661659 -0.718337953
32.152034760 -56.414916992 -92.881500244 23219.083984375 -16.352706909 0.133793905
27.056020737 -54.369796753 -92.912170410 24322.904296875 -15.200707436 -2.115001678
22.303007126 -52.105621338 -93.052581787 25585.013671875 -13.404436111 -6.272082806
