976.615173340 21.935302734 21.440185547 0.000000000 -9.848924637 11.914721489
973.711853027 21.886016846 21.492218018 29.241699219 -13.289215088 15.220698357
968.397216797 22.074920654 21.525085449 80.341674805 -16.562875748 19.330301285
959.216003418 22.794433594 21.374298096 164.814208984 -17.612545013 27.135955811
945.709594727 23.024627686 21.099670410 288.049255371 -14.676717758 36.593318939
928.372680664 22.420837402 20.896820068 449.006469727 -11.775350571 43.762355804
907.698181152 21.317138672 21.095764160 642.176696777 -8.408129692 48.822658539
885.158264160 19.827239990 19.978790283 860.647888184 -2.081099272 52.804546356
860.783569336 18.474029541 18.632110596 1104.449707031 5.059398174 53.033851624
833.644226074 17.475433350 15.221710205 1380.111572266 8.433230400 49.188968658
803.762207031 15.995147705 13.989318848 1692.781250000 8.267204285 44.311019897
771.108520508 14.607727051 13.243438721 2046.242919922 7.420776367 39.579956055
735.675292969 13.223785400 12.438903809 2445.257568359 11.986234665 35.226936340
697.458129883 11.714508057 11.240447998 2895.411376953 26.877565384 28.777942657
656.486694336 8.302215576 6.990234375 3401.531738281 37.539516449 28.020118713
612.783447266 2.559417725 0.374267578 3965.868408203 37.785026550 32.441493988
566.759704590 -0.904846191 -4.859008789 4582.298339844 37.724082947 34.921058655
522.084533691 -4.910125732 -9.272247314 5221.465332031 40.448074341 33.117210388
481.781768799 -8.747833252 -12.355621338 5848.203125000 46.306056976 28.398300171
445.597778320 -12.588287354 -14.893035889 6449.845703125 53.262813568 21.326660156
412.943176270 -17.024871826 -18.905212402 7027.226562500 58.013721466 13.996601105
383.256134033 -22.056579590 -24.433380127 7580.523437500 60.407371521 8.036688805
356.478424072 -27.110107422 -29.932434082 8107.954101562 61.850791931 4.213526726
332.310302734 -31.617111206 -34.788436890 8609.315429688 62.057773590 4.116165161
310.462493896 -35.100906372 -38.486221313 9086.503906250 59.247138977 6.734894753
290.759399414 -38.035842896 -41.592132568 9540.797851562 54.687782288 7.051589489
272.973266602 -40.812088013 -44.523452759 9976.157226562 50.475532532 2.874108076
256.387725830 -43.511810303 -47.315963745 10396.913085938 47.604835510 -2.941482544
241.359939575 -46.267517090 -50.168670654 10801.891601562 45.650054932 -6.562729359
227.561462402 -49.121200562 -53.127319336 11198.981445312 42.846622467 -8.456684113
213.736053467 -52.225036621 -56.674118042 11607.188476562 37.178054810 -4.979410648
199.902893066 -55.762680054 -60.294738770 12036.500976562 33.248062134 2.031580925
186.073638916 -59.922073364 -64.388641357 12488.592773438 33.310802460 8.227384567
172.248123169 -64.387115479 -68.653488159 12965.752929688 34.812820435 14.030303001
158.426742554 -68.592453003 -72.807189941 13472.238281250 38.643726349 20.212825775
144.607864380 -70.572753906 -74.821472168 14016.866210938 47.495780945 23.363342285
130.789642334 -70.001220703 -74.619964600 14614.553710938 57.324733734 22.136398315
116.971473694 -68.016021729 -76.526840210 15283.845703125 54.162475586 15.711783409
103.153289795 -65.889923096 -74.012664795 16030.238281250 39.552234650 10.744244576
90.315155029 -62.952575684 -84.103195190 16813.203125000 19.054904938 16.460983276
80.025138855 -62.370056152 -87.713928223 17562.728515625 8.028720856 14.117199898
71.646110535 -61.076492310 -84.635833740 18270.421875000 -0.910487473 2.241092920
63.855083466 -61.950485229 -89.487274170 18985.023437500 -5.394699574 2.364499092
56.554073334 -61.466903687 -93.667846680 19734.531250000 -4.973508358 3.855768442
49.792060852 -59.994247437 -91.941131592 20526.964843750 -7.415763855 2.258249760
43.520053864 -59.150695801 -92.573135376 21371.578125000 -14.278548241 0.686231136
37.640045166 -58.674346924 -92.906311035 22281.988281250 -17.521062851 0.390076369
32.152030945 -57.399566650 -93.099182129 23274.599609375 -16.101606369 -0.585854709
27.056020737 -55.449203491 -93.287628174 24373.150390625 -14.319867134 -3.173440456
22.303007126 -52.826187134 -93.288375854 25630.386718750 -15.058995247 -4.627282619
