965.433654785 28.635009766 21.761871338 0.000000000 -2.933933735 4.554623127
962.557128906 28.494628906 21.256439209 29.940399170 -3.537492275 6.548558712
957.295654297 28.128723145 20.807983398 82.199707031 -3.614432096 8.282201767
948.210998535 27.443267822 20.162445068 168.148468018 -3.028477430 11.090155602
934.860229492 26.297576904 19.548828125 292.847381592 -2.295557499 13.854177475
917.745239258 24.766418457 19.082397461 454.961761475 -1.506141305 16.331258774
897.359924316 22.789367676 18.965362549 648.729003906 -0.997790039 18.054798126
875.136230469 20.849304199 18.493865967 867.284301758 0.127288952 20.464370728
851.113281250 18.900787354 16.849151611 1110.639282227 3.513274193 23.016931534
824.386535645 17.113189697 14.060089111 1385.069580078 7.026337147 22.525123596
794.962158203 14.665039062 12.388854980 1695.186523438 10.004431725 21.149456024
762.851074219 11.653289795 9.552368164 2043.312011719 12.082757950 22.609508514
728.109313965 9.520812988 2.785675049 2432.933593750 13.972364426 24.180618286
690.747802734 7.380401611 -7.280761719 2869.344970703 20.390190125 26.273092270
650.719970703 4.220367432 -12.827514648 3358.840820312 28.170658112 28.684741974
607.947082520 1.370330811 -21.855163574 3908.693847656 35.796585083 29.523817062
562.814636230 -2.456939697 -29.014068604 4512.966796875 40.545764923 27.741085052
518.936462402 -6.834442139 -29.840057373 5139.503417969 43.636581421 25.935268402
479.284973145 -11.327239990 -36.570907593 5753.215332031 50.285881042 26.472259521
443.644958496 -15.947387695 -44.978576660 6341.003906250 58.054809570 26.482892990
411.434844971 -20.559432983 -47.780578613 6904.312011719 62.733104706 26.580417633
382.117370605 -24.695892334 -48.501571655 7445.417480469 62.787143707 26.866880417
355.628448486 -28.229827881 -49.346755981 7964.354003906 59.208225250 27.251068115
331.668090820 -31.607772827 -50.629150391 8461.028320312 54.706707001 27.547098160
309.980651855 -35.067840576 -52.627548218 8935.477539062 51.425979614 27.742345810
290.401153564 -38.400466919 -55.372299194 9387.120117188 49.387519836 27.992429733
272.713134766 -41.570922852 -58.487762451 9819.401367188 47.204978943 27.830972672
256.209442139 -44.710189819 -60.392684937 10236.588867188 44.178615570 26.807811737
241.246322632 -47.796539307 -60.194366455 10637.627929688 41.889228821 24.804363251
227.493865967 -50.932998657 -60.252273560 11030.571289062 42.516124725 23.280456543
213.697540283 -53.935989380 -62.052246094 11434.790039062 45.705326080 23.026649475
199.880432129 -56.675170898 -65.150146484 11861.071289062 49.537971497 23.745002747
186.062103271 -59.075561523 -68.024276733 12312.780273438 53.117382050 24.717613220
172.243835449 -61.106842041 -70.257019043 12794.520507812 56.175144196 25.293750763
158.425613403 -62.841644287 -72.415771484 13312.143554688 58.528053284 24.154067993
144.607437134 -64.343917847 -74.564971924 13872.870117188 59.170658112 20.929607391
130.789306641 -65.594894409 -77.057006836 14486.118164062 57.656314850 16.999771118
116.971221924 -66.711105347 -80.409317017 15164.366210938 52.829826355 14.563535690
103.153167725 -66.971725464 -85.053054810 15910.916015625 40.961334229 14.405652046
90.315139771 -65.510360718 -90.012237549 16687.083984375 23.001445770 13.292388916
80.025123596 -63.293670654 -90.795745850 17430.263671875 5.623960018 10.839273453
71.646110535 -63.308547974 -89.531646729 18132.671875000 2.760767221 14.320911407
63.855098724 -61.910934448 -89.329589844 18843.632812500 2.083739281 10.387229919
56.554080963 -60.572998047 -90.325622559 19594.851562500 -5.882887363 6.599697590
49.792068481 -60.066040039 -91.479675293 20388.703125000 -9.974567413 4.289433002
43.520057678 -59.258178711 -92.182617188 21232.882812500 -13.294950485 0.704643071
37.640045166 -57.737411499 -92.598358154 22145.076171875 -13.718160629 -0.712118506
32.152034760 -55.161834717 -92.704711914 23145.126953125 -13.851822853 -1.300042033
27.056020737 -53.097656250 -92.804611206 24255.355468750 -14.046460152 -1.835130453
22.303007126 -51.554214478 -93.008895874 25522.744140625 -9.980266571 -0.758578300
