978.577636719 23.135009766 21.829193115 0.000000000 -1.719031096 7.834860325
975.669128418 23.182128906 21.817169189 29.346649170 -1.107686758 12.744563103
970.335632324 23.316223145 21.887664795 80.668457031 -0.577175200 16.543540955
961.138977051 23.193267822 21.613342285 165.367218018 0.737721264 19.230003357
947.604248047 22.735076904 21.171661377 288.597381592 4.264917374 21.143594742
930.241271973 21.828918457 20.689605713 449.243011475 8.699042320 21.798320770
909.543884277 20.414367676 20.083160400 641.729003906 11.880179405 21.820997238
886.968261719 19.599304199 19.688873291 859.659301758 13.612709999 20.828842163
862.529296875 18.963287354 19.133880615 1103.764282227 13.961438179 22.166500092
835.282592773 18.113189697 18.077270508 1380.850830078 14.072772980 27.627716064
805.234191895 17.165039062 17.380920410 1696.124023438 14.864043236 34.391895294
772.387084961 15.715789795 15.918426514 2052.843261719 14.998524666 38.889205933
736.781311035 12.520812988 12.737976074 2453.464843750 11.785539627 37.544548035
698.455871582 8.755401611 8.987915039 2901.157470703 13.100772858 33.926979065
657.380004883 5.470367432 5.738952637 3402.465820312 27.198736191 28.684741974
613.519042969 1.682830811 1.890106201 3964.381347656 36.647018433 23.449302673
567.314636230 -2.956939697 -2.729156494 4579.373046875 39.573841095 22.638494492
522.492431641 -7.459442139 -7.742584229 5214.972167969 39.870380402 26.178247452
482.054565430 -12.014739990 -13.292938232 5836.496582031 41.417091370 28.416103363
445.755340576 -16.384887695 -18.181518555 6431.441406250 43.961936951 28.669717789
413.023620605 -20.621932983 -22.855392456 7001.374511719 46.574897766 31.197048187
383.306182861 -24.570892334 -27.120819092 7548.417480469 48.937255859 35.857162476
356.511627197 -28.292327881 -33.356033325 8072.260253906 49.974964142 40.250526428
332.315307617 -31.607772827 -35.958007812 8572.903320312 48.389213562 42.854873657
310.445068359 -34.630340576 -38.299667358 9051.071289062 44.622524261 44.629493713
290.727416992 -38.025466919 -42.110900879 9506.213867188 41.976612091 44.879577637
272.937316895 -41.258422852 -46.045837402 9941.338867188 41.494937897 43.746200562
256.358703613 -44.335189819 -49.519882202 10360.838867188 41.870300293 42.115585327
241.343887329 -47.109039307 -52.457305908 10764.065429688 43.347114563 39.140216827
227.558746338 -49.995498657 -54.725311279 11159.258789062 46.039340973 35.307994843
213.744003296 -53.185989380 -57.317535400 11565.477539062 49.471523285 31.895439148
199.917953491 -56.675170898 -60.885070801 11992.696289062 51.603305817 30.669948578
186.093276978 -60.388061523 -64.623626709 12443.124023438 51.416519165 31.521068573
172.269836426 -63.919342041 -68.154571533 12920.239257812 52.408946991 31.246774673
158.446807861 -66.466644287 -70.720214844 13429.987304688 55.733776093 29.742620468
144.623443604 -67.281417847 -72.635620117 13982.088867188 58.198738098 28.583494186
130.799621582 -66.407394409 -76.414474487 14590.180664062 60.936553955 24.653657913
116.974899292 -65.461105347 -81.498992920 15269.553710938 56.231552124 16.750360489
103.153213501 -64.659225464 -86.606323242 16022.791015625 37.073646545 10.882433891
90.315177917 -62.885360718 -82.838729858 16808.333984375 22.029521942 11.470034599
80.025138855 -60.293670654 -84.025512695 17561.482421875 11.091022491 14.848452568
71.646102905 -61.996047974 -87.550506592 18271.203125000 4.461631298 15.292833328
63.855087280 -61.973434448 -89.676666260 18984.257812500 -0.832027495 9.172327042
56.554073334 -61.447998047 -90.812728882 19733.695312500 -7.948221684 4.534362793
49.792060852 -61.128540039 -92.046127319 20523.984375000 -8.638174057 2.831549644
43.520053864 -59.320678711 -92.663269043 21366.101562500 -10.865145683 -0.388769448
37.640045166 -58.237411499 -92.825027466 22277.044921875 -15.904986382 -3.749375343
32.152030945 -57.536834717 -92.990158081 23270.314453125 -16.889080048 -3.122396231
27.056020737 -55.410156250 -93.091094971 24368.636718750 -16.597757339 -2.321091652
22.303007126 -52.554214478 -93.219299316 25626.712890625 -14.110935211 -1.973481059
