975.310363770 27.697052002 22.241516113 0.000000000 2.768084049 3.856196642
972.405761719 27.452880859 21.920684814 29.879852295 3.405509472 6.904906273
967.079528809 27.057281494 21.880767822 82.033508301 3.161698341 9.300639153
957.887573242 26.448303223 21.673095703 167.896575928 3.212718487 12.953129768
944.372131348 25.633422852 20.971282959 292.659637451 5.301793098 17.930442810
927.038208008 24.528625488 20.124298096 455.078582764 8.479775429 22.176116943
906.386901855 23.071655273 19.164215088 649.575073242 12.280981064 26.010776520
883.836547852 20.858215332 21.050537109 869.369384766 15.761042595 30.351310730
859.458435059 19.984741211 15.364196777 1114.383666992 17.735126495 34.781677246
832.364624023 18.536102295 12.436309814 1390.979492188 17.519847870 37.724132538
802.522644043 16.505950928 9.993164062 1703.961181641 16.415721893 37.525619507
769.952209473 14.288726807 6.533477783 2056.419189453 15.458592415 33.416618347
734.628967285 12.138885498 5.091613770 2452.628173828 15.025338173 30.105537415
696.559753418 10.238922119 -0.192138672 2898.006347656 22.790727615 31.609758377
655.781433105 7.493682861 -9.218536377 3398.486083984 30.555294037 35.205493927
612.244995117 2.808380127 -16.165740967 3958.896972656 32.454463959 35.466480255
566.329284668 -2.539672852 -18.195800781 4571.290527344 32.552238464 34.915138245
521.713378906 -7.267852783 -17.822784424 5204.322753906 36.572319031 38.576530457
481.436096191 -12.088348389 -20.992935181 5823.534667969 40.141407013 39.773170471
445.288269043 -16.707061768 -26.795379639 6415.846191406 43.923938751 36.701770782
412.671569824 -20.897445679 -30.852203369 6983.346191406 48.459613800 35.075431824
383.027191162 -24.741485596 -32.622146606 7528.673339844 50.979408264 34.931434631
356.281280518 -28.257949829 -33.442489624 8051.604980469 49.757705688 35.150997162
332.121704102 -31.377914429 -36.698028564 8552.002929688 46.359153748 35.919010162
310.283782959 -34.495544434 -39.986389160 9030.061523438 42.111568451 37.382255554
290.593841553 -37.850616455 -43.431015015 9485.058593750 38.377201080 38.382949829
272.827056885 -41.163406372 -46.858886719 9920.070312500 35.778812408 38.028236389
256.268585205 -44.351699829 -50.109313965 10339.320312500 33.895668030 35.799499512
241.271133423 -47.397064209 -53.235565186 10741.911132812 33.749515533 33.047550201
227.501129150 -50.360733032 -56.205856323 11136.263671875 36.322151184 30.574855804
213.698669434 -53.449615479 -57.964279175 11541.649414062 39.495410919 28.742773056
199.880905151 -56.888336182 -61.788482666 11968.269531250 40.845314026 27.959165573
186.062347412 -60.286361694 -64.997604370 12418.480468750 41.687858582 28.713193893
172.243957520 -63.420730591 -67.889495850 12896.183593750 45.388286591 30.362083435
158.425689697 -65.764541626 -70.757263184 13407.279296875 52.257247925 31.540727615
144.607467651 -66.953445435 -73.631042480 13960.554687500 58.623306274 30.915330887
130.789321899 -67.039672852 -77.825592041 14567.976562500 61.682426453 27.983339310
116.971252441 -66.037124634 -82.560821533 15245.294921875 57.438022614 19.623712540
103.153205872 -64.182586670 -87.945465088 15998.292968750 37.767833710 7.714317322
90.315185547 -63.885635376 -90.351287842 16782.722656250 11.611666679 6.648900986
80.025154114 -63.755569458 -82.578704834 17528.083984375 4.249822140 18.344297409
71.646110535 -63.458358765 -85.276550293 18229.455078125 6.027635098 18.967372894
63.855091095 -63.012695312 -89.368438721 18938.285156250 1.865213871 11.061779022
56.554080963 -62.576782227 -90.780105591 19683.876953125 -2.683078289 5.538818359
49.792068481 -60.626907349 -91.909454346 20472.982421875 -6.798413277 1.749729037
43.520057678 -59.275314331 -92.704177856 21316.072265625 -11.518822670 -0.841724694
37.640045166 -58.091522217 -92.861450195 22227.421875000 -14.885128021 -1.494258523
32.152034760 -56.546325684 -92.862213135 23223.373046875 -16.747272491 -1.548654318
27.056020737 -54.509445190 -92.918151855 24326.447265625 -14.963308334 0.349431008
22.303007126 -52.032592773 -93.062988281 25588.441406250 -10.487071037 1.158198953
