980.710937500 23.125854492 21.536987305 0.000000000 -5.769898415 -1.366339207
977.792907715 22.883850098 21.514068604 29.391906738 -7.226339340 -0.006273241
972.440185547 22.501281738 21.889373779 80.710418701 -7.851869106 -1.400408268
963.206176758 22.132202148 22.184814453 165.377929688 -8.388724327 -0.741261959
949.600097656 22.422332764 22.050842285 288.825256348 -5.764711380 5.506244183
932.125244141 22.603240967 21.958496094 450.352355957 -0.804973185 12.528818130
911.291870117 22.413391113 21.052978516 644.736083984 5.769601822 19.357185364
888.587585449 21.152313232 19.493896484 864.906860352 9.144827843 25.437679291
864.018615723 19.092681885 18.268798828 1110.527221680 10.707142830 30.690013885
836.623840332 16.733917236 16.793395996 1387.742065430 14.352670670 35.038585663
806.441467285 14.426666260 14.274932861 1701.203613281 17.085367203 31.357601166
773.482788086 12.161193848 11.027557373 2053.991210938 17.125324249 24.230421066
737.771850586 9.514556885 7.632019043 2449.859375000 18.759548187 22.297832489
699.327819824 7.499572754 1.197662354 2893.912109375 23.945211411 25.516746521
658.156005859 5.224884033 -7.927459717 3392.943847656 28.386766434 28.651781082
614.222167969 2.103485107 -17.361206055 3953.594726562 30.851737976 31.893655777
567.928649902 -2.276641846 -27.239212036 4568.470214844 34.528846741 33.922138214
522.995117188 -6.546875000 -34.731979370 5205.128417969 38.119266510 33.117580414
482.455505371 -11.099884033 -31.707611084 5828.632324219 40.890140533 30.674077988
446.077331543 -15.688262939 -31.104110718 6425.676757812 44.960647583 28.013622284
413.262725830 -19.851806641 -36.672180176 6997.926269531 50.416233063 26.305166245
383.462524414 -23.973617554 -40.614318848 7547.347167969 54.965141296 25.596557617
356.591003418 -28.056701660 -44.740478516 8073.089355469 56.848796844 26.935590744
332.334503174 -31.556991577 -49.579055786 8575.024414062 56.414379120 28.517959595
310.427154541 -34.062332153 -53.192367554 9054.559570312 53.096961975 29.511058807
290.685455322 -36.500274658 -56.403213501 9512.184570312 47.871929169 31.560688019
272.881347656 -39.747909546 -60.231140137 9950.491210938 42.773536682 31.375190735
256.296966553 -43.132369995 -60.699371338 10372.690429688 37.096958160 28.508867264
241.282989502 -46.294143677 -58.275131226 10777.731445312 32.539581299 25.850824356
227.504333496 -49.296035767 -58.185134888 11174.172851562 32.696590424 21.441905975
213.699020386 -52.437332153 -59.302001953 11581.542968750 33.620655060 16.664100647
199.881118774 -55.721954346 -61.589111328 12010.341796875 35.455768585 13.795107841
186.062545776 -59.021026611 -64.694259644 12463.077148438 39.677825928 14.274321556
172.244140625 -62.040191650 -67.414062500 12943.692382812 46.364459991 16.222747803
158.425842285 -64.642517090 -70.492645264 13457.819335938 53.862579346 17.331258774
144.607635498 -66.779098511 -73.375946045 14012.735351562 59.928146362 17.862569809
130.789489746 -68.039794922 -76.015060425 14618.780273438 61.925930023 18.563245773
116.971366882 -67.912002563 -79.973098755 15291.214843750 59.027969360 17.199111938
103.153251648 -65.690124512 -76.818435669 16038.113281250 42.807140350 11.087634087
90.315155029 -64.262527466 -83.518157959 16818.937500000 18.372144699 11.091608047
80.025123596 -63.926757812 -86.519012451 17563.320312500 11.408061981 18.750133514
71.646102905 -62.011032104 -87.724060059 18266.808593750 11.596930504 8.709071159
63.855087280 -60.808486938 -90.948699951 18981.837890625 -0.509900987 4.134167671
56.554073334 -60.071517944 -91.413131714 19735.812500000 -9.085628510 4.539484978
49.792060852 -59.556427002 -91.825469971 20531.542968750 -13.776907921 3.664916515
43.520053864 -58.945755005 -92.641479492 21377.320312500 -16.964403152 -0.015558898
37.640045166 -58.114669800 -92.881134033 22289.320312500 -17.948965073 -2.693468809
32.152030945 -56.831130981 -92.878845215 23284.554687500 -17.026372910 -1.167845130
27.056020737 -54.464645386 -92.944732666 24387.089843750 -14.692704201 1.047527432
22.303007126 -51.699707031 -93.134460449 25650.396484375 -10.121065140 0.499775589
