979.374938965 21.188354492 19.055877686 0.000000000 2.855911255 -8.777246475
976.464843750 20.821350098 18.843505859 29.048156738 4.558217525 -12.033810616
971.136169434 20.501281738 18.854187012 79.741668701 5.755042076 -14.885828972
961.942199707 20.382202148 18.997955322 163.440429688 6.919050694 -17.020959854
948.400085449 20.609832764 19.846405029 285.544006348 7.477728844 -12.717297554
930.997253418 20.478240967 20.559631348 445.352355957 7.091894627 -4.115349770
910.243896484 19.600891113 19.770324707 637.454833984 6.984504700 3.320468426
887.619506836 19.214813232 19.054382324 855.281860352 10.481220245 9.643942833
863.122680664 18.030181885 17.664672852 1099.058471680 10.950122833 15.625218391
835.823852539 16.108917236 16.134094238 1374.773315430 11.922864914 18.637397766
805.729431152 14.114166260 14.329193115 1687.047363281 13.076188087 16.292806625
772.858764648 11.911193848 12.140655518 2038.991088867 15.910421371 15.240140915
737.227905273 9.202056885 9.455963135 2434.234375000 18.881038666 18.774616241
698.819763184 7.062072754 6.664916992 2878.037109375 23.459251404 24.180355072
657.667968750 4.912384033 0.275573730 3377.131347656 29.358688354 26.221975327
613.798217773 2.603485107 -12.466857910 3938.157226562 33.767505646 27.277025223
567.616638184 -1.714141846 -21.082305908 4553.532714844 36.837162018 27.604642868
522.789123535 -6.234375000 -24.729080200 5190.347167969 40.670562744 28.379459381
482.338714600 -11.162384033 -25.824340820 5813.288574219 43.927394867 30.795568466
446.024536133 -15.875762939 -25.957595825 6409.333007812 45.932571411 32.994724274
413.240356445 -19.914306641 -27.702041626 6980.926269531 45.921092987 32.136699677
383.451354980 -23.348617554 -28.891647339 7530.972167969 40.386306763 30.820638657
356.589416504 -26.556701660 -32.558624268 8058.964355469 38.746746063 30.094337463
332.342895508 -29.681991577 -35.079910278 8564.305664062 38.798286438 29.975843430
310.438751221 -32.874832153 -37.629013062 9046.903320312 35.237888336 30.240001678
290.699035645 -36.375274658 -40.806228638 9505.840820312 32.078193665 30.588766098
272.895599365 -39.935409546 -44.271514893 9944.116210938 30.260036469 30.646247864
256.310150146 -43.507369995 -47.818969727 10365.815429688 29.078598022 30.331222534
241.293655396 -46.919143677 -51.245758057 10770.012695312 29.016363144 29.617021561
227.511444092 -50.233535767 -54.513275146 11165.204101562 29.902313232 28.609832764
213.701599121 -53.624832153 -57.912628174 11570.761718750 32.041282654 27.112264633
199.881164551 -57.034454346 -61.248062134 11997.154296875 35.820240021 26.065626144
186.062545776 -60.458526611 -64.705001831 12446.983398438 40.649745941 26.301858902
172.244094849 -63.540191650 -67.764160156 12924.348632812 47.093402863 28.250286102
158.425811768 -65.830017090 -70.066131592 13435.256835938 54.227046967 30.209228516
144.607574463 -67.216598511 -71.581924438 13988.141601562 60.657085419 30.133089066
130.789352417 -67.664794922 -75.137390137 14594.186523438 64.963188171 26.824584961
116.971252441 -67.037002563 -79.983978271 15268.683593750 62.186714172 19.142957687
103.153190613 -64.690124512 -86.167785645 16018.894531250 42.685649872 10.844653130
90.315177917 -62.637527466 -89.538055420 16804.593750000 16.792772293 13.035452843
80.025138855 -62.801757812 -83.331451416 17553.882812500 10.314649582 15.348406792
71.646102905 -61.823532104 -87.795806885 18259.589843750 8.681163788 5.914794445
63.855087280 -61.683486938 -89.949645996 18973.400390625 -0.752881587 3.283735514
56.554073334 -61.259017944 -90.482513428 19723.687500000 -5.076449394 4.660974979
49.792060852 -59.181427002 -91.992156982 20517.949218750 -8.431335449 1.964052677
43.520053864 -58.070755005 -92.825836182 21366.320312500 -15.992481232 -0.015558898
37.640045166 -57.864669800 -92.900985718 22280.726562500 -21.229202271 0.222297773
32.152030945 -56.831130981 -92.907775879 23276.523437500 -20.428100586 0.290038198
27.056020737 -54.214645386 -92.953155518 24379.777343750 -15.421646118 -0.531846225
22.303007126 -51.512207031 -93.194274902 25644.208984375 -11.457458496 -4.602816105
