979.129699707 22.885009766 21.233184814 0.000000000 0.467793912 1.638856292
976.221069336 23.244628906 21.152343750 29.284149170 -1.593647838 7.763461590
970.895629883 23.816223145 21.266601562 80.605957031 -3.128471136 12.655851364
961.707031250 24.068267822 21.018249512 165.335968018 -5.822753906 18.622552872
948.180236816 23.610076904 20.427917480 288.722381592 -9.099013329 23.937870026
930.833251953 22.391418457 19.960693359 449.430511475 -11.468343735 27.265382767
910.143920898 20.851867676 19.776306152 641.947753906 -12.539366722 30.082336426
887.584228516 19.224304199 19.353851318 859.534301758 -11.900248528 33.706809998
863.169311523 17.463287354 17.602355957 1102.201782227 -9.729166031 39.175136566
835.994506836 16.363189697 13.055267334 1376.225830078 -8.888889313 44.757843018
806.082214355 14.852539062 11.566986084 1686.749023438 -9.191031456 47.148376465
773.403137207 13.403289795 10.183135986 2037.624511719 -4.439919472 47.879486084
737.933288574 11.770812988 8.598480225 2433.277343750 2.795258999 46.291847229
699.699829102 9.317901611 6.155456543 2878.438720703 8.605632782 42.309806824
658.676025391 6.845367432 3.764984131 3379.715820312 14.077786446 43.628044128
614.767089844 3.432830811 3.525329590 3944.381347656 21.703714371 46.410964966
568.410644531 -0.894439697 -0.811340332 4564.591796875 28.882696152 47.179531097
523.416442871 -4.959442139 -4.849700928 5207.159667969 33.309906006 46.224143982
482.828979492 -8.389739990 -9.070617676 5837.559082031 38.015365601 42.265995026
446.409759521 -11.509887695 -12.919586182 6443.816406250 43.232994080 34.987213135
413.545227051 -14.559417725 -16.245208740 7027.968261719 48.518741608 26.944889069
383.682983398 -17.758392334 -19.758483887 7591.448730469 53.067928314 20.792366028
356.757995605 -21.167327881 -23.516311646 8132.447753906 56.656929016 18.868240356
332.460113525 -25.232772827 -27.948913574 8648.997070312 61.267181396 22.323015213
310.518463135 -30.630340576 -33.683654785 9139.040039062 67.341209412 28.714267731
290.763702393 -36.525466919 -39.976882935 9600.401367188 70.405334473 32.366081238
272.961944580 -41.570922852 -45.318542480 10036.963867188 67.615348816 31.111209869
256.378540039 -45.210189819 -49.068054199 10455.526367188 60.458312988 27.293771744
241.359771729 -48.234039307 -52.218231201 10857.065429688 54.281238556 23.589460373
227.570358276 -51.245498657 -55.308517456 11250.290039062 48.833618164 20.000217438
213.749145508 -54.498489380 -58.625854492 11654.383789062 43.275520325 16.101703644
199.913970947 -57.925170898 -62.103240967 12079.446289062 36.660003662 11.717464447
186.080551147 -61.513061523 -65.783355713 12527.686523438 28.333366394 8.437916756
172.251525879 -65.481842041 -69.738494873 13001.895507812 25.438106537 9.621504784
158.427764893 -68.154144287 -72.395324707 13507.706054688 36.781291962 19.415946960
144.608078003 -68.843917847 -73.074020386 14055.370117188 62.329406738 28.462003708
130.789886475 -69.469894409 -75.388793945 14656.336914062 72.113662720 23.195774078
116.971725464 -67.773605347 -75.296112061 15326.866210938 67.651634216 16.628870010
103.153434753 -64.034225464 -70.887741089 16077.103515625 42.783691406 10.882433891
90.315193176 -62.822860718 -78.435333252 16863.708984375 10.487946510 16.329645157
80.025131226 -64.356170654 -87.375396729 17610.076171875 9.025688171 17.642728806
71.646110535 -62.871047974 -87.172515869 18311.453125000 10.657635689 11.040673256
63.855087280 -61.785934448 -89.460723877 19023.382812500 3.177151680 3.948244810
56.554073334 -60.885498047 -90.893157959 19774.289062500 -5.396925926 1.497105956
49.792060852 -59.628540039 -92.137359619 20568.390625000 -10.339038849 1.009195566
43.520053864 -58.883178711 -92.739135742 21414.195312500 -13.659421921 -0.388769448
37.640045166 -57.612411499 -92.816925049 22327.419921875 -15.662005424 -0.226157367
32.152030945 -55.786834717 -92.781768799 23326.251953125 -15.917158127 0.522312164
27.056020737 -53.785156250 -92.892425537 24433.167968750 -14.410931587 0.108713925
22.303007126 -52.054214478 -93.147918701 25697.212890625 -11.316658974 -0.637088001
