965.094909668 27.563354492 22.724334717 0.000000000 -0.788796961 9.932256699
962.216857910 27.821350098 22.281097412 29.860656738 -1.759276986 16.273424149
956.952209473 27.688781738 21.898773193 82.054168701 -2.627787113 19.738899231
947.878173828 27.069702148 21.539733887 167.971679688 -3.893584013 23.192321777
934.528076172 25.922332764 21.235412598 292.637756348 -4.914279461 25.916610718
917.413269043 24.290740967 21.038269043 454.727355957 -5.178623199 27.836593628
897.027893066 22.475891113 20.613525391 648.454833984 -4.557071686 29.926839828
874.827575684 20.902313232 19.645263672 867.063110352 -2.639729261 32.605606079
850.826660156 19.342681885 18.367095947 1110.714721680 -0.105492033 34.334720612
824.111816406 17.483917236 17.220672607 1385.867065430 3.054074526 31.393877029
794.681457520 15.114166260 15.373229980 1696.953735352 7.001674175 26.133520126
762.578735352 12.973693848 13.240844727 2046.897338867 11.658261299 23.744461060
727.803894043 10.702056885 10.995788574 2439.828125000 14.750369072 27.278934479
690.327819824 8.624572754 8.944427490 2881.255859375 17.627717972 32.077220917
650.140014648 5.537384033 5.824066162 3377.037597656 23.284173965 33.632881165
607.274169922 3.228485107 -3.711242676 3933.250976562 30.487266541 32.622596741
562.204589844 -0.901641846 -39.902145386 4541.876464844 36.108219147 28.212093353
518.467102051 -5.921875000 -41.111145020 5170.034667969 38.605224609 25.949653625
478.927551270 -11.037384033 -44.348175049 5783.788574219 41.619079590 27.029369354
443.376556396 -15.750762939 -43.932708740 6371.083007812 44.110218048 28.013622284
411.232330322 -19.976806641 -47.228073120 6934.363769531 47.500465393 28.249010086
381.969757080 -24.036117554 -50.318756104 7475.940917969 51.320430756 27.783382416
355.524597168 -27.931701660 -52.029693604 7995.151855469 53.568557739 26.814100266
331.598083496 -31.556991577 -53.112091064 8491.618164062 54.227554321 25.602191925
309.936553955 -35.062332153 -53.911926270 8965.622070312 54.068881989 24.286977768
290.372314453 -38.500274658 -54.820617676 9416.809570312 53.460483551 23.420839310
272.693664551 -41.872909546 -56.186340332 9848.553710938 52.249774933 23.599813461
256.198974609 -45.069869995 -58.242828369 10265.034179688 50.946849823 24.985651016
241.241653442 -48.044143677 -60.753845215 10665.356445312 50.155670166 26.215293884
227.492279053 -50.796035767 -63.340637207 11058.110351562 50.312679291 26.301517487
213.697174072 -53.562332153 -65.525146484 11462.730468750 51.358234406 25.532890320
199.880294800 -56.409454346 -67.051834106 11889.654296875 53.314842224 24.243272781
186.061996460 -59.333526611 -68.459304810 12341.389648438 55.350070953 22.414169312
172.243743896 -62.227691650 -70.277404785 12821.473632812 56.691135406 20.474908829
158.425537109 -64.705017090 -72.712738037 13335.288085938 57.750267029 19.032121658
144.607391357 -66.466598511 -75.841201782 13890.579101562 57.012378693 17.862569809
130.789276123 -67.414794922 -79.298034668 14498.030273438 54.150554657 15.161518097
116.971221924 -67.662002563 -82.690093994 15171.871093750 47.364902496 10.274167061
103.153175354 -67.815124512 -86.217590332 15915.144531250 35.153251648 6.713984013
90.315155029 -66.450027466 -88.689239502 16687.812500000 18.007675171 7.568390369
80.025138855 -64.614257812 -89.576599121 17426.945312500 3.754174948 11.339227676
71.646125793 -63.761032104 -88.748413086 18126.464843750 1.634727955 14.054643631
63.855106354 -62.120986938 -88.827423096 18836.369140625 0.705001771 12.031035423
56.554088593 -61.446517944 -89.870498657 19585.625000000 -3.861546755 6.726309776
49.792068481 -60.868927002 -91.095703125 20376.417968750 -8.188355446 4.272367954
43.520057678 -59.383255005 -91.928955078 21218.914062500 -12.104792595 2.414246559
37.640048981 -57.489669800 -92.230102539 22131.382812500 -15.883629799 0.586768627
32.152034760 -55.706130981 -92.435699463 23130.679687500 -16.540410995 -0.438903451
27.056022644 -53.839645386 -92.555938721 24237.589843750 -12.870349884 -0.288865685
22.303007126 -51.324707031 -92.435974121 25503.583984375 -7.448279381 -1.808539629
