959.486938477 27.125854492 22.296752930 0.000000000 -5.526917934 11.754611015
956.624816895 27.321350098 21.916595459 29.829406738 -8.198261261 17.488327026
951.392211914 27.063781738 21.612396240 81.929168701 -9.188261986 20.103370667
942.366149902 26.569702148 21.265686035 167.659179688 -9.968097687 25.257658005
929.096069336 25.547332764 20.887207031 292.137756348 -9.773890495 30.047279358
912.085205078 24.040740967 20.667297363 453.946105957 -8.580350876 33.789615631
891.835876465 22.350891113 20.335906982 647.423583984 -4.557071686 37.216255188
869.787597656 20.902313232 19.409912109 865.719360352 1.490940213 39.044589996
845.954589844 19.280181885 18.149932861 1108.964721680 5.118589878 36.764526367
819.447814941 17.608917236 15.862274170 1383.335815430 7.306234360 30.907915115
790.305480957 15.551666260 12.237640381 1693.203735352 10.889363289 27.348423004
758.522827148 12.911193848 10.671051025 2041.116088867 15.181479454 23.501480103
724.155883789 10.702056885 1.595275879 2430.234375000 19.245508194 22.297832489
687.263732910 9.937072754 -19.383789062 2866.193359375 28.075881958 17.984350204
647.756042480 7.412384033 -24.847274780 3356.443847656 34.582771301 19.782991409
605.498229980 4.290985107 -29.064910889 3907.750976562 37.412212372 23.996788025
560.864624023 -0.714141846 -35.219253540 4512.407714844 37.444614410 24.081424713
517.429138184 -6.046875000 -34.870162964 5137.347167969 39.698638916 23.398357391
478.135498047 -11.349884033 -38.681686401 5747.913574219 43.684413910 23.506151199
442.774963379 -16.313262939 -42.990066528 6331.926757812 47.511943817 24.247425079
410.782745361 -20.664306641 -46.837493896 6891.926269531 50.537723541 25.576225281
381.637725830 -24.848617554 -49.655044556 7430.284667969 53.507259369 25.961027145
355.281402588 -28.806701660 -51.379943848 7946.401855469 55.755382538 25.234725952
331.421722412 -32.619491577 -52.244201660 8439.743164062 56.778850555 24.387289047
309.808959961 -36.187332153 -52.868560791 8910.684570312 56.863159180 23.315055847
290.285919189 -39.500274658 -53.818786621 9359.090820312 56.133270264 22.691898346
272.641723633 -42.622909546 -55.489044189 9788.459960938 54.679580688 23.113851547
256.172058105 -45.632369995 -58.215713501 10203.159179688 52.647712708 24.864160538
241.230514526 -48.356643677 -61.659469604 10602.325195312 50.884613037 27.065725327
227.489257812 -50.983535767 -65.008468628 10994.454101562 50.191188812 28.852813721
213.696914673 -53.624832153 -66.652801514 11398.761718750 51.722705841 29.663558960
199.880233765 -56.409454346 -67.251968384 11825.560546875 54.772724152 29.467353821
186.061950684 -59.021026611 -68.700790405 12277.577148438 57.293914795 28.488683701
172.243728638 -61.227691650 -71.013687134 12759.161132812 58.391998291 26.306442261
158.425552368 -62.955017090 -73.719741821 13276.413085938 58.357719421 22.555339813
144.607406616 -64.404098511 -76.415832520 13836.922851562 55.918968201 17.741081238
130.789291382 -65.789794922 -79.157180786 14449.811523438 50.991806030 12.731712341
116.971229553 -67.224502563 -82.008422852 15126.902343750 43.477214813 8.937773705
103.153182983 -68.565124512 -85.351699829 15869.582031250 34.059841156 7.321435452
90.315155029 -67.387527466 -88.788879395 16639.250000000 22.988775253 6.717958450
80.025138855 -63.426757812 -89.847122192 17378.664062500 3.268213749 10.124324799
71.646118164 -63.698532104 -88.903564453 18080.308593750 2.242179394 12.718250275
63.855102539 -61.995986938 -88.930847168 18790.556640625 0.947982311 8.993778229
56.554088593 -61.384017944 -90.033798218 19540.125000000 -3.254095316 6.240348816
49.792068481 -60.243927002 -91.256439209 20332.230468750 -8.188355446 3.664916515
43.520057678 -58.883255005 -91.962310791 21176.914062500 -12.955224037 2.171266079
37.640048981 -57.239669800 -92.247833252 22090.914062500 -15.883629799 1.194219947
32.152034760 -55.706130981 -92.516326904 23090.679687500 -17.026372910 0.654509008
27.056022644 -53.714645386 -92.724731445 24197.933593750 -13.477801323 0.440075994
22.303007126 -51.762207031 -92.915618896 25462.865234375 -7.205298901 -0.715127170
