959.585693359 28.010009766 22.892822266 0.000000000 -4.634797573 13.544903755
956.725158691 27.869628906 22.461578369 29.940399170 -6.696239471 19.183547974
951.487670898 27.378723145 22.172485352 82.168457031 -8.231062889 22.253583908
942.458984375 26.630767822 21.669830322 168.054718018 -9.345972061 25.547498703
929.180236816 25.547576904 20.967071533 292.597381592 -9.220502853 28.311521530
912.169189453 24.203918457 20.387817383 454.493011475 -7.823635578 30.424131393
891.911926270 22.601867676 20.123626709 648.072753906 -4.642498493 32.998104095
869.848266602 21.036804199 19.754425049 866.596801758 0.005798669 34.800224304
846.001342773 19.088287354 18.650573730 1110.045532227 3.877745152 34.437019348
819.474548340 17.238189697 16.347534180 1384.444580078 8.119750023 31.150932312
790.306274414 15.540039062 12.733001709 1694.311523438 13.892121315 27.466949463
758.547119141 13.528289795 6.179443359 2042.155761719 19.250684738 26.011236191
724.221313477 11.333312988 0.079132080 2431.589843750 23.327116013 24.059127808
687.287841797 9.630401611 -8.122283936 2868.251220703 28.408548355 21.170499802
647.700012207 7.532867432 -14.095550537 3359.559570312 30.357482910 20.666383743
605.399047852 4.182830811 -30.085357666 3911.693847656 35.310626984 22.720361710
560.754638672 -0.831939697 -33.414764404 4516.560546875 37.994468689 23.245944977
517.316467285 -5.709442139 -35.577667236 5142.003417969 43.272109985 21.197147369
478.032196045 -10.327239990 -40.001632690 5754.184082031 49.556938171 22.098609924
442.689758301 -15.259887695 -44.054412842 6340.378906250 53.438179016 23.567127228
410.719635010 -20.246932983 -46.393997192 6901.749511719 55.686668396 24.029121399
381.594177246 -24.820892334 -47.820251465 7440.354980469 57.320087433 24.437074661
355.257232666 -28.667327881 -48.926910400 7956.291503906 58.479282379 25.185733795
331.414886475 -32.170272827 -50.104965210 8449.965820312 59.201847076 25.603252411
309.816650391 -35.630340576 -51.632995605 8921.665039062 60.537750244 24.705089569
290.303100586 -39.087966919 -53.934478760 9370.838867188 61.658035278 23.011329651
272.658569336 -42.445922852 -57.138397217 9800.776367188 61.419342041 21.756458282
256.181121826 -45.585189819 -61.118820190 10215.838867188 59.243408203 21.583728790
241.233322144 -48.421539307 -64.971878052 10615.190429688 56.103591919 22.010087967
227.489303589 -51.057998657 -67.006347656 11007.258789062 52.964286804 22.308532715
213.696853638 -53.748489380 -67.115600586 11411.415039062 51.415370941 23.026649475
199.880187988 -56.425170898 -67.483779907 11838.071289062 52.210758209 25.081394196
186.061935425 -59.013061523 -68.957473755 12290.155273438 54.210796356 27.390399933
172.243698120 -61.481842041 -71.169021606 12771.489257812 55.567695618 27.723556519
158.425506592 -63.841644287 -73.659942627 13287.299804688 55.976757050 25.125989914
144.607376099 -65.531417847 -76.265747070 13845.026367188 55.890422821 20.686626434
130.789260864 -66.532394409 -79.320037842 14455.149414062 54.740550995 16.635299683
116.971221924 -67.273605347 -82.905975342 15131.022460938 50.035549164 14.685026169
103.153175354 -67.221725464 -86.659866333 15876.103515625 38.531532288 13.433729172
90.315155029 -65.822860718 -89.169464111 16651.115234375 19.356737137 8.797248840
80.025138855 -64.856170654 -89.871856689 17391.013671875 4.287567139 6.951584816
71.646118164 -64.683547974 -89.040496826 18088.578125000 1.788844943 10.190241814
63.855102539 -63.535934448 -88.952484131 18794.507812500 1.476287842 9.293817520
56.554088593 -61.635498047 -89.951538086 19540.914062500 -4.182023048 6.721188068
49.792068481 -60.253540039 -91.228424072 20332.484375000 -9.853076935 3.681981564
43.520057678 -59.070678711 -91.934570312 21176.757812500 -12.687499046 1.555075049
37.640048981 -57.174911499 -92.180236816 22090.638671875 -15.297534943 0.381294012
32.152034760 -55.286834717 -92.420440674 23091.595703125 -15.917158127 0.279331625
27.056022644 -53.222656250 -92.625732422 24201.042968750 -12.710067749 0.716165304
22.303007126 -50.866714478 -92.708007812 25470.150390625 -5.971086979 -0.151126891
