981.263122559 28.121826172 22.491119385 0.000000000 -3.421174049 7.435621738
978.340087891 28.071136475 22.116851807 29.913986206 -4.810315132 12.558322906
972.985473633 27.503051758 21.841461182 82.138641357 -6.015385151 15.382075310
963.745788574 26.719299316 21.453704834 168.087615967 -6.788136005 19.379657745
950.146423340 25.691650391 20.731140137 292.880706787 -6.362304211 24.448516846
932.700134277 24.310394287 20.048400879 455.294525146 -5.004229546 29.412849426
911.899536133 22.574310303 19.489410400 649.693359375 -3.296039343 32.745204926
889.204284668 20.697479248 18.685760498 869.236694336 -0.412784427 36.384449005
864.637573242 18.858917236 17.628570557 1114.202880859 4.600268841 39.921333313
837.255249023 16.936340332 15.980102539 1391.025024414 11.467535973 41.586994171
807.080932617 15.205291748 12.882232666 1704.466918945 18.543792725 40.077655792
774.157714844 13.913360596 8.189422607 2057.910156250 21.917186737 36.308303833
738.493652344 12.053039551 4.401428223 2455.565673828 21.538778305 34.117523193
700.071350098 10.140045166 -0.170928955 2902.774414062 23.506448746 37.533740997
658.868103027 6.969787598 -4.557037354 3405.594970703 26.997648239 42.825603485
614.861145020 2.942962646 -9.708892822 3969.618408203 30.032669067 45.125007629
568.459350586 -2.551391602 -11.235534668 4586.662597656 34.815898895 40.548046112
523.382690430 -8.559143066 -9.078063965 5223.174316406 40.294307709 35.200481415
482.701416016 -12.502380371 -13.840393066 5845.344238281 46.686649323 31.510087967
446.227935791 -16.961578369 -18.797973633 6441.262207031 49.315147400 30.731760025
413.359497070 -19.758285522 -23.453338623 7013.390136719 47.237583160 31.933471680
383.525115967 -23.423263550 -29.547836304 7564.316894531 46.615264893 34.842529297
356.636413574 -27.627944946 -32.659606934 8091.598144531 47.599636078 36.402198792
332.369262695 -31.620712280 -37.476699829 8594.200195312 49.090591431 37.210468292
310.450866699 -35.307327271 -41.686416626 9072.680664062 49.169570923 37.057441711
290.701507568 -38.216171265 -44.444732666 9527.702148438 45.326995850 37.354240417
272.891662598 -41.232437134 -46.233398438 9963.221679688 39.152999878 38.787712097
256.302795410 -44.588485718 -48.788314819 10382.924804688 34.548633575 38.017883301
241.285858154 -47.715866089 -52.254653931 10785.530273438 32.670066833 37.176082611
227.505767822 -50.874298096 -55.562805176 11179.387695312 33.982990265 36.317733765
213.699768066 -54.069305420 -58.219390869 11583.848632812 37.698181152 33.598114014
199.881439209 -57.390060425 -61.585662842 12009.381835938 41.712905884 29.797121048
186.062637329 -60.857147217 -65.092895508 12458.478515625 43.622650146 26.807678223
172.244079590 -63.837142944 -68.316009521 12935.042968750 45.184467316 27.533491135
158.425735474 -65.536270142 -69.799316406 13445.938476562 50.772331238 30.122322083
144.607467651 -66.488922119 -71.265167236 14000.129882812 58.416423798 28.757017136
130.789291382 -67.163803101 -75.320556641 14607.931640625 62.688499451 25.369400024
116.971191406 -67.057617188 -82.067565918 15283.285156250 60.012180328 17.190303802
103.153144836 -64.981445312 -88.287673950 16032.985351562 38.951969147 6.897880554
90.315139771 -63.327667236 -90.439208984 16816.898437500 13.451258659 8.637103081
80.025123596 -64.053039551 -89.976150513 17562.894531250 5.810441017 14.774712563
71.646110535 -63.572540283 -88.833526611 18263.738281250 6.669062614 16.452753067
63.855091095 -62.064636230 -89.350341797 18974.039062500 3.115264654 9.946490288
56.554080963 -61.572631836 -90.609466553 19723.089843750 -4.857204914 5.670364380
49.792068481 -61.235076904 -91.846771240 20512.906250000 -9.770881653 5.180722713
43.520057678 -59.895477295 -92.585266113 21353.560546875 -12.473308563 3.856508970
37.640045166 -58.040908813 -92.788970947 22263.679687500 -14.619168282 1.359684110
32.152034760 -56.282165527 -92.821762085 23260.328125000 -16.993055344 0.362950712
27.056020737 -54.250991821 -92.881851196 24364.761718750 -16.729564667 1.264304519
22.303007126 -52.079727173 -93.044036865 25627.357421875 -13.922433853 1.196247101
