969.833679199 21.197509766 17.128936768 0.000000000 -0.504128277 -12.818487167
966.965148926 21.432128906 16.872161865 29.034149170 -0.743215859 -13.861807823
961.695617676 22.128723145 16.841247559 79.855957031 -2.156548738 -12.249655724
952.602966309 23.130767822 17.668518066 164.023468018 -4.607851028 -6.039973736
939.204223633 24.110076904 19.347869873 287.253631592 -4.360892296 8.873076439
921.993286133 23.516418457 20.258941650 448.618011475 -1.384651065 23.863655090
901.471923828 21.726867676 20.109222412 642.104003906 0.581583560 30.689786911
879.096252441 19.724304199 19.518127441 860.471801758 3.286036253 34.557243347
854.913269043 17.650787354 17.518798828 1103.545532227 7.036492348 37.960235596
827.978576660 15.863189697 16.057739258 1377.819580078 11.035516739 40.019721985
798.322204590 14.352539062 13.204406738 1688.342773438 14.256591797 38.765544891
765.979064941 12.215789795 9.817840576 2037.937011719 16.334917068 38.281753540
730.957336426 10.333312988 4.700225830 2430.214843750 20.411348343 38.152000427
693.279846191 8.255401611 -2.637084961 2870.188720703 28.408548355 35.870822906
652.924011230 5.470367432 -11.668609619 3364.059570312 34.488151550 33.665843964
609.823059082 2.307830811 -19.813812256 3918.631347656 39.562786102 30.617229462
564.362609863 -1.956939697 -27.074432373 4527.091796875 44.433452606 26.526182175
520.186462402 -6.646942139 -32.117385864 5157.034667969 49.225131989 23.262481689
480.281768799 -11.264739990 -30.373825073 5773.559082031 53.323139191 22.949041367
444.422546387 -16.134887695 -28.391082764 6363.878906250 57.082885742 24.417558670
412.025238037 -20.621932983 -30.913879395 6929.499511719 61.032238007 23.907630920
382.557373047 -24.758392334 -32.682937622 7472.729980469 61.450756073 22.128759384
355.950042725 -28.354827881 -33.842712402 7993.416503906 57.750339508 22.877418518
331.898895264 -31.545272827 -38.131378174 8491.684570312 53.005844116 26.332195282
310.144836426 -34.567840576 -46.218353271 8967.883789062 50.332569122 29.443210602
290.518585205 -37.587966919 -52.969818115 9421.713867188 47.929634094 31.515647888
272.793304443 -40.633422852 -52.131393433 9856.463867188 43.803253174 32.569091797
256.257934570 -43.772689819 -50.041717529 10276.120117188 38.833042145 31.424442291
241.272201538 -46.984039307 -52.208312988 10679.284179688 35.936206818 28.692052841
227.505706787 -50.182998657 -56.474334717 11073.977539062 36.198631287 25.588771820
213.701324463 -53.310989380 -60.172271729 11479.665039062 38.780380249 22.783668518
199.881423950 -56.300170898 -63.076477051 11907.040039062 42.491535187 21.922647476
186.062988281 -59.075561523 -66.391769409 12359.186523438 45.827964783 22.166316986
172.244644165 -61.481842041 -69.461303711 12840.520507812 49.250198364 22.135004044
158.426406860 -63.591644287 -71.372894287 13356.674804688 53.668441772 20.995321274
144.608184814 -65.406417847 -73.226074219 13914.870117188 56.497871399 19.228742599
130.789993286 -66.844894409 -75.994659424 14524.680664062 57.048866272 18.214673996
116.971885681 -67.648605347 -79.855026245 15199.459960938 54.287708282 16.871850967
103.153694153 -67.534225464 -75.432647705 15943.291015625 43.998592377 12.583297729
90.315338135 -65.822860718 -71.483337402 16717.802734375 25.066780090 10.862583160
80.025115967 -62.481170654 -90.354370117 17461.794921875 7.446314335 16.184844971
71.646102905 -62.058547974 -90.878845215 18167.734375000 8.349320412 12.620047569
63.855087280 -60.785934448 -88.928634644 18882.726562500 1.233307242 4.798676968
56.554073334 -60.322998047 -90.733734131 19636.257812500 -7.583751202 3.319460154
49.792060852 -60.253540039 -91.982315063 20430.109375000 -11.918412209 3.074530363
43.520053864 -59.008178711 -92.663360596 21274.382812500 -13.051970482 2.526997328
37.640045166 -56.987411499 -92.800537109 22188.701171875 -15.054553986 0.016823186
32.152030945 -55.536834717 -92.927947998 23189.501953125 -16.767589569 -0.571100354
27.056020737 -54.222656250 -93.000457764 24295.824218750 -13.924970627 1.202126384
22.303007126 -52.116714478 -93.104324341 25558.369140625 -7.185989857 2.400168896
