974.387023926 24.493286133 20.794494629 0.000000000 -1.776988149 2.563567877
971.484375000 24.888427734 20.648773193 29.517028809 -2.893291235 11.284618378
966.179382324 24.785186768 20.414276123 81.099884033 -3.388988495 18.691202164
957.017272949 24.508026123 20.137969971 166.146545410 -3.055135012 29.234710693
943.539123535 23.928833008 19.940979004 289.814941406 -2.089348793 38.176712036
926.236816406 22.924957275 19.810516357 451.068908691 -0.511313617 43.651016235
905.619995117 21.718597412 19.264495850 644.311889648 4.249401093 47.084075928
883.147033691 20.409973145 17.655456543 862.754638672 13.879592896 49.371017456
858.855834961 19.139129639 15.264038086 1106.391235352 26.160007477 48.707050323
831.816894531 17.632720947 12.321014404 1381.608520508 33.529899597 44.240142822
802.059936523 16.743713379 7.163421631 1693.313598633 31.117372513 41.327602386
769.627807617 15.805816650 -0.508392334 2044.927978516 25.628976822 41.681411743
734.512756348 13.714324951 -6.526855469 2440.316650391 25.127487183 44.455001831
696.641662598 10.011169434 -4.897735596 2883.897460938 30.535444260 48.374717712
655.952514648 4.852447510 -4.350860596 3380.463623047 42.775005341 45.738323212
612.419616699 -0.417816162 -5.339294434 3935.262939453 50.887786865 36.499530792
566.478332520 -5.277557373 -7.596893311 4541.992187500 55.838447571 24.782173157
521.833190918 -9.246856689 -10.510711670 5170.408203125 55.819534302 14.605906487
481.540283203 -12.786682129 -14.711425781 5787.114257812 50.649208069 6.739773750
445.380981445 -17.072662354 -19.463729858 6378.653320312 46.075283051 4.729578495
412.753234863 -20.183746338 -22.764816284 6946.977539062 45.754692078 12.227339745
383.097961426 -22.384811401 -24.964630127 7496.049804688 48.988796234 20.584875107
356.341094971 -25.291168213 -27.981918335 8024.881835938 49.258472443 22.763233185
332.172698975 -28.946075439 -31.862533569 8531.064453125 48.811191559 22.020061493
310.326446533 -32.876846313 -36.079421997 9013.401367188 49.598834991 19.620998383
290.629577637 -36.815170288 -40.286132812 9471.077148438 50.114925385 16.516798019
272.858276367 -40.733383179 -44.417755127 9907.508789062 50.103088379 13.603944778
256.296539307 -44.694976807 -48.562362671 10326.819335938 50.575237274 10.946226120
241.295700073 -48.491180420 -52.451660156 10728.196289062 51.928478241 8.672109604
227.521255493 -51.747711182 -55.830551147 11120.422851562 52.920238495 5.681064606
213.713562012 -54.279479980 -58.394042969 11523.946289062 49.472488403 1.236866474
199.890716553 -56.440856934 -60.690780640 11950.403320312 42.907459259 1.074770689
186.068222046 -59.532745361 -63.812973022 12402.002929688 45.049777985 8.478017807
172.247482300 -63.465652466 -67.678665161 12880.524414062 50.120662689 15.924613953
158.428283691 -67.165527344 -71.407608032 13389.862304688 51.953018188 18.418701172
144.609603882 -68.434341431 -74.251586914 13939.276367188 59.631855011 13.808677673
130.790969849 -66.062896729 -71.861938477 14546.032226562 61.782798767 3.758294106
116.972167969 -62.982406616 -68.115631104 15230.147460938 45.803932190 5.795595646
103.153472900 -62.435775757 -69.114746094 15991.838867188 24.535371780 18.167341232
90.315193176 -64.020095825 -77.983734131 16779.367187500 23.497968674 18.559160233
80.025123596 -62.215560913 -88.711120605 17527.066406250 16.937582016 5.803987980
71.646110535 -61.704803467 -89.266891479 18233.955078125 3.891587496 2.898593187
63.855091095 -61.062332153 -89.732086182 18949.091796875 -0.472806573 5.887564182
56.554080963 -61.445800781 -91.194244385 19700.183593750 -1.954069972 6.335403919
49.792068481 -61.352691650 -92.078369141 20489.949218750 -5.141150475 4.722768784
43.520053864 -60.096969604 -92.502319336 21329.949218750 -9.803384781 2.501636267
37.640045166 -58.266662598 -92.855773926 22239.314453125 -12.497848511 -0.053734086
32.152030945 -56.403427124 -93.280075073 23235.292968750 -13.222115517 -3.345502138
27.056020737 -54.624465942 -93.670608521 24338.455078125 -15.738993645 -4.840431690
22.303007126 -52.968200684 -93.717926025 25597.367187500 -18.103794098 -4.073505878
