955.557189941 24.682952881 20.880737305 0.000000000 -0.392463118 13.689297676
952.718566895 25.031646729 20.646636963 29.545593262 -0.892134905 22.565803528
947.509704590 24.963409424 20.424011230 81.173522949 -1.020487905 26.423145294
938.523376465 24.692474365 20.191314697 166.263916016 -1.260398626 34.694061279
925.324951172 24.431701660 20.045501709 289.949462891 -0.689670861 41.774986267
908.397705078 23.729614258 20.114837646 451.232971191 3.628773212 48.979446411
888.242675781 22.521911621 19.839385986 644.379516602 10.924752235 50.197410583
866.308410645 20.843811035 18.869049072 862.395019531 18.198274612 45.347053528
842.609313965 19.035461426 17.786651611 1105.128784180 22.946994781 36.191333771
816.241394043 16.968536377 15.895202637 1378.556396484 25.487932205 25.912662506
787.283935547 14.819793701 10.530822754 1686.694824219 26.063550949 15.623328209
755.781616211 13.226715088 2.441711426 2032.139160156 26.263507843 6.280418396
721.742004395 12.495300293 -7.826629639 2419.778076172 24.364658356 8.068503380
685.130493164 11.105682373 -19.826675415 2855.607177734 23.489616394 15.002929688
645.865478516 7.996887207 -24.211563110 3345.576416016 25.177806854 17.734548569
603.861450195 3.549468994 -26.902389526 3894.854736328 26.902362823 17.855934143
559.497436523 -1.095886230 -37.793853760 4496.268554688 30.403556824 20.795770645
516.325988770 -6.136230469 -37.443756104 5118.355468750 36.264884949 25.980396271
477.258270264 -11.137115479 -35.180175781 5726.805664062 42.144420624 30.825050354
442.090515137 -15.552246094 -37.615692139 6309.769531250 43.567382812 34.460155487
410.260742188 -19.728958130 -42.067764282 6869.622070312 42.329868317 36.924709320
381.251556396 -23.983169556 -46.284713745 7408.034179688 42.243263245 35.397132874
355.006744385 -28.260391235 -50.200714111 7923.902343750 43.359153748 31.808622360
331.235748291 -32.313491821 -52.626449585 8416.699218750 45.519412994 28.976327896
309.692382812 -36.153991699 -53.482971191 8886.768554688 47.319274902 27.071931839
290.218994141 -39.557632446 -53.677764893 9334.193359375 47.961151123 26.197326660
272.606140137 -42.711547852 -53.202575684 9762.742187500 48.183101654 25.112873077
256.154388428 -45.749404907 -53.516677856 10176.813476562 49.942855835 22.897388458
241.223709106 -48.513549805 -55.629531860 10575.492187500 54.516723633 20.155803680
227.487869263 -50.880004883 -59.129821777 10967.423828125 58.713363647 17.358798981
213.697204590 -52.880767822 -62.800445557 11372.515625000 60.424316406 13.711627960
199.880508423 -55.080871582 -64.959915161 11801.451171875 59.130527496 9.722187996
186.062103271 -57.707031250 -66.629180908 12256.302734375 57.629901886 8.027567863
172.243804932 -60.375259399 -69.218383789 12740.320312500 56.208499908 8.555854797
158.425582886 -62.489883423 -72.754821777 13259.170898438 53.000640869 9.759619713
144.607421875 -64.260604858 -76.203582764 13820.376953125 48.290199280 11.525959969
130.789306641 -66.134826660 -79.103729248 14432.855468750 44.352619171 14.157784462
116.971237183 -67.909835815 -81.471862793 15108.202148438 41.634822845 16.331180573
103.153182983 -68.229171753 -84.270004272 15850.238281250 35.431140900 15.636140823
90.315155029 -66.054779053 -86.953399658 16622.869140625 13.964294434 13.137678146
80.025131226 -66.371551514 -88.710693359 17359.775390625 3.663146257 19.694225311
71.646110535 -65.631439209 -88.769378662 18053.253906250 6.330906391 17.245126724
63.855098724 -62.977813721 -88.713897705 18758.701171875 4.158566952 9.552335739
56.554080963 -60.447875977 -90.138397217 19508.296875000 -6.847917080 -3.246374130
49.792068481 -62.022048950 -91.222442627 20298.626953125 -14.341550827 -2.033579111
43.520057678 -60.608032227 -92.048370361 21136.316406250 -17.475154877 3.306728125
37.640045166 -58.936187744 -92.465423584 22043.097656250 -18.779479980 3.478953123
32.152034760 -57.091583252 -92.659393311 23035.919921875 -16.581001282 2.823535681
27.056020737 -54.516586304 -92.779357910 24137.660156250 -14.186992645 0.096920088
22.303007126 -51.829284668 -92.939056396 25400.195312500 -15.484508514 -4.743374348
