980.417663574 23.760009766 20.764373779 0.000000000 0.103323095 9.535724640
977.501098633 23.994628906 20.769989014 29.377899170 0.957647979 15.417348862
972.167663574 24.503723145 21.206451416 80.855957031 1.488159537 20.431228638
962.947021484 24.693267822 21.450134277 165.960968018 3.046036482 27.248361588
949.380249023 23.985076904 21.263610840 289.816131592 5.601310730 32.077720642
931.969238281 22.703918457 20.684936523 451.118011475 8.699042320 32.853935242
911.215942383 21.164367676 20.274169922 644.354003906 11.151237488 31.175748825
888.576232910 19.536804199 19.425689697 862.753051758 11.911846161 29.819122314
864.057373047 19.025787354 19.201751709 1107.233032227 13.111005783 29.577405930
836.706542969 18.300689697 18.510559082 1385.007080078 15.530656815 28.599637985
806.538208008 17.102539062 17.356658936 1701.030273438 19.480674744 26.859498978
773.587097168 14.465789795 14.695098877 2057.343261719 23.259862900 25.282295227
737.885314941 11.145812988 11.386993408 2456.433593750 28.551197052 26.124462128
699.435852051 7.630401611 7.865661621 2902.719970703 30.230901718 24.086267471
658.207946777 4.657867432 4.912353516 3403.278320312 28.170658112 26.011955261
614.163024902 1.807830811 2.041351318 3966.068847656 28.628660202 31.953622818
567.782592773 -1.769439697 -5.600952148 4584.060546875 33.134857178 34.787521362
522.828430176 -6.521942139 -14.528503418 5222.972167969 37.076107025 34.075115204
482.321746826 -11.389739990 -23.945938110 5846.496582031 41.174110413 33.154224396
445.992156982 -15.884887695 -29.736557007 6442.535156250 46.270252228 32.557407379
413.214050293 -20.434432983 -31.446853638 7013.437011719 49.612152100 31.925989151
383.436553955 -24.758392334 -32.853759766 7561.104980469 48.451297760 32.455432892
356.582824707 -28.354827881 -36.655334473 8085.479003906 45.479824066 34.418994904
332.339691162 -31.107772827 -41.997924805 8587.372070312 43.529602051 36.051418304
310.436431885 -33.942840576 -45.020004272 9067.383789062 42.071228027 36.854118347
290.696380615 -37.150466919 -43.841674805 9524.557617188 39.911277771 37.954631805
272.892120361 -40.508422852 -44.131149292 9961.620117188 37.485755920 39.008079529
256.305755615 -43.772689819 -47.583236694 10382.620117188 35.795783997 38.349388123
241.288970947 -46.796539307 -50.947982788 10786.721679688 36.057697296 35.009548187
227.506759644 -49.682998657 -54.023391724 11182.446289062 37.899494171 31.420305252
213.699569702 -52.810989380 -59.009536743 11589.196289062 39.509323120 29.708614349
199.881713867 -56.050170898 -61.724777222 12017.321289062 39.575767517 30.548458099
186.063171387 -59.450561523 -64.799224854 12469.342773438 39.145999908 31.521068573
172.244766235 -62.794342041 -67.746459961 12948.739257812 42.811214447 30.882303238
158.426467896 -65.529144287 -69.760406494 13460.924804688 50.266712189 29.135168076
144.608215332 -67.281417847 -71.532897949 14014.057617188 55.647441864 27.490081787
130.789978027 -67.594894409 -72.843475342 14620.118164062 58.385257721 24.532167435
116.971824646 -66.961105347 -78.285430908 15294.928710938 57.203475952 18.086753845
103.153762817 -66.096725464 -86.421844482 16042.666015625 43.148162842 13.190749168
90.315650940 -64.760360718 -75.451782227 16821.802734375 22.636974335 17.423057556
80.025344849 -63.043670654 -68.386291504 17566.732421875 15.464673042 21.651908875
71.646110535 -61.496047974 -84.216445923 18272.671875000 12.722970009 11.162163734
63.855087280 -61.723434448 -90.996520996 18987.039062500 3.541622400 3.826754570
56.554073334 -61.447998047 -90.780303955 19736.945312500 -4.910964966 2.590518475
49.792060852 -60.878540039 -91.896835327 20527.671875000 -9.610096931 1.130685806
43.520053864 -59.070678711 -92.720031738 21370.664062500 -12.080047607 -1.725162506
37.640045166 -57.174911499 -92.847839355 22284.482421875 -16.026475906 -3.870865583
32.152030945 -55.849334717 -92.805389404 23284.189453125 -18.589944839 -1.664512873
27.056020737 -54.285156250 -92.944885254 24389.542968750 -18.055639267 1.080636144
22.303007126 -52.491714478 -93.207015991 25650.837890625 -14.596897125 2.400168896
