976.743774414 22.701293945 21.268890381 0.000000000 -0.915826380 2.730127573
973.835021973 23.026824951 21.168731689 29.320159912 -3.164086103 9.523653984
968.517517090 22.883941650 20.938140869 80.590820312 -4.653646946 14.692070007
959.337402344 22.616333008 20.622100830 165.113189697 -5.049432278 22.300966263
945.828369141 22.098937988 20.286773682 288.032989502 -3.072686672 31.577646255
928.489685059 21.381774902 19.833221436 448.318389893 0.894715369 40.529376984
907.829528809 20.263092041 19.460296631 640.585083008 5.112231255 46.580345154
885.289428711 19.254821777 18.884521484 858.257812500 9.469745636 48.284969330
860.908935547 18.120117188 17.322784424 1101.539062500 15.809775352 48.366973877
833.744201660 16.351715088 14.932739258 1376.526855469 21.117095947 46.557964325
803.851806641 15.465454102 10.836669922 1688.030761719 22.328332901 41.108116150
771.250488281 14.566436768 5.855865479 2039.768798828 28.243993759 41.588062286
735.922241211 11.944732666 2.586364746 2435.218994141 38.821498871 45.457027435
697.846008301 8.401580811 0.894866943 2878.442626953 44.107627869 45.370246887
656.947021484 4.679473877 0.701446533 3375.892822266 44.479484558 39.708667755
613.186645508 0.894805908 -0.222076416 3934.592529297 38.160156250 24.929843903
567.034790039 -3.179046631 -6.602966309 4547.533203125 35.077980042 12.467702866
522.253601074 -7.846588135 -10.099548340 5181.679687500 46.212955475 13.282140732
481.858673096 -12.732452393 -15.453765869 5801.266601562 49.437065125 12.860855103
445.626007080 -17.305801392 -20.890502930 6393.502441406 48.612548828 2.524601221
412.937377930 -19.959518433 -23.724319458 6962.479003906 50.733985901 -0.191956714
383.232849121 -22.168670654 -26.821014404 7512.601074219 45.542861938 2.835200787
356.438568115 -25.381835938 -29.037689209 8042.116699219 40.225681305 7.871849060
332.239074707 -29.444259644 -32.405624390 8548.170898438 37.107986450 13.754532814
310.369110107 -33.580245972 -36.844360352 9029.736328125 38.320266724 15.676710129
290.655242920 -37.470077515 -40.958862305 9486.468750000 41.638141632 14.417063713
272.871124268 -41.026031494 -44.732055664 9922.253906250 44.396999359 12.088801384
256.299255371 -44.487976074 -48.312927246 10341.792968750 45.974845886 9.683021545
241.291000366 -47.772338867 -51.749221802 10744.140625000 46.621463776 7.694893360
227.512496948 -50.903228760 -54.979751587 11137.824218750 47.224613190 6.220377922
213.703140259 -54.240951538 -58.382659912 11542.138671875 47.832134247 6.270118713
199.882278442 -56.828659058 -61.585693359 11968.205078125 50.941860199 9.824710846
186.063629150 -59.127044678 -63.650909424 12419.766601562 55.000423431 16.503591537
172.245162964 -62.510299683 -67.262634277 12899.773437500 57.345085144 21.666179657
158.426773071 -66.192306519 -70.617767334 13411.414062500 61.191154480 18.854810715
144.608459473 -68.168869019 -72.390182495 13962.488281250 65.016403198 12.480159760
130.790115356 -67.052597046 -71.270538330 14568.183593750 61.757442474 6.703469276
116.971740723 -64.492538452 -69.245391846 15248.088867188 49.956253052 7.371076107
103.153358459 -62.559036255 -71.156326294 16006.750000000 34.547660828 16.688302994
90.315155029 -63.771057129 -84.869995117 16794.375000000 26.997175217 18.734836578
80.025131226 -62.275253296 -86.521255493 17542.480468750 16.164068222 8.354688644
71.646110535 -62.474822998 -86.874557495 18248.105468750 2.666931868 5.233221054
63.855087280 -61.585281372 -90.284393311 18961.095703125 -1.059124708 6.595850945
56.554073334 -62.286682129 -91.213058472 19709.742187500 -2.037320137 3.036227226
49.792060852 -62.141143799 -91.899688721 20496.523437500 -7.087872028 -0.089818195
43.520050049 -60.863357544 -92.529602051 21333.535156250 -12.650056839 -1.946934700
37.640037537 -58.770019531 -92.892150879 22240.166015625 -16.838331223 -2.789777279
32.152027130 -57.016342163 -93.269409180 23233.359375000 -20.202425003 -3.638483286
27.056015015 -55.740875244 -93.714111328 24332.033203125 -20.263189316 -4.815344334
22.303005219 -53.986145020 -93.826049805 25584.802734375 -17.248764038 -4.315854073
