980.929687500 25.760009766 21.143371582 0.000000000 7.028268814 7.956350803
978.013122559 25.869628906 20.997344971 29.659149170 8.976006508 12.987543106
972.663574219 26.316223145 21.073303223 81.543457031 9.749498367 17.758443832
963.427001953 26.693267822 20.746215820 167.273468018 9.849492073 24.697065353
949.836242676 26.672576904 19.864257812 292.191131592 9.853469849 32.685169220
932.401245117 25.578918457 19.026916504 455.180511475 10.885867119 37.956527710
911.567993164 22.789367676 22.895019531 650.541503906 12.973591805 38.951126099
888.824218750 21.536804199 19.364624023 871.253051758 15.435064316 39.538345337
864.241333008 19.400787354 17.825286865 1117.170532227 18.213598251 39.904079437
836.858581543 17.925689697 14.893310547 1394.788330078 20.511758804 35.767562866
806.706237793 16.727539062 12.034179688 1709.499023438 20.088125229 24.429693222
773.795104980 15.403289795 7.982208252 2064.687011719 19.372175217 18.721818924
738.165283203 14.020812988 -0.176391602 2464.308593750 26.121391296 23.816146851
699.807800293 11.630401611 -7.335418701 2913.157470703 30.352392197 26.273092270
658.679992676 7.782867432 -12.496337891 3416.684570312 31.207914352 28.198780060
614.731079102 3.432830811 -21.042633057 3980.725097656 32.394859314 29.888288498
568.374633789 -1.706939697 -23.418838501 4597.966796875 33.013366699 28.227046967
523.352416992 -6.334442139 -25.781463623 5236.347167969 36.954616547 27.757621765
482.760162354 -10.764739990 -32.410583496 5861.027832031 44.454349518 27.201202393
446.368164062 -15.822387695 -35.666030884 6458.222656250 50.765392303 25.632461548
413.545227051 -20.746932983 -37.247467041 7029.249511719 53.621334076 24.393592834
383.690155029 -25.133392334 -38.563720703 7576.854980469 52.703456879 24.072605133
356.769226074 -28.854827881 -39.653808594 8101.041503906 49.731983185 24.578283310
332.507293701 -32.107772827 -39.997909546 8601.684570312 46.809837341 25.724742889
310.588836670 -35.192840576 -40.375656128 9079.602539062 45.472957611 26.770423889
290.828521729 -38.275466919 -41.852432251 9534.713867188 44.649398804 27.263488770
272.999633789 -41.383422852 -45.092590332 9970.245117188 42.709838867 26.980541229
256.393768311 -44.460189819 -48.286010742 10390.151367188 38.347080231 25.592908859
241.361755371 -47.484039307 -51.451278687 10793.346679688 33.870872498 23.953931808
227.567855835 -50.432998657 -54.462570190 11188.102539062 30.731567383 22.915985107
213.748138428 -53.498489380 -57.644775391 11593.821289062 30.033081055 23.269630432
199.916290283 -56.737670898 -60.896926880 12020.915039062 31.314430237 24.716924667
186.083862305 -59.950561523 -64.191696167 12472.061523438 34.407878876 26.782947540
172.251647949 -63.356842041 -67.599838257 12950.551757812 40.502899170 28.088027954
158.426437378 -66.216644287 -71.023193359 13461.393554688 49.780754089 28.041755676
144.608245850 -67.343917847 -74.048370361 14013.620117188 59.778110504 27.004121780
130.790084839 -67.094894409 -77.455688477 14620.336914062 65.553184509 23.681735992
116.972015381 -66.148605347 -82.324935913 15297.241210938 60.969673157 17.479303360
103.153953552 -64.471725464 -84.630081177 16049.447265625 39.381961823 10.153491974
90.315780640 -63.572860718 -74.114746094 16833.865234375 10.852416992 9.404700279
80.025451660 -64.418670654 -69.582336426 17578.701171875 4.409057617 15.334413528
71.646179199 -63.246047974 -76.392425537 18279.359375000 7.012927055 10.554712296
63.855098724 -62.348434448 -87.644836426 18989.695312500 2.205229521 2.976322651
56.554080963 -61.697998047 -90.349914551 19738.039062500 -2.845630169 0.403693408
49.792068481 -60.441040039 -92.030212402 20529.171875000 -7.909232616 1.495156646
43.520057678 -59.383178711 -92.675781250 21372.445312500 -14.631343842 0.583152771
37.640045166 -58.112411499 -92.881134033 22283.482421875 -16.147966385 1.231725931
32.152034760 -55.849334717 -92.822036743 23281.001953125 -17.496532440 1.980195522
27.056020737 -53.722656250 -92.876281738 24387.886718750 -14.775402069 2.417029142
22.303007126 -51.616714478 -93.072204590 25653.306640625 -9.494304657 0.213343948
