974.879211426 25.310302734 20.165954590 0.000000000 -1.466095686 13.129623413
971.983886719 25.511016846 20.013122559 29.585449219 -1.869129062 21.902664185
966.669189453 25.449920654 19.837524414 81.279174805 -2.105532408 25.890775681
957.503967285 25.356933594 19.530364990 166.501708984 -2.426261187 33.939411163
944.013610840 25.024627686 19.207702637 290.580505371 -1.555767417 40.723987579
926.708618164 24.108337402 18.920257568 452.475219727 0.495167047 45.220241547
906.034240723 21.567138672 21.734039307 646.520446777 2.283014774 47.850738525
883.478271484 19.827239990 19.996795654 865.616638184 8.002593994 49.038349152
859.111572266 18.536529541 16.012939453 1109.668457031 16.479484558 46.716354370
831.996154785 17.287933350 14.201141357 1385.392822266 23.498023987 36.189510345
802.130126953 16.245147705 11.214599609 1698.125000000 21.752624512 22.685750961
769.548522949 15.045227051 6.892852783 2051.180419922 17.625959396 17.954685211
734.259399414 13.536285400 1.140106201 2448.476318359 17.331806183 18.947240829
696.278137207 11.339508057 -6.527221680 2894.723876953 22.017955780 24.161312103
655.562683105 7.614715576 -12.226379395 3395.312988281 30.614570618 30.571414948
612.051513672 2.871917725 -16.762481689 3955.555908203 36.570121765 34.871299744
566.159667969 -2.154846191 -22.450286865 4568.173339844 42.462203979 32.855724335
521.586547852 -6.410125732 -27.311492920 5201.996582031 50.288787842 28.622068405
481.357788086 -10.685333252 -32.945419312 5822.921875000 54.688884735 25.482534409
445.248992920 -15.275787354 -42.335754395 6417.658203125 56.907520294 20.476228714
412.658355713 -19.837356567 -46.604721069 6987.351562500 60.322036743 14.604052544
383.029754639 -24.619079590 -36.429901123 7533.585937500 63.201644897 11.195435524
356.287261963 -28.485107422 -32.358383179 8056.235351562 61.729301453 10.774002075
332.125885010 -31.492111206 -34.594100952 8556.284179688 58.899024963 8.489815712
310.285705566 -34.975906372 -38.302185059 9033.847656250 57.667766571 7.342346191
290.594787598 -38.473342896 -41.988021851 9487.860351562 55.173744202 8.873943329
272.827880859 -41.499588013 -45.193481445 9921.969726562 51.811923981 10.163524628
256.269744873 -44.074310303 -49.701766968 10341.163085938 46.875892639 10.786918640
241.272659302 -46.455017090 -52.911895752 10744.829101562 42.005344391 10.324419022
227.502838135 -48.933700562 -56.176834106 11141.200195312 36.043167114 9.402386665
213.700500488 -51.787536621 -59.018585205 11549.375976562 29.159694672 7.534087658
199.882736206 -54.950180054 -60.897033691 11979.500976562 25.108211517 7.620133400
186.064041138 -58.859573364 -64.058807373 12433.249023438 26.385858536 10.657190323
172.245483398 -62.949615479 -67.693435669 12913.065429688 32.140033722 14.151793480
158.426986694 -65.967453003 -71.094314575 13424.457031250 40.344589233 13.895331383
144.608551025 -67.135253906 -72.565841675 13977.303710938 50.168567657 10.363883018
130.790161133 -66.688720703 -72.068664551 14585.022460938 57.932182312 5.856700420
116.971855164 -66.203521729 -71.980865479 15262.533203125 56.227809906 3.927226543
103.153610229 -65.889923096 -75.618469238 16012.050781250 42.832469940 7.099535942
90.315505981 -65.327575684 -84.326690674 16790.546875000 26.101341248 13.059255600
80.025489807 -64.807556152 -89.011291504 17531.447265625 17.990922928 13.145277023
71.646331787 -63.638992310 -71.173431396 18230.796875000 5.528497219 4.063446999
63.855133057 -63.950485229 -77.617309570 18937.710937500 -3.207874537 3.457911730
56.554073334 -62.966903687 -97.171188354 19680.968750000 -7.767784595 8.836870193
49.792068481 -61.306747437 -92.159881592 20468.058593750 -11.789413452 7.482331753
43.520053864 -60.338195801 -92.234390259 21307.640625000 -15.736431122 2.387094975
37.640045166 -59.236846924 -92.722381592 22214.300781250 -18.857456207 0.268586099
32.152030945 -57.087066650 -93.144531250 23206.412109375 -18.288431168 -0.707344949
27.056020737 -54.386703491 -93.413818359 24308.525390625 -15.291790009 -2.444498777
22.303007126 -51.951187134 -93.280593872 25571.292968750 -12.629190445 -4.870263100
