951.518371582 30.822052002 20.712005615 0.000000000 -4.521332741 13.210947990
948.685791016 30.515380859 20.290832520 30.098602295 -5.463280678 16.988599777
943.503540039 30.057281494 20.044006348 82.596038818 -5.828582287 19.262842178
934.567565918 29.260803223 19.700286865 168.927825928 -5.899052143 20.971487045
921.444152832 27.945922852 19.244628906 294.034637451 -5.632331848 22.304092407
904.622192383 26.278625488 19.022521973 456.516082764 -5.370116234 23.512510300
884.602905273 24.196655273 19.119659424 650.481323242 -4.849148273 24.674383163
862.804504395 22.045715332 18.950073242 869.025634766 -3.920382500 25.977659225
839.250488281 19.797241211 18.109741211 1112.008666992 -2.796730757 26.884811401
813.060607910 17.661102295 16.255340576 1385.541992188 1.726112604 26.911497116
784.274597168 15.505950928 13.299652100 1694.086181641 6.332028389 25.619573593
752.912170410 12.726226807 9.936004639 2039.919189453 10.477490425 25.519750595
719.005004883 11.076385498 1.836791992 2426.753173828 20.613891602 27.432750702
682.607727051 10.801422119 -15.462493896 2860.818847656 30.444614410 25.778224945
643.661376953 8.681182861 -34.044219971 3349.204833984 33.957023621 23.785408020
602.005004883 4.558380127 -33.421539307 3897.334472656 33.669364929 24.046396255
557.989318848 -0.664672852 -34.813980103 4497.321777344 35.710987091 23.981012344
515.127441406 -5.767852783 -37.143798828 5117.479003906 39.245105743 24.119186401
476.324096680 -10.525848389 -38.384552002 5724.190917969 42.571212769 24.951354980
441.376281738 -15.332061768 -40.984802246 6305.439941406 45.503311157 26.132118225
409.722747803 -20.084945679 -43.562835693 6862.783691406 47.609180450 26.814092636
380.854400635 -24.741485596 -46.642150879 7398.017089844 49.643016815 26.791587830
354.720520020 -29.007949829 -49.589675903 7910.667480469 52.187511444 26.525188446
331.035308838 -32.627914429 -51.891616821 8400.940429688 54.499004364 26.807241440
309.557159424 -35.933044434 -53.890457153 8869.686523438 55.718479156 27.541543961
290.132049561 -39.163116455 -55.645385742 9316.683593750 56.843723297 28.299255371
272.554046631 -42.475906372 -57.406219482 9745.070312500 58.497493744 29.037956238
256.126922607 -45.789199829 -59.323532104 10158.664062500 60.502040863 29.724987030
241.212036133 -48.834564209 -61.429061890 10556.629882812 61.692279816 30.496253967
227.484359741 -51.485733032 -63.638839722 10947.482421875 61.713619232 31.182306290
213.696563721 -53.949615479 -65.783859253 11350.868164062 60.634719849 31.294069290
199.880157471 -56.325836182 -67.500396729 11777.457031250 59.554817200 30.874933243
186.061889648 -58.723861694 -69.169189453 12229.949218750 58.696498871 29.685115814
172.243667603 -61.108230591 -71.285369873 12712.058593750 58.144763947 27.324827194
158.425491333 -63.577041626 -73.920379639 13228.654296875 56.630897522 24.251310349
144.607360840 -65.828445435 -77.041397095 13786.398437500 54.006675720 21.196107864
130.789260864 -67.352172852 -80.376708984 14394.851562500 50.748302460 17.535175323
116.971229553 -68.162124634 -83.810745239 15067.919921875 43.952598572 13.184727669
103.153182983 -68.745086670 -86.526397705 15808.636718750 34.487594604 8.807729721
90.315155029 -67.885635376 -88.123352051 16576.910156250 22.910263062 5.312508106
80.025146484 -66.318069458 -89.360198975 17310.521484375 9.595394135 6.559741020
71.646125793 -65.083358765 -89.068237305 18004.955078125 2.018455982 8.883680344
63.855113983 -63.575195312 -88.986663818 18710.097656250 -3.723338842 10.575818062
56.554096222 -62.639282227 -89.713836670 19454.595703125 -4.991393566 9.790977478
49.792079926 -61.126907349 -90.566162109 20242.607421875 -8.742258072 6.487849712
43.520069122 -59.525314331 -91.165802002 21084.259765625 -13.584157944 1.831061482
37.640056610 -57.591522217 -91.486526489 21996.171875000 -16.343011856 0.085115120
32.152042389 -55.358825684 -91.822845459 22996.029296875 -16.625782013 -0.576732159
27.056024551 -52.884445190 -91.822906494 24106.447265625 -13.748405457 0.592411578
22.303007126 -50.220092773 -91.369873047 25378.597656250 -7.571304798 1.279689193
