969.630310059 24.682495117 20.401153564 0.000000000 5.327382565 5.790015697
966.751647949 24.876464844 20.326721191 29.474426270 7.557349205 6.212732792
961.478271484 24.573974609 20.620147705 81.008819580 8.341067314 7.045134544
952.363098145 23.752624512 21.214843750 165.893615723 8.236193657 11.132273674
938.947265625 22.659179688 21.806060791 289.260803223 7.960657120 20.201295853
921.734191895 21.797088623 21.923980713 450.049377441 8.101986885 32.127941132
901.218139648 21.051055908 21.220855713 642.929687500 11.205876350 42.899772644
878.870056152 20.134735107 20.253906250 861.227111816 14.802578926 49.392917633
854.704223633 18.660858154 18.521667480 1104.815917969 18.282215118 53.104743958
827.815917969 16.175506592 16.400543213 1379.480468750 21.542552948 53.228534698
798.211425781 13.640289307 13.880493164 1689.384033203 29.509401321 46.931575775
765.909362793 13.653076172 11.436920166 2039.224853516 30.861162186 39.478252411
730.942016602 13.576232910 6.408142090 2434.539062500 29.384014130 35.719070435
693.308288574 11.220367432 0.756195068 2879.185302734 34.583694458 31.144920349
652.982116699 7.575836182 -4.511871338 3377.607666016 39.384086609 30.836233139
609.885559082 2.565185547 -8.036132812 3934.887695312 43.932468414 30.032653809
564.421081543 -2.721954346 -12.287109375 4543.471191406 48.059787750 24.986955643
520.245483398 -7.559417725 -19.847290039 5171.901367188 51.942996979 17.464479446
480.355773926 -12.006042480 -26.746276855 5786.425781250 56.323493958 12.937884331
444.528991699 -16.416168213 -34.288681030 6374.986816406 61.553298950 13.900774956
412.161590576 -20.448608398 -34.484558105 6939.771972656 64.687255859 17.202894211
382.708404541 -24.082015991 -29.313415527 7483.398925781 61.722702026 19.434261322
356.101654053 -26.962966919 -29.756210327 8006.041503906 53.631801605 21.086896896
332.045745850 -30.232696533 -33.274017334 8507.032226562 45.431892395 22.923727036
310.283935547 -33.910400391 -37.212127686 8985.270507812 40.278247833 24.211282730
290.647094727 -37.549133301 -41.079223633 9439.876953125 36.816997528 24.489337921
272.914794922 -41.005020142 -44.741149902 9874.292968750 35.597583771 23.919437408
256.376281738 -44.306823730 -48.173950195 10293.021484375 37.216030121 22.667680740
241.386718750 -47.291397095 -51.248367310 10695.336914062 40.056316376 21.005004883
227.614532471 -49.956649780 -53.996292114 11089.984375000 43.310623169 18.463941574
213.802062988 -52.761413574 -56.867752075 11496.490234375 46.375495911 14.818106651
199.970657349 -55.879287720 -61.582427979 11924.973632812 47.630676270 11.439869881
186.138305664 -59.431945801 -65.519256592 12377.416015625 46.998344421 9.187894821
172.306137085 -63.197891235 -68.422271729 12856.601562500 46.975166321 7.387919903
158.474029541 -66.307067871 -70.755126953 13367.590820312 51.533344269 7.391842365
144.642669678 -67.431182861 -71.984252930 13919.859375000 61.865150452 8.450270653
130.811294556 -66.915252686 -73.465530396 14527.187500000 69.755813599 6.338835239
116.979316711 -65.997512817 -75.733367920 15205.166015625 61.546585083 3.905997038
103.153961182 -63.703582764 -68.196624756 15959.458007812 37.147659302 8.725424767
90.315399170 -64.601516724 -70.491607666 16743.599609375 16.089326859 15.551963806
80.025154114 -65.121063232 -79.841491699 17485.419921875 12.850577354 12.925815582
71.646102905 -64.622268677 -92.285797119 18182.615234375 8.998232841 3.096936226
63.855087280 -63.572540283 -88.439422607 18888.537109375 1.796478868 3.915493965
56.554073334 -61.314926147 -91.383453369 19635.423828125 -5.091088772 6.215113163
49.792060852 -59.138412476 -92.137496948 20429.708984375 -10.165634155 1.461635351
43.520050049 -58.500289917 -92.610504150 21277.306640625 -14.531904221 -3.746092319
37.640041351 -58.011077881 -92.963439941 22190.531250000 -17.405035019 -5.091988087
32.152030945 -56.414916992 -93.313720703 23187.083984375 -17.324628830 -3.753895044
27.056020737 -54.182296753 -93.580978394 24291.435546875 -14.957726479 -3.086923838
22.303007126 -51.480621338 -93.507492065 25555.951171875 -12.554003716 -4.814199448
