979.606384277 28.134552002 21.558807373 0.000000000 -3.427920103 10.659651756
976.693725586 27.765380859 21.100524902 29.817352295 -4.491358757 14.315813065
971.351501465 27.244781494 20.792388916 81.908508301 -5.342620850 16.954526901
962.143615723 26.510803223 20.535064697 167.615325928 -5.899052143 20.485527039
948.580139160 25.445922852 20.095336914 292.065887451 -5.875312328 23.761974335
931.182189941 24.091125488 19.590118408 454.078582764 -5.370116234 27.035728455
910.442871094 22.509155273 19.022125244 648.106323242 -4.241696835 30.748897552
887.820556641 20.795715332 18.085113525 867.275634766 -2.583989382 34.846450806
863.338439941 18.859741211 16.865173340 1111.696166992 -0.366925269 38.061916351
836.052673340 17.098602295 14.971771240 1387.885742188 4.155918121 38.817546844
805.994628906 15.693450928 12.567626953 1700.898681641 12.163561821 34.488365173
773.184204102 13.913726807 7.360961914 2053.700439453 18.617340088 30.500852585
737.645019531 11.388885498 4.356201172 2449.971923828 20.127929688 28.161693573
699.335754395 8.988922119 1.545715332 2894.975097656 21.211353302 31.123796463
658.241394043 6.243682861 -2.290863037 3395.548583984 25.452701569 36.541885376
614.341003418 2.433380127 -6.096649170 3957.740722656 31.239559174 40.447582245
568.033264160 -2.914672852 -5.824951172 4573.353027344 34.253101349 38.924316406
523.055419922 -8.017852783 -8.421173096 5209.322753906 39.245105743 36.268215179
482.484100342 -12.463348389 -13.832611084 5831.003417969 46.215919495 32.848224640
446.091491699 -16.832061768 -18.657836914 6426.064941406 51.091861725 32.449611664
413.269958496 -20.147445679 -22.903778076 6997.283691406 53.562202454 35.561393738
383.456787109 -23.428985596 -26.929641724 7547.517089844 56.567962646 37.239749908
356.579681396 -26.820449829 -32.617889404 8075.511230469 57.168613434 37.580802917
332.326141357 -30.377914429 -38.052215576 8580.065429688 51.461746216 38.105834961
310.414978027 -34.058044434 -38.438293457 9060.905273438 41.382625580 40.176532745
290.670288086 -37.850616455 -41.336212158 9517.402343750 35.704414368 42.635108948
272.868927002 -41.163406372 -44.845153809 9953.195312500 35.414340973 44.102748871
256.290283203 -44.351699829 -48.148925781 10372.945312500 37.540378571 44.546802521
241.280075073 -47.397064209 -51.349563599 10775.848632812 40.431480408 43.131244659
227.503463745 -50.423233032 -54.472991943 11170.294921875 44.219020844 39.929607391
213.698745728 -53.637115479 -57.740264893 11575.524414062 49.214633942 35.910697937
199.880813599 -57.138336182 -61.326934814 12001.738281250 53.237323761 32.697288513
186.062286377 -61.036361694 -65.249725342 12450.917968750 54.444339752 31.142999649
172.243911743 -64.295730591 -68.548187256 12926.777343750 55.229000092 29.876123428
158.425628662 -66.014541626 -70.492584229 13436.560546875 56.995368958 29.232412338
144.607406616 -66.578445435 -73.460021973 13990.085937500 57.894367218 29.457447052
130.789260864 -66.852172852 -77.265701294 14598.289062500 58.888153076 27.375888824
116.971191406 -66.412124634 -81.877395630 15275.232421875 56.466098785 18.408809662
103.153144836 -65.245086670 -87.136413574 16025.605468750 38.739757538 8.078788757
90.315124512 -63.073135376 -90.996154785 16809.472656250 17.078729630 11.872982979
80.025115967 -62.443069458 -89.907852173 17558.583984375 9.838375092 16.521944046
71.646102905 -62.145858765 -89.040802002 18264.455078125 8.335950851 11.313485146
63.855087280 -61.700195312 -89.444854736 18977.691406250 1.743723631 4.622794628
56.554073334 -62.326782227 -90.783096313 19726.001953125 -4.991393566 4.080935001
49.792060852 -61.189407349 -92.127166748 20514.482421875 -8.256296158 4.665495872
43.520053864 -59.025314331 -92.682189941 21356.978515625 -10.789880753 2.681493282
37.640045166 -57.404022217 -92.772644043 22270.390625000 -14.034696579 -0.279355705
32.152030945 -56.296325684 -92.833663940 23268.529296875 -16.382801056 -0.455241889
27.056020737 -54.446945190 -92.942703247 24372.541015625 -14.963308334 0.349431008
22.303007126 -52.282592773 -93.177368164 25634.035156250 -10.487071037 -0.421174705
