959.326965332 27.250854492 23.008331299 0.000000000 -2.246680260 9.081824303
956.472900391 27.383850098 22.660430908 29.891906738 -3.338650465 14.086599350
951.232177734 27.251281738 22.284851074 82.085418701 -3.964180231 16.944623947
942.198181152 26.757202148 21.774536133 168.002929688 -4.986996651 21.977420807
928.920104980 25.797332764 21.205871582 292.700256348 -5.643221378 26.767042160
911.909240723 24.415740967 20.768463135 454.789855957 -4.814152241 30.387889862
891.659851074 22.600891113 20.324890137 648.486083984 -2.491737127 33.814529419
869.603576660 20.839813232 19.498138428 866.906860352 1.126469374 36.493293762
845.762634277 19.217681885 18.703369141 1110.308471680 6.212002277 35.792606354
819.223815918 17.296417236 17.531768799 1385.085815430 10.464981079 30.786424637
790.033447266 14.926666260 14.523406982 1695.234985352 12.225756645 24.432655334
758.234741211 12.473693848 9.658630371 2042.866088867 15.302969933 22.165086746
723.891845703 10.952056885 -1.216705322 2431.703125000 20.217432022 19.017595291
687.023742676 10.062072754 -21.129760742 2867.693359375 25.281604767 17.741369247
647.523986816 8.037384033 -33.678146362 3358.506347656 31.059553146 23.306209564
605.278198242 4.603485107 -33.233016968 3910.625976562 34.010486603 27.277025223
560.652587891 -0.714141846 -33.874984741 4515.751464844 35.500770569 24.931856155
517.233154297 -5.796875000 -35.662872314 5141.065917969 40.063110352 24.491769791
477.962738037 -10.912384033 -40.436309814 5752.319824219 44.291866302 25.449995041
442.632537842 -15.813262939 -44.655899048 6337.114257812 46.418533325 27.041700363
410.670745850 -20.226806641 -47.942581177 6897.738769531 48.350898743 28.127519608
381.554534912 -24.411117554 -50.241210938 7436.628417969 50.955963135 28.026363373
355.223785400 -28.431701660 -51.750183105 7953.151855469 53.082595825 26.814100266
331.386901855 -32.244491577 -52.622650146 8446.899414062 54.106063843 24.994741440
309.792755127 -35.812332153 -53.314178467 8918.247070312 54.190372467 22.950584412
290.281768799 -39.250274658 -54.291915894 9366.997070312 53.460483551 21.598485947
272.642395020 -42.497909546 -55.854064941 9796.678710938 51.763816833 21.291498184
256.172546387 -45.569869995 -58.243469238 10211.565429688 49.731945038 22.434354782
241.230773926 -48.481643677 -60.984970093 10610.668945312 48.454807281 23.785488129
227.489410400 -51.233535767 -63.948059082 11002.422851562 48.125854492 24.722145081
213.697036743 -54.062332153 -66.158355713 11406.074218750 49.657371521 25.289909363
199.880325317 -56.971954346 -67.178237915 11831.873046875 52.950370789 25.215194702
186.062026978 -59.896026611 -68.344741821 12282.420898438 56.200500488 24.479505539
172.243789673 -62.477691650 -70.318511963 12761.629882812 58.634979248 22.904714584
158.425567627 -64.455017090 -72.871246338 13275.444335938 60.423053741 20.854476929
144.607406616 -65.841598511 -75.789916992 13831.954101562 59.563674927 18.591512680
130.789291382 -66.664794922 -78.832366943 14441.467773438 56.337379456 15.890460014
116.971229553 -66.912002563 -82.008453369 15117.777343750 48.701293945 12.946952820
103.153182983 -66.877624512 -85.947433472 15864.113281250 34.181331635 11.452104568
90.315155029 -66.075027466 -88.788970947 16639.375000000 18.129165649 7.446900368
80.025138855 -63.864257812 -89.679229736 17380.601562500 3.754174948 6.722596645
71.646118164 -63.761032104 -88.960723877 18081.402343750 0.419825137 11.867817879
63.855102539 -62.495986938 -88.959945679 18790.587890625 1.676923990 10.451662064
56.554088593 -61.009017944 -89.979797363 19539.906250000 -2.525153637 8.548664093
49.792068481 -59.931427002 -91.211761475 20333.136718750 -9.038786888 4.515348434
43.520057678 -59.133255005 -91.940078735 21177.851562500 -12.833734512 1.806795239
37.640048981 -57.739669800 -92.232513428 22090.382812500 -15.762140274 1.072729707
32.152034760 -55.831130981 -92.466827393 23088.835937500 -16.175939560 1.140470147
27.056022644 -53.839645386 -92.701049805 24195.464843750 -13.113330841 -0.531846225
22.303007126 -51.699707031 -92.883956909 25460.427734375 -7.812750340 -1.322578549
