951.778991699 24.180786133 20.891021729 0.000000000 -6.879579544 7.423179150
948.948364258 24.450927734 20.711090088 29.485778809 -10.547178268 11.406108856
943.763366699 24.222686768 20.484283447 80.943664551 -11.650327682 13.467120171
934.833251953 23.883026123 20.192962646 165.646545410 -10.952002525 17.207172394
921.699157715 23.366333008 19.829284668 288.721191406 -8.163862228 23.719367981
904.884826660 22.987457275 19.442230225 449.037658691 -1.726216435 34.053287506
884.867980957 22.218597412 19.514556885 641.249389648 5.342813969 39.187206268
863.098999023 21.347473145 17.443206787 858.379638672 8.655510902 35.278148651
839.615844727 19.826629639 14.672851562 1099.984985352 6.843052387 29.147115707
813.520874023 17.695220947 12.267547607 1371.921020508 3.400311470 22.857852936
784.843933105 15.181213379 9.079071045 1678.438720703 1.595234632 18.122959137
753.571777344 12.493316650 7.456878662 2022.490478516 2.667313814 12.766726494
719.664672852 9.151824951 8.670013428 2407.972900391 6.539474964 9.951762199
683.101623535 6.698669434 6.334930420 2840.147460938 11.582960129 15.207870483
643.888488770 4.602447510 4.364440918 3326.244873047 19.813344955 20.954307556
601.995605469 0.582183838 -1.687957764 3871.262939453 29.384008408 19.369401932
557.878295898 -1.902557373 -23.661758423 4468.210937500 39.923221588 18.829151154
515.031188965 -6.246856689 -38.290527344 5086.751953125 45.978820801 23.474697113
476.249053955 -10.661682129 -38.452239990 5692.645507812 50.892189026 26.178218842
441.315399170 -14.885162354 -41.146423340 6274.090820312 52.028308868 29.270614624
409.678039551 -19.058746338 -41.528839111 6832.883789062 50.128341675 29.964920044
380.821136475 -23.259811401 -46.014312744 7370.581054688 50.446678162 29.575155258
354.697113037 -27.478668213 -53.515090942 7886.100585938 51.809768677 30.174139023
331.020690918 -31.696075439 -54.913650513 8378.720703125 53.306331635 31.496301651
309.548248291 -35.689346313 -54.531829834 8848.557617188 54.458446503 32.863437653
290.127349854 -39.440170288 -54.657135010 9295.483398438 55.096027374 33.160964966
272.552124023 -42.920883179 -54.823272705 9723.227539062 55.448661804 31.827486038
256.126617432 -46.257476807 -54.809997559 10136.038085938 57.014221191 29.412748337
241.212463379 -49.116180420 -56.099761963 10533.321289062 60.189815521 26.652671814
227.484954834 -51.435211182 -58.820983887 10923.985351562 62.760955811 23.904605865
213.697067261 -53.341979980 -62.226226807 11328.040039062 62.714927673 20.796800613
199.880493164 -55.378356934 -64.933364868 11756.153320312 60.645042419 18.204900742
186.062133789 -58.282745361 -66.982864380 12210.065429688 60.479045868 17.225317001
172.243789673 -61.403152466 -69.300872803 12692.274414062 62.755653381 17.503988266
158.425582886 -63.603027344 -72.291259766 13208.518554688 63.373107910 18.054231644
144.607421875 -64.309341431 -75.609710693 13768.245117188 59.388874054 19.640211105
130.789321899 -64.375396729 -78.894165039 14383.407226562 50.727184296 21.374383926
116.971229553 -65.107406616 -81.337829590 15066.459960938 38.393024445 21.103370667
103.153175354 -66.623275757 -84.456939697 15816.463867188 26.722196579 15.494555473
90.315139771 -67.332595825 -87.745361328 16589.804687500 16.451532364 12.363155365
80.025123596 -65.590560913 -89.327667236 17325.628906250 7.825811863 23.177097321
71.646110535 -63.954803467 -89.012908936 18023.142578125 9.480139732 20.150213242
63.855098724 -62.062332153 -89.050903320 18732.841796875 1.592528105 6.616506100
56.554080963 -62.320800781 -90.051757812 19480.558593750 -3.533443689 2.569205284
49.792068481 -61.540191650 -91.272979736 20268.355468750 -8.664368629 0.592099190
43.520057678 -59.784469604 -92.127960205 21108.605468750 -15.148956299 -1.507542729
37.640045166 -58.391662598 -92.600769043 22018.251953125 -19.908756256 -1.754598022
32.152034760 -56.903427124 -92.764556885 23012.730468750 -20.025569916 -1.037186861
27.056020737 -54.624465942 -92.829162598 24114.705078125 -17.561347961 -2.046155453
22.303007126 -51.843200684 -92.982971191 25377.023437500 -15.673988342 -6.260330677
