984.471191406 22.435302734 21.245056152 0.000000000 4.122457027 -2.299641371
981.543884277 22.823516846 21.163604736 29.304168701 3.233462572 2.464219332
976.181152344 23.012420654 21.004669189 80.591659546 1.903646708 6.209351540
966.919982910 23.231933594 20.652618408 165.282943726 -2.304770708 16.687791824
953.293579102 23.524627686 20.156372070 288.768005371 -6.536868572 30.640295029
935.796630859 23.483337402 19.817779541 450.287719727 -6.794249535 42.547454834
914.922180176 22.629638672 19.656921387 644.489196777 -2.698086739 50.159053802
892.134277344 21.077239990 19.243591309 864.366638184 3.750433922 53.290508270
867.487548828 19.474029541 16.121032715 1109.699707031 10.283479691 55.220676422
840.020141602 17.787933350 14.481079102 1387.048950195 16.937549591 54.048580170
809.730163574 16.057647705 12.820831299 1701.624877930 20.902193069 47.955730438
776.612487793 13.982727051 12.481048584 2056.899169922 22.121099472 37.271640778
740.675292969 13.036285400 8.692657471 2457.570068359 25.350166321 26.844108582
701.990051270 11.777008057 3.057250977 2909.036376953 28.456939697 19.666172028
660.566711426 10.052215576 -5.924713135 3417.719238281 27.698804855 19.029838562
616.359436035 5.996917725 -11.079620361 3988.993408203 30.495609283 21.507368088
569.763671875 0.657653809 -17.785415649 4613.860839844 36.752162933 22.529048920
524.522521973 -5.160125732 -16.137542725 5258.652832031 41.905960083 19.996257782
483.676177979 -10.060333252 -12.053802490 5888.703125000 46.063076019 16.613742828
447.026550293 -14.400787354 -16.223419189 6492.064453125 47.917240143 12.336380005
414.002349854 -18.837356567 -20.975067139 7070.007812500 48.173007965 7.922087193
384.038543701 -23.244079590 -25.834609985 7623.898437500 48.501323700 5.120922089
357.044830322 -27.547607422 -30.422454834 8152.922851562 49.094314575 4.820978165
332.695495605 -31.367111206 -34.543838501 8657.096679688 49.058315277 6.424480438
310.710906982 -34.850906372 -38.297546387 9137.316406250 49.284934998 8.800229073
290.909332275 -38.160842896 -41.852722168 9593.704101562 52.500957489 11.425239563
273.059478760 -40.937088013 -45.083557129 10030.219726562 56.550045013 13.808233261
256.439666748 -43.261810303 -47.823608398 10451.850585938 57.324058533 15.039078712
241.399536133 -45.580017090 -50.441757202 10857.891601562 54.397354126 15.184030533
227.602737427 -48.433700562 -52.413665771 11256.106445312 49.164115906 14.261997223
213.784530640 -51.600036621 -55.690155029 11665.313476562 42.159152985 12.272208214
199.956130981 -55.012680054 -59.151809692 12095.813476562 35.799354553 9.685468674
186.125427246 -58.672073364 -62.885330200 12549.967773438 33.918254852 8.105894089
172.293167114 -62.512115479 -66.783874512 13030.815429688 36.756664276 5.161512852
158.460922241 -66.279953003 -70.561218262 13542.644531250 41.073532104 0.288420767
144.628845215 -68.760253906 -72.983398438 14093.209960938 48.832172394 0.644660771
130.796829224 -68.376220703 -74.296157837 14696.428710938 58.661125183 3.791365623
116.971725464 -67.453521729 -73.548248291 15369.470703125 55.741847992 7.207464218
103.153457642 -66.139923096 -71.879959106 16116.488281250 40.888626099 10.865735054
90.315231323 -64.265075684 -78.212188721 16896.515625000 18.568944931 18.161848068
80.025169373 -63.370056152 -83.808837891 17641.853515625 8.393192291 16.789985657
71.646125793 -64.263992310 -82.511138916 18342.640625000 2.248259783 6.614742756
63.855083466 -63.075485229 -86.769561768 19049.992187500 -1.264030218 6.373678207
56.554065704 -61.341903687 -94.328399658 19797.687500000 -7.889275074 7.500476837
49.792060852 -60.619247437 -92.249389648 20589.089843750 -11.546433449 4.931035995
43.520053864 -60.025695801 -92.594497681 21430.671875000 -13.428115845 2.630075693
37.640045166 -58.486846924 -92.816558838 22339.644531250 -15.455728531 1.361998558
32.152030945 -56.337066650 -92.739028931 23335.255859375 -16.223096848 -0.464364409
27.056020737 -54.011703491 -92.894226074 24440.119140625 -13.590926170 -2.080027819
22.303007126 -51.951187134 -93.160293579 25703.699218750 -12.021739006 -4.627282619
