974.982360840 26.572052002 21.406890869 0.000000000 0.945729971 2.276823044
972.085754395 26.890380859 20.663299561 29.723602295 1.218684554 6.540435314
966.767517090 26.682281494 20.106903076 81.627258301 0.610402644 10.029581070
957.607604980 26.010803223 19.509887695 167.115325928 -0.310499460 14.653993607
944.124145508 25.008422852 19.067962646 291.222137451 -0.408250034 19.266834259
926.822204590 23.653625488 18.750823975 452.766082764 0.825887680 22.662078857
906.202880859 21.884155273 18.564971924 646.137573242 2.926229477 24.309911728
883.700561523 19.670715332 19.392761230 864.650634766 5.677349567 25.248718262
859.330444336 17.797241211 18.020965576 1108.321166992 8.866335869 26.641830444
832.172668457 16.223602295 16.461181641 1383.823242188 13.510669708 29.827264786
802.258605957 13.568450928 13.797576904 1695.273681641 20.667881012 32.666007996
769.632202148 11.663726807 9.945678711 2045.450439453 23.355461121 30.500852585
734.300964355 10.138885498 5.538238525 2439.034423828 23.772638321 32.170871735
696.239746094 8.176422119 2.769195557 2881.600097656 28.257789612 35.861919403
655.453369141 5.931182861 -5.249725342 3379.454833984 36.265338898 35.569965363
611.928955078 2.183380127 -15.041259766 3937.990722656 39.986858368 36.195423126
566.057250977 -3.102172852 -19.496994019 4548.821777344 41.542518616 34.793647766
521.497436523 -8.017852783 -23.158737183 5179.666503906 43.740245819 32.744995117
481.276092529 -12.275848389 -25.957427979 5797.003417969 46.944862366 33.820144653
445.169891357 -16.457061768 -29.653060913 6388.783691406 50.362922668 36.944751740
412.578735352 -20.459945679 -32.782073975 6956.721191406 51.982830048 39.935043335
382.956024170 -24.116485596 -35.161361694 7502.954589844 51.465370178 41.491909027
356.228515625 -27.257949829 -38.150558472 8027.292480469 48.299823761 41.468494415
332.084930420 -30.190414429 -43.674041748 8529.565429688 42.714447021 42.843955994
310.260559082 -33.495544434 -48.387237549 9009.467773438 37.494937897 46.129554749
290.580047607 -37.100616455 -49.439102173 9465.902343750 36.190376282 47.980682373
272.819305420 -40.663406372 -50.846389771 9901.882812500 38.208618164 46.897026062
256.264770508 -44.164199829 -52.236511230 10321.695312500 42.035518646 43.817859650
241.269378662 -47.522064209 -52.904403687 10724.286132812 46.263015747 40.215476990
227.500152588 -50.798233032 -54.878189087 11118.044921875 50.050552368 37.135330200
213.698028564 -54.324615479 -60.209976196 11522.180664062 52.737850189 34.817287445
199.880462646 -58.013336182 -63.880935669 11946.863281250 54.452224731 32.697288513
186.062072754 -61.786361694 -67.665481567 12394.292968750 56.388183594 30.778528214
172.243835449 -65.170730591 -70.954864502 12868.277343750 59.359668732 29.147180557
158.425598145 -66.827041626 -72.583099365 13375.998046875 61.247528076 29.232412338
144.607421875 -66.578445435 -73.049133301 13928.492187500 61.539073944 30.915330887
130.789260864 -65.977172852 -77.009689331 14537.976562500 62.775844574 28.712282181
116.971191406 -65.537124634 -82.023254395 15217.701171875 59.017395020 18.894771576
103.153144836 -64.182586670 -87.879272461 15971.605468750 38.253795624 9.415181160
90.315124512 -62.385635376 -91.144195557 16758.816406250 13.798491478 13.087885857
80.025115967 -61.943069458 -90.277618408 17510.083984375 8.987942696 18.222806931
71.646102905 -61.708358765 -89.238159180 18217.423828125 9.186382294 11.313485146
63.855087280 -61.762695312 -89.337402344 18931.253906250 0.164350003 4.501304150
56.554073334 -62.014282227 -90.566741943 19680.001953125 -6.206296444 6.510740280
49.792060852 -60.626907349 -92.101226807 20470.138671875 -8.377786636 7.338281631
43.520050049 -58.400314331 -92.952911377 21315.009765625 -10.546900749 3.288944721
37.640041351 -56.966522217 -93.076477051 22230.734375000 -14.520657539 -0.400845975
32.152030945 -56.108825684 -92.976287842 23230.279296875 -17.111743927 -1.305673838
27.056020737 -54.759445190 -93.018615723 24333.884765625 -15.449269295 -0.379510671
22.303007126 -52.532592773 -93.310287476 25593.847656250 -10.608561516 -0.178194150
