956.151123047 27.434326172 21.692779541 0.000000000 0.952475905 5.370286942
953.308044434 27.508636475 21.121368408 29.851470947 1.264198899 9.642556190
948.089538574 27.065551758 20.705718994 81.888641357 0.788070321 13.073760033
939.105773926 26.406799316 20.173065186 167.493865967 0.258300304 17.435811996
925.898376465 25.316650391 19.538726807 291.630706787 0.198170632 21.046789169
908.972106934 23.810394287 18.965484619 452.888275146 0.827304006 23.581315994
888.835571289 21.886810303 18.344604492 645.474609375 1.806552410 25.334297180
866.916320801 19.884979248 17.412384033 862.392944336 3.110433578 26.422245026
843.229553223 17.733917236 16.352905273 1103.577880859 4.964739799 27.043361664
816.903259277 16.123840332 12.889770508 1375.306274414 6.850905418 26.886671066
787.944946289 14.080291748 10.927947998 1682.310668945 8.460099220 25.498821259
756.349792480 11.350860596 9.412811279 2027.035278320 10.861571312 22.944374084
722.213684082 11.240539551 -6.508209229 2413.721923828 17.651090622 23.183399200
685.539306641 9.015045166 -10.385833740 2847.899414062 23.506448746 28.300479889
646.184143066 5.344787598 -13.234069824 3334.844970703 27.848079681 34.078304291
604.105224609 1.192962646 -20.354080200 3880.243408203 33.555885315 34.555351257
559.679382324 -3.301391602 -25.620544434 4477.506347656 38.096138000 33.866081238
516.452697754 -7.746643066 -32.022293091 5095.893066406 42.359642029 34.957500458
477.354217529 -12.127380371 -37.585861206 5701.719238281 47.051120758 35.397777557
442.163909912 -16.836578369 -40.166290283 6282.387207031 49.679615021 35.469882965
410.316284180 -21.508285522 -42.519409180 6839.108886719 50.153350830 35.699668884
381.291473389 -25.798263550 -46.166809082 7373.910644531 49.652523041 35.571468353
355.034027100 -29.502944946 -49.884902954 7886.785644531 49.057521820 35.308788300
331.253295898 -32.495712280 -53.221954346 8378.231445312 48.361648560 35.752586365
309.703033447 -35.182327271 -56.778839111 8849.149414062 46.982746124 37.057441711
290.225006104 -37.903671265 -60.132644653 9299.139648438 43.990604401 38.083183289
272.609191895 -40.857437134 -61.877380371 9730.971679688 40.610881805 37.694301605
256.155792236 -44.150985718 -61.935317993 10148.206054688 39.165264130 36.195529938
241.224304199 -47.465866089 -61.601623535 10549.249023438 40.202461243 34.503299713
227.488021851 -50.686798096 -61.973892212 10942.262695312 42.122837067 32.794513702
213.697189331 -54.131805420 -63.021118164 11346.286132812 44.137165070 30.925327301
199.880462646 -57.640060425 -64.582366943 11771.381835938 46.694007874 29.432651520
186.062072754 -60.482147217 -66.779769897 12220.634765625 49.818656921 29.115993500
172.243789673 -62.399642944 -69.355117798 12699.292968750 52.352394104 29.720315933
158.425552368 -63.661270142 -71.962921143 13214.282226562 53.080646515 30.851263046
144.607376099 -64.613922119 -75.002563477 13773.504882812 53.799793243 31.915763855
130.789260864 -65.351303101 -78.377319336 14386.681640625 54.548652649 31.079442978
116.971191406 -65.932617188 -82.592926025 15066.722656250 52.236804962 25.087171555
103.153152466 -65.793945312 -87.404434204 15816.860351562 42.475185394 14.916238785
90.315139771 -64.015167236 -90.757537842 16598.023437500 24.142402649 7.908161163
80.025123596 -62.365539551 -90.350524902 17345.613281250 7.875775337 8.092747688
71.646110535 -62.510040283 -89.152694702 18051.019531250 4.360747337 14.022947311
63.855098724 -62.002136230 -89.213989258 18763.164062500 2.507813215 10.553941727
56.554080963 -61.260131836 -90.298370361 19512.902343750 -3.399321556 7.978679657
49.792068481 -60.360076904 -91.384124756 20304.968750000 -9.770881653 7.124567032
43.520057678 -59.520477295 -91.964874268 21148.154296875 -13.323740005 4.828431129
37.640045166 -58.165908813 -92.290435791 22058.804687500 -14.862148285 1.967135549
32.152034760 -56.344665527 -92.583984375 23055.046875000 -16.021133423 -0.001520111
27.056020737 -54.063491821 -92.759933472 24159.949218750 -15.271681786 -0.558049619
22.303007126 -51.329727173 -92.906219482 25425.419921875 -10.885177612 -0.504616797
