972.881713867 26.260009766 21.180358887 0.000000000 7.878700733 3.582700729
969.989135742 26.307128906 20.874267578 29.659149170 10.555379868 3.754282475
964.695617676 26.316223145 20.441253662 81.449707031 12.179304123 5.973886013
955.554992676 25.880767822 19.822937012 166.804718018 13.008238792 9.389290810
942.116271973 24.735076904 19.281707764 290.691131592 12.647747040 13.368216515
924.881225586 23.141418457 18.863494873 451.805511475 11.736298561 16.817218781
904.335937500 21.351867676 18.502746582 644.541503906 10.908257484 20.363113403
881.928283691 19.536804199 18.282287598 862.159301758 11.182904243 22.286725998
857.689270020 17.900787354 17.663543701 1104.920532227 14.690380096 21.923519135
830.690551758 16.300689697 16.374206543 1379.257080078 20.754737854 22.282142639
800.978210449 15.040039062 11.863067627 1690.030273438 27.013071060 24.186712265
768.531066895 12.653289795 12.915405273 2040.499511719 31.642692566 25.282295227
733.325317383 10.458312988 10.678253174 2434.683593750 36.083595276 25.881481171
695.375854492 8.130401611 8.383758545 2877.626220703 39.707145691 27.366504669
654.687988281 5.345367432 4.895263672 3375.497070312 41.534587860 29.899644852
611.239074707 1.995330811 0.552520752 3934.412597656 42.114082336 33.411506653
565.450622559 -2.456939697 -3.509277344 4546.841796875 41.274703979 38.189250946
520.980407715 -6.584442139 -6.644226074 5180.909667969 39.384422302 42.700923920
480.844970703 -10.327239990 -11.405181885 5802.590332031 37.650894165 46.518154144
444.817749023 -14.197387695 -15.718109131 6399.191406250 35.700595856 49.566047668
412.298858643 -18.309432983 -20.296569824 6971.749511719 33.696926117 51.728904724
382.739776611 -22.383392334 -24.758056641 7521.729980469 30.713716507 53.230270386
356.062805176 -26.729827881 -29.493057251 8047.947753906 27.134790421 54.343399048
331.958099365 -31.607772827 -34.715377808 8548.840820312 24.941589355 54.882408142
310.168640137 -36.317840576 -39.748229980 9024.040039062 24.455139160 54.591697693
290.520050049 -39.775466919 -43.372894287 9474.651367188 25.210952759 53.626880646
272.783142090 -42.383422852 -46.102569580 9906.057617188 27.645044327 52.736480713
256.245849609 -44.772689819 -48.627441406 10323.307617188 31.665117264 50.862884521
241.261672974 -47.671539307 -51.636016846 10724.909179688 36.057697296 47.280063629
227.498474121 -50.807998657 -54.852905273 11118.383789062 41.058242798 42.232940674
213.698318481 -54.123489380 -58.283279419 11522.633789062 45.705326080 38.455913544
199.880737305 -57.675170898 -61.867553711 11947.790039062 48.687541962 37.351913452
186.062194824 -61.325561523 -65.570404053 12396.061523438 50.566085815 36.988132477
172.243865967 -65.169342041 -69.409667969 12870.551757812 52.773418427 36.835327148
158.425628662 -67.779144287 -72.033889771 13377.018554688 55.855266571 37.882469177
144.607437134 -68.281417847 -73.997009277 13925.901367188 60.507053375 38.059734344
130.789291382 -67.532394409 -75.780349731 14530.711914062 64.702751160 32.429035187
116.971191406 -66.336105347 -80.851165771 15206.709960938 60.726692200 21.124010086
103.153144836 -64.159225464 -87.435089111 15959.134765625 39.017490387 12.947768211
90.315124512 -61.635360718 -91.347610474 16747.677734375 14.011164665 12.441956520
80.025115967 -61.606170654 -90.354476929 17500.857421875 5.502470016 9.624370575
71.646102905 -62.246047974 -89.238098145 18208.015625000 5.433553219 5.087650299
63.855087280 -62.660934448 -89.277832031 18919.570312500 0.625855863 4.677186489
56.554073334 -61.447998047 -90.786193848 19667.914062500 -3.453081608 6.356717110
49.792060852 -59.066040039 -92.140777588 20462.046875000 -7.909232616 0.401744157
43.520050049 -58.445678711 -92.685531616 21309.820312500 -13.051970482 -4.033477783
37.640041351 -57.612411499 -92.995147705 22223.982421875 -16.269456863 -1.198079586
32.152030945 -56.286834717 -93.352874756 23221.595703125 -16.281629562 1.980195522
27.056020737 -54.347656250 -93.480957031 24325.792968750 -15.747323990 3.145970821
22.303007126 -52.054214478 -93.348815918 25588.244140625 -13.989445686 2.035698175
