968.113647461 20.447509766 16.595214844 0.000000000 -1.111579657 -6.622482777
965.237121582 20.494628906 16.219238281 28.909149170 -2.444079876 -7.179842472
959.983581543 20.628723145 16.009124756 79.480957031 -3.735922337 -7.390044212
950.914978027 20.693267822 15.493804932 162.867218018 -4.729341030 -8.105308533
937.580261230 20.610076904 15.696868896 284.316131592 -4.603872776 -7.285130501
920.457275391 19.766418457 16.742309570 442.899261475 -4.300417900 -1.527812123
900.031982422 19.664367676 18.459320068 633.760253906 -2.455673456 16.839895248
877.728271484 19.224304199 19.221252441 850.721801758 0.734740317 30.912534714
853.601318359 17.713287354 17.536071777 1093.295532227 5.943079948 38.081726074
826.770568848 16.175689697 12.913299561 1367.007080078 12.007438660 41.113136292
797.218200684 14.415039062 13.731964111 1676.967773438 18.508750916 39.615978241
764.955078125 12.903289795 9.072357178 2026.374511719 20.830059052 38.038772583
730.061340332 11.270812988 1.701110840 2418.714843750 24.056056976 37.180076599
692.527832031 9.005401611 -5.381500244 2858.657470703 29.987922668 34.169960022
652.299987793 6.157867432 -12.432861328 3352.559570312 36.189018250 30.385604858
609.327087402 2.995330811 -23.569122314 3907.256347656 40.656196594 26.243579865
563.990600586 -1.519439697 -29.741531372 4515.685546875 43.704509735 23.124454498
519.914428711 -6.209442139 -31.210556030 5145.503417969 47.038307190 20.589694977
480.088165283 -10.952239990 -35.631072998 5761.902832031 51.743766785 19.790294647
444.294525146 -15.947387695 -42.308746338 6351.753906250 56.961395264 19.071987152
411.948425293 -20.621932983 -47.697738647 6916.624511719 60.060317993 17.711627960
382.518157959 -24.758392334 -48.139328003 7459.073730469 59.628402710 17.269149780
355.931640625 -28.479827881 -48.235916138 7979.104003906 56.292457581 18.503768921
331.890899658 -31.982772827 -49.314590454 8476.434570312 52.641372681 20.986621857
310.143035889 -35.442840576 -51.575683594 8951.133789062 50.940017700 24.340618134
290.515380859 -38.712966919 -54.731048584 9403.026367188 50.237949371 27.263488770
272.790008545 -41.758422852 -57.812286377 9835.682617188 48.298393250 29.167366028
256.257354736 -44.772689819 -59.383056641 10253.338867188 43.935634613 29.237617493
241.272720337 -47.859039307 -59.653091431 10654.815429688 39.702404022 27.841621399
227.505905151 -50.995498657 -59.723281860 11048.071289062 38.142475128 25.467281342
213.700973511 -54.248489380 -60.425201416 11452.165039062 40.238262177 23.998571396
199.880767822 -57.487670898 -62.403060913 11877.477539062 44.799850464 24.473943710
186.062286377 -60.325561523 -65.602066040 12327.092773438 49.351184845 26.418478012
172.243911743 -62.481842041 -68.760711670 12805.833007812 54.352790833 28.573987961
158.425659180 -63.966644287 -71.372894287 13320.362304688 59.621463776 29.013679504
144.607467651 -64.906417847 -73.834075928 13878.807617188 61.721954346 27.125610352
130.789306641 -65.344894409 -77.033340454 14491.586914062 60.207611084 23.681735992
116.971229553 -65.211105347 -81.553894043 15172.897460938 52.951316833 18.329734802
103.153182983 -64.596725464 -86.268218994 15926.509765625 35.980236053 9.546040535
90.315155029 -65.697860718 -84.729614258 16706.677734375 15.104577065 1.872302771
80.025123596 -65.043670654 -91.007843018 17446.482421875 6.352901936 11.568215370
71.646110535 -63.433547974 -88.985443115 18145.859375000 7.620378494 15.292833328
63.855098724 -61.223434448 -89.303833008 18857.882812500 2.812680960 7.957424164
56.554080963 -60.885498047 -90.177917480 19609.632812500 -5.275435925 5.263304710
49.792068481 -59.753540039 -91.897125244 20403.546875000 -8.030723572 4.896884441
43.520057678 -57.945678711 -92.570465088 21251.039062500 -12.080047607 2.526997328
37.640045166 -56.487411499 -92.704437256 22168.669921875 -16.147966385 -0.590628207
32.152034760 -55.349334717 -92.798614502 23171.158203125 -17.010570526 -1.907493353
27.056020737 -54.035156250 -92.896240234 24278.511718750 -14.532422066 -0.498737454
22.303007126 -51.929214478 -93.054534912 25542.275390625 -8.765363693 1.306756496
