962.583923340 30.515533447 20.781616211 0.000000000 -1.541051984 16.553722382
959.719055176 29.722869873 20.582672119 30.052764893 -1.735641122 19.455247879
954.472656250 29.108703613 20.372344971 82.469573975 -1.683860898 20.715993881
945.416503906 28.263397217 19.966674805 168.666259766 -1.454038501 21.444816589
932.108825684 27.076965332 19.343597412 293.692626953 -1.076242685 21.902692795
915.046325684 25.600006104 18.714508057 456.150512695 -0.614525437 22.361707687
894.737365723 23.740997314 18.134582520 650.257446289 0.221328229 22.616701126
872.607971191 21.818115234 17.262786865 869.094726562 1.503260493 22.836694717
848.705322266 20.014953613 14.876892090 1112.616943359 6.876061440 22.765548706
822.118347168 17.953826904 12.116363525 1387.044189453 10.557878494 22.656009674
792.854980469 15.341003418 10.204803467 1696.832031250 12.790762901 22.763372421
760.926574707 12.739471436 7.545745850 2044.736328125 15.354965210 22.939653397
726.372497559 11.012969971 -0.320709229 2434.634277344 20.553504944 24.371398926
689.231506348 10.444488525 -16.914947510 2872.716796875 26.909187317 31.516708374
649.447998047 6.615936279 -26.330780029 3364.697509766 31.363370895 36.800891876
606.898376465 2.315399170 -25.817535400 3915.674316406 33.528068542 33.982810974
561.966064453 -2.021148682 -29.541397095 4519.581542969 36.283527374 34.181865692
518.267333984 -6.486938477 -33.195648193 5145.271972656 37.818496704 36.142913818
478.766479492 -10.944244385 -38.167236328 5758.224121094 40.557910919 36.979019165
443.247497559 -15.863739014 -42.651260376 6345.142578125 44.095306396 36.426113129
411.133789062 -20.724655151 -44.829315186 6907.124511719 47.395698547 35.739246368
381.893920898 -25.316406250 -46.796005249 7446.305175781 50.983909607 35.965133667
355.466064453 -29.315032959 -49.570922852 7962.500488281 54.457592010 36.279205322
331.554809570 -32.678421021 -52.685546875 8456.166015625 55.595947266 36.247066498
309.904296875 -35.676986694 -56.062973022 8928.244140625 53.031604767 36.389141083
290.352416992 -38.574096680 -59.578811646 9378.585937500 48.339324951 36.239604950
272.684020996 -41.537796021 -62.387939453 9810.382812500 44.736999512 34.958900452
256.194030762 -44.686920166 -63.691024780 10227.341796875 43.515258789 32.381473541
241.239654541 -47.753585815 -64.036376953 10628.224609375 43.469806671 29.095853806
227.491760254 -50.802185059 -64.396667480 11021.189453125 43.354305267 26.553010941
213.697113037 -54.033004761 -65.322830200 11425.312500000 43.798164368 24.744403839
199.880249023 -57.250488281 -66.874938965 11850.947265625 45.212028503 24.099788666
186.061950684 -59.975234985 -68.802352905 12301.140625000 48.189750671 25.866840363
172.243713379 -62.142639160 -70.834869385 12780.609375000 51.981380463 28.734512329
158.425521851 -63.765518188 -73.049682617 13295.740234375 55.709312439 29.929334641
144.607360840 -64.723159790 -75.419982910 13854.636718750 57.486248016 28.401481628
130.789260864 -65.192169189 -78.473724365 14467.988281250 54.555973053 25.705026627
116.971191406 -65.780715942 -82.956909180 15148.492187500 48.646385193 22.340106964
103.153152466 -66.539581299 -87.716705322 15897.402343750 41.406951904 15.179358482
90.315139771 -67.063858032 -90.804229736 16671.437500000 32.738166809 7.203459740
80.025123596 -65.660675049 -90.837371826 17407.722656250 23.409486771 5.967481136
71.646110535 -62.137420654 -89.295684814 18108.082031250 3.887696266 19.148300171
63.855098724 -62.655273438 -89.572998047 18819.699218750 -0.953371286 15.370810509
56.554080963 -62.614196777 -90.193511963 19565.869140625 -6.467773914 9.238738060
49.792068481 -61.932235718 -91.150329590 20352.390625000 -10.897371292 5.339943886
43.520057678 -60.091979980 -91.871139526 21191.316406250 -13.610863686 3.496262074
37.640048981 -57.968963623 -92.012985229 22101.355468750 -16.075962067 1.810260057
32.152034760 -56.743240356 -92.056488037 23097.207031250 -16.544187546 0.494627595
27.056022644 -55.270156860 -92.218994141 24197.931640625 -14.820552826 0.630755424
22.303007126 -53.012649536 -92.257659912 25455.011718750 -12.759649277 3.630157948
