978.446960449 22.438354492 21.029022217 0.000000000 4.192304611 9.081824303
975.544860840 22.258850098 20.994720459 29.266906738 7.595474243 11.778284073
970.216186523 22.001281738 21.135681152 80.366668701 10.493163109 12.692463875
961.014221191 21.694702148 21.247436523 164.627929688 15.544860840 14.809493065
947.480102539 21.172332764 21.054595947 287.262756348 18.897815704 18.505704880
930.101257324 20.478240967 20.593994141 447.196105957 19.119432449 21.883569717
909.395874023 19.913391113 19.859771729 639.142333984 18.283100128 26.646602631
886.827575684 19.089813232 18.695281982 856.625610352 16.312753677 31.998153687
862.402648926 18.155181885 17.372253418 1099.839721680 16.174205780 36.035583496
835.191772461 16.858917236 15.386352539 1375.242065430 19.212282181 35.281566620
805.217529297 14.676666260 12.696228027 1687.078613281 22.795410156 30.507169724
772.490783691 12.161193848 10.352783203 2037.959838867 25.508153915 26.538736343
737.003906250 9.577056885 8.507537842 2431.921875000 27.628337860 21.325910568
698.747802734 7.062072754 6.031890869 2874.287109375 28.440351486 14.582622528
657.723999023 4.287384033 1.672454834 3371.412597656 32.881904602 15.044869423
613.926147461 1.415985107 -3.911743164 3930.063476562 42.028842926 19.744628906
567.780639648 -2.464141846 -11.571258545 4543.251464844 51.415996552 22.016090393
522.991149902 -6.796875000 -17.083709717 5178.253417969 58.651123047 22.912395477
482.569152832 -11.412384033 -17.895202637 5799.819824219 61.421997070 23.020191193
446.264526367 -15.563262939 -17.729385376 6395.645507812 57.595638275 23.639972687
413.497955322 -18.726806641 -20.818298340 6968.645019531 47.986427307 24.847282410
383.730560303 -21.661117554 -24.086166382 7521.315917969 37.713520050 26.568479538
356.882202148 -24.869201660 -27.581253052 8052.370605469 29.999444962 28.271982193
332.636108398 -28.369491577 -31.315109253 8560.430664062 25.677337646 29.854352951
310.723754883 -31.937332153 -35.161621094 9045.090820312 24.546745300 31.090433121
290.970397949 -35.562774658 -39.043792725 9505.622070312 26.003679276 31.317707062
273.148468018 -39.185409546 -42.865310669 9945.366210938 28.923643112 31.496681213
256.540222168 -42.819869995 -46.641052246 10368.565429688 32.966285706 32.882518768
241.498489380 -46.356643677 -50.310775757 10774.231445312 37.642173767 34.962593079
227.688461304 -49.733535767 -53.826232910 11170.797851562 42.658794403 38.086074829
213.846969604 -53.249832153 -57.408081055 11577.730468750 47.713527679 42.177059174
199.991607666 -56.846954346 -61.035491943 12005.498046875 51.856956482 47.447914124
186.138061523 -60.646026611 -64.886932373 12456.295898438 55.471561432 53.151210785
172.289352417 -64.790191650 -69.025756836 12932.879882812 58.756469727 57.164970398
158.448028564 -68.517517090 -72.785125732 13439.569335938 61.516464233 56.694107056
144.617172241 -70.216598511 -75.899719238 13985.235351562 66.245643616 43.982978821
130.792526245 -68.539794922 -74.242950439 14586.030273438 71.888137817 21.357522964
116.971290588 -66.412002563 -79.844482422 15260.464843750 66.195892334 7.601380825
103.153228760 -63.065124512 -86.370422363 16014.894531250 40.498825073 3.312256336
90.315193176 -61.075027466 -82.660797119 16806.593750000 13.755515099 16.923141479
80.025138855 -62.176757812 -83.335235596 17559.914062500 11.043591499 15.955858231
71.646110535 -60.448532104 -86.082489014 18269.058593750 7.709241867 4.578401566
63.855087280 -60.558486938 -89.665954590 18987.150390625 -3.911628723 1.461381435
56.554073334 -60.884017944 -91.075714111 19740.093750000 -9.693079948 3.081601620
49.792060852 -60.243927002 -92.046340942 20533.011718750 -9.767728806 -0.222772345
43.520053864 -58.945755005 -92.694824219 21377.445312500 -12.469263077 -3.538776875
37.640045166 -57.739669800 -92.946441650 22290.226562500 -16.248100281 -0.871114731
32.152030945 -56.081130981 -93.203369141 23288.054687500 -16.297430038 2.962824345
27.056020737 -53.527145386 -93.269775391 24394.933593750 -14.206743240 2.626900911
22.303007126 -51.199707031 -93.219451904 25662.271484375 -10.485536575 -2.294500828
