980.910400391 25.447052002 22.361877441 0.000000000 1.553181291 12.117535591
977.989746094 25.140380859 22.079956055 29.598602295 1.826135874 17.474559784
972.639526367 24.619781494 21.965148926 81.283508301 1.096363783 20.113273621
963.407592773 23.885803223 21.739562988 166.365325928 0.053971373 22.793842316
949.828125000 23.258422852 21.085845947 290.003387451 -1.501662493 27.042213440
932.398193359 22.966125488 20.177947998 451.297332764 -4.398194313 33.960674286
911.618896484 22.259155273 19.399719238 644.981323242 -5.942560673 39.374706268
888.964538574 20.858215332 18.419799805 864.213134766 -2.826969862 42.621826172
864.442443848 19.547241211 17.229949951 1109.133666992 5.221627712 42.800037384
837.108581543 18.286102295 15.579620361 1386.448242188 13.875140190 38.331584930
806.994628906 16.630950928 12.209045410 1700.804931641 17.630624771 35.338794708
774.128173828 14.226226807 9.509033203 2054.950439453 17.523927689 30.865322113
738.452941895 11.763885498 9.301452637 2453.128173828 20.127929688 26.825300217
699.979736328 9.676422119 6.462951660 2900.975097656 27.164377213 28.086540222
658.749389648 7.556182861 0.191345215 3404.986083984 33.592552185 34.355060577
614.760986328 3.808380127 -6.240356445 3970.803222656 39.014938354 39.597152710
568.397277832 -1.414672852 -7.793762207 4590.040527344 40.692089081 39.410278320
523.363403320 -6.767852783 -8.951354980 5229.572753906 43.132793427 37.483116150
482.730499268 -11.838348389 -13.151306152 5853.972167969 46.823371887 35.399517059
446.289886475 -16.394561768 -18.201889038 6450.752441406 50.362922668 34.514945984
413.429962158 -20.022445679 -22.166748047 7023.033691406 53.319225311 34.710960388
383.591217041 -23.241485596 -25.676574707 7573.954589844 56.446472168 34.931434631
356.693267822 -26.632949829 -29.372344971 8102.698730469 57.897556305 34.908020020
332.418121338 -30.127914429 -33.145599365 8608.065429688 52.919631958 35.311561584
310.492980957 -33.683044434 -36.920013428 9089.811523438 44.055412292 37.382255554
290.738800049 -37.288116455 -40.783660889 9547.402343750 38.620182037 38.868911743
272.925170898 -40.663406372 -44.317184448 9984.351562500 35.900302887 37.663764954
256.332641602 -43.914199829 -47.706085205 10405.226562500 34.746101379 35.799499512
241.311920166 -47.084564209 -50.994110107 10809.067382812 35.571868896 33.776493073
227.527618408 -50.110733032 -54.130920410 11204.263671875 38.508975983 31.182306290
213.716918945 -53.199615479 -57.317504883 11610.336914062 43.383098602 28.378301620
199.893966675 -56.575836182 -60.761566162 12037.644531250 47.891750336 26.258302689
186.070388794 -60.286361694 -64.485626221 12488.355468750 48.977275848 25.797426224
172.246673584 -63.670730591 -67.904418945 12965.933593750 49.518955231 26.474395752
158.425628662 -65.952041626 -70.899322510 13476.591796875 52.864700317 28.381978989
144.607437134 -66.953445435 -73.428359985 14029.585937500 58.015857697 29.943408966
130.789260864 -67.477172852 -77.088623047 14636.257812500 61.439449310 28.469301224
116.971191406 -67.662124634 -81.324401855 15310.044921875 59.503356934 20.838615417
103.153144836 -66.370086670 -86.714080811 16056.136718750 42.870426178 11.966477394
90.315124512 -64.385635376 -90.851745605 16835.535156250 15.377864838 13.816827774
80.025115967 -62.818069458 -89.943740845 17581.646484375 12.754141808 19.194728851
71.646102905 -61.270858765 -88.823150635 18288.361328125 8.457440376 12.406897545
63.855087280 -61.825195312 -89.444824219 19002.910156250 0.042859729 5.230245590
56.554073334 -62.139282227 -90.750885010 19751.439453125 -6.692257404 1.043677926
49.792060852 -62.064407349 -92.104156494 20538.701171875 -8.985238075 0.777806759
43.520053864 -60.212814331 -92.809036255 21377.228515625 -10.546900749 0.859139204
37.640045166 -57.716522217 -92.828033447 22287.578125000 -14.034696579 -0.522336245
32.152030945 -55.858825684 -92.819641113 23285.998046875 -16.625782013 -0.455241889
27.056020737 -54.071945190 -92.914489746 24391.853515625 -15.449269295 1.564333797
22.303007126 -52.157592773 -93.135559082 25654.722656250 -11.094522476 2.008630753
