974.742370605 29.197052002 21.834777832 0.000000000 -2.213017225 12.482006073
971.837707520 28.952880859 21.440673828 30.004852295 -2.669004440 17.596050262
966.519531250 28.557281494 21.234252930 82.377258301 -2.912815332 20.963705063
957.343566895 27.823303223 20.840881348 168.584075928 -2.861795187 24.251726151
943.844116211 26.695922852 20.133544922 293.690887451 -2.473584652 27.406682968
926.526184082 25.216125488 19.479858398 456.391082764 -1.482427597 30.437456131
905.882873535 23.384155273 19.060791016 651.043823242 0.131953090 33.057212830
883.380554199 21.545715332 18.606658936 870.838134766 3.490524530 36.061351776
859.018432617 19.672241211 17.697570801 1116.008666992 9.109316826 36.725524902
831.884582520 18.161102295 15.315551758 1393.041992188 14.239610672 32.257068634
802.002685547 16.380950928 12.730743408 1706.836181641 14.471877098 27.077457428
769.368225098 13.101226807 10.712310791 2059.637939453 14.972631454 25.641241074
734.012939453 10.513885498 6.385650635 2454.721923828 19.277498245 26.096359253
696.007751465 10.863922119 -7.476257324 2899.006347656 29.351202011 30.394855499
655.325378418 8.556182861 -16.433013916 3399.861083984 33.228080750 34.476551056
611.861022949 3.370880127 -21.748977661 3960.990722656 35.977680206 33.887107849
566.009277344 -1.789672852 -26.292129517 4574.040527344 38.505260468 31.391918182
521.463378906 -6.267852783 -29.066406250 5208.104003906 40.702987671 29.950719833
481.252105713 -10.650848389 -31.570053101 5829.159667969 45.122509003 28.717554092
445.150695801 -15.707061768 -36.502593994 6423.502441406 49.148017883 28.075962067
412.564331055 -20.584945679 -41.304992676 6992.002441406 50.646438599 28.028995514
382.947174072 -24.991485596 -45.005752563 7536.954589844 52.194313049 28.492450714
356.222900391 -28.882949829 -47.970855713 8058.448730469 54.495826721 28.954994202
332.081726074 -32.190414429 -50.386840820 8556.877929688 56.564338684 29.601516724
310.256958008 -35.183044434 -52.801849365 9033.092773438 57.662322998 30.457309723
290.576049805 -38.163116455 -55.727844238 9486.871093750 57.694156647 31.336513519
272.815551758 -41.163406372 -58.905731201 9921.320312500 56.189178467 30.860309601
256.261474609 -44.289199829 -62.192962646 10340.476562500 52.726661682 28.388593674
241.266876221 -47.209564209 -65.207946777 10743.192382812 47.234935760 25.393663406
227.498550415 -50.110733032 -67.295410156 11137.794921875 42.639648438 23.892890930
213.697143555 -53.074615479 -68.862060547 11543.680664062 41.074783325 24.490612030
199.879974365 -56.075836182 -70.094268799 11971.457031250 43.153629303 26.258302689
186.061798096 -58.911361694 -71.239227295 12423.980468750 47.276412964 27.619781494
172.243606567 -61.358230591 -72.746826172 12905.558593750 50.855350494 28.296749115
158.425476074 -63.327041626 -74.988250732 13422.154296875 52.257247925 27.774528503
144.607345581 -65.265945435 -77.855102539 13980.898437500 51.819850922 25.691247940
130.789260864 -66.852172852 -80.199127197 14590.882812500 51.477245331 21.908824921
116.971221924 -68.224624634 -83.217239380 15264.607421875 48.933700562 17.315397263
103.153175354 -67.995086670 -86.421768188 16006.605468750 39.104225159 12.573928833
90.315155029 -65.260635376 -88.337295532 16781.253906250 18.172142029 7.863803864
80.025138855 -65.193069458 -90.201446533 17521.646484375 6.922608376 8.625075340
71.646125793 -63.833358765 -88.535720825 18220.048828125 5.663164139 10.098582268
63.855106354 -64.012695312 -88.817596436 18926.535156250 1.500743032 8.510483742
56.554088593 -62.701782227 -90.054290771 19670.189453125 -1.954136729 6.510740280
49.792068481 -61.626907349 -91.360900879 20457.232421875 -7.891825676 3.207612276
43.520057678 -60.275314331 -92.051269531 21296.447265625 -11.640313148 1.223610044
37.640048981 -58.279022217 -92.282775879 22205.359375000 -15.006618500 -0.765316844
32.152034760 -56.421325684 -92.518142700 23201.185546875 -17.597703934 -1.062693238
27.056022644 -54.134445190 -92.720397949 24305.541015625 -17.028642654 -0.015039835
22.303007126 -51.032592773 -92.748260498 25571.628906250 -11.823464394 0.550747514
