956.254394531 30.072052002 22.156646729 0.000000000 -3.792390823 12.603496552
953.405761719 30.077880859 21.380676270 30.098602295 -4.855829239 17.717540741
948.191467285 29.869781494 20.824584961 82.627258301 -5.342620850 20.599235535
939.207580566 29.198303223 20.218963623 169.021575928 -5.413091183 22.793842316
925.996093750 28.008422852 19.586639404 294.315887451 -5.146370888 24.369426727
909.070129395 26.341125488 19.227722168 457.047332764 -4.641174793 25.577844620
888.922912598 24.259155273 19.218963623 651.387573242 -3.998716354 26.861207962
866.972595215 22.108215332 19.027740479 870.431884766 -3.069950342 28.042995453
843.250488281 19.859741211 18.247955322 1114.071166992 -1.581827998 29.071636200
816.860595703 17.786102295 16.349456787 1388.479492188 4.155918121 28.855342865
787.842651367 15.818450928 12.900848389 1698.211181641 9.612265587 26.955966949
756.232177734 13.163726807 8.751281738 2045.544189453 14.122199059 25.884222031
722.068969727 11.388885498 1.015625000 2434.096923828 21.707304001 26.217847824
685.379760742 10.926422119 -19.335449219 2870.068847656 31.052066803 25.656734467
646.097412109 9.056182861 -45.792205811 3360.986083984 33.835533142 23.785408020
604.080993652 4.683380127 -44.706420898 3912.303222656 34.033836365 24.775337219
559.681274414 -0.477172852 -35.598968506 4515.790527344 36.196945190 24.588462830
516.467407227 -5.642852783 -36.896575928 5139.604003906 39.731063843 24.605148315
477.375305176 -10.400848389 -38.979660034 5749.722167969 43.057174683 25.437316895
442.190704346 -15.269561768 -42.221618652 6333.939941406 45.989273071 26.496589661
410.346771240 -20.084945679 -45.118713379 6893.814941406 48.216632843 26.935583115
381.325592041 -24.741485596 -47.826675415 7431.142089844 50.736427307 26.670097351
355.070129395 -29.070449829 -50.198089600 7945.511230469 53.645393372 26.282209396
331.284149170 -32.752914429 -52.247589111 8437.190429688 56.199867249 25.956808090
309.727386475 -36.058044434 -54.158020020 8907.061523438 58.026794434 26.083660126
290.245330811 -39.288116455 -56.149017334 9354.996093750 59.638000488 26.112430573
272.622131348 -42.600906372 -58.324188232 9784.132812500 60.927299500 26.365169525
256.162322998 -45.851699829 -60.814071655 10198.382812500 61.838432312 27.052200317
241.225585938 -48.834564209 -63.508117676 10596.817382812 61.692279816 27.944957733
227.487167358 -51.360733032 -66.165435791 10988.107421875 60.620208740 28.631010056
213.696624756 -53.824615479 -68.017364502 11391.836914062 59.298324585 28.499792099
199.880111694 -56.138336182 -68.857147217 11818.769531250 58.339916229 27.837675095
186.061874390 -58.536361694 -69.775085449 12271.605468750 58.089046478 26.526369095
172.243667603 -61.045730591 -71.533279419 12753.996093750 57.537315369 24.652040482
158.425476074 -63.577041626 -74.082489014 13270.685546875 55.415996552 22.550445557
144.607360840 -65.765945435 -77.200256348 13828.460937500 52.670284271 20.953128815
130.789260864 -67.164672852 -80.454315186 14437.257812500 49.168930054 18.264118195
116.971229553 -68.162124634 -83.772003174 15110.544921875 43.223659515 14.035160065
103.153182983 -69.307586670 -86.395812988 15850.105468750 36.552932739 10.022632599
90.315155029 -67.885635376 -88.337112427 16617.285156250 25.947519302 7.620823383
80.025146484 -65.443069458 -89.393020630 17352.333984375 9.352414131 7.531662941
71.646125793 -64.583358765 -88.822723389 18049.017578125 0.925043464 9.491131783
63.855113983 -63.950195312 -88.855819702 18754.378906250 -2.994397163 11.790720940
56.554096222 -62.451782227 -89.621475220 19498.658203125 -4.748413086 10.398428917
49.792079926 -60.814407349 -90.526458740 20287.701171875 -8.620767593 4.908476353
43.520069122 -59.712814331 -91.204498291 21129.447265625 -12.976706505 1.466590643
37.640056610 -57.904022217 -91.504058838 22040.296875000 -16.100030899 -0.522336245
32.152042389 -55.483825684 -91.636016846 23039.310546875 -16.625782013 -0.333751589
27.056024551 -52.946945190 -91.564880371 24149.166015625 -13.626914978 0.592411578
22.303007126 -50.095092773 -91.338195801 25421.378906250 -8.543227196 0.550747514
