976.342346191 25.557495117 21.632476807 0.000000000 0.467771679 10.406646729
973.431640625 25.813964844 21.605468750 29.661926270 -0.339518756 17.875799179
968.102294922 25.698974609 21.684051514 81.540069580 -0.892194211 21.138006210
958.907104492 26.127624512 21.379882812 167.174835205 -1.240047693 27.776441574
945.379211426 25.721679688 21.262237549 291.917053223 1.400182128 33.443737030
928.006225586 24.422088623 21.159454346 454.518127441 4.335788250 38.202457428
907.306091309 22.863555908 20.568176270 649.273437500 7.196697235 41.684867859
884.726074219 20.884735107 19.802276611 869.164611816 7.877633095 44.897777557
860.296142578 18.973358154 18.877563477 1114.378417969 10.992797852 47.030227661
833.055908203 17.300506592 17.507080078 1391.542968750 17.654863358 44.116764069
803.051391602 15.827789307 15.408966064 1705.727783203 19.425708771 38.184272766
770.301391602 13.903076172 11.436950684 2059.724853516 23.207275391 33.160758972
734.869995117 11.576232910 5.164337158 2456.664062500 31.084878922 28.672636032
696.748291016 9.220367432 -0.872711182 2901.497802734 35.191143036 25.070405960
655.902099609 7.013336182 -8.949890137 3401.326416016 39.870048523 22.453403473
612.321533203 4.315185547 -31.626312256 3963.168945312 43.810977936 23.593669891
566.397094727 -0.346954346 -47.564254761 4579.377441406 44.779548645 24.865465164
521.783508301 -5.246917725 -41.482727051 5216.745117188 45.746990204 22.081110001
481.510986328 -10.006042480 -48.059280396 5840.207031250 51.706863403 19.376869202
445.359405518 -14.728668213 -57.147827148 6436.768066406 57.179649353 16.573560715
412.723205566 -19.448608398 -67.872558594 7008.053222656 59.463169098 14.044147491
383.061218262 -23.894515991 -66.509689331 7555.992675781 60.264820099 12.144845963
356.307250977 -27.775466919 -58.503112793 8080.322753906 59.949298859 10.881714821
332.141723633 -31.232696533 -55.010421753 8581.282226562 57.216449738 10.288737297
310.298156738 -34.285400391 -55.202575684 9059.676757812 51.090881348 11.454803467
290.602935791 -37.299133301 -57.463439941 9515.376953125 43.863433838 14.041173935
272.832214355 -40.442520142 -60.307006836 9951.542968750 39.363784790 16.022567749
256.270843506 -43.619323730 -61.534988403 10372.115234375 37.459011078 16.107204437
241.271560669 -46.666397095 -62.037734985 10775.961914062 34.710746765 15.537941933
227.500671387 -49.894149780 -61.437316895 11171.328125000 32.133518219 15.305194855
213.698120117 -53.386413574 -62.043273926 11577.146484375 32.890075684 16.761951447
199.880599976 -56.941787720 -64.090850830 12003.723632812 36.818042755 19.336738586
186.062194824 -60.244445801 -66.985565186 12453.884765625 41.895751953 20.486490250
172.243911743 -63.135391235 -69.746582031 12931.914062500 46.489208221 19.050987244
158.425659180 -65.369567871 -71.813201904 13443.809570312 51.168872833 16.625102997
144.607467651 -66.993682861 -73.839508057 13997.546875000 55.790634155 13.552862167
130.789306641 -67.790252686 -76.436614990 14603.750000000 57.728275299 10.226524353
116.971221924 -67.685012817 -79.951507568 15277.041015625 53.406738281 8.279646873
103.153167725 -66.766082764 -84.688690186 16022.333007812 39.334484100 8.117974281
90.315139771 -65.289016724 -86.978286743 16799.224609375 20.462976456 12.393217087
80.025115967 -63.433563232 -89.731201172 17542.482421875 6.411592960 20.822683334
71.646102905 -61.684768677 -89.152816772 18247.396484375 6.203957081 12.694667816
63.855087280 -60.260040283 -90.407836914 18964.005859375 -2.698661327 -1.187097669
56.554080963 -61.814926147 -91.670700073 19715.798828125 -6.548972130 -0.952813327
49.792068481 -60.825912476 -91.959930420 20505.865234375 -9.072221756 2.433557510
43.520057678 -59.062789917 -92.530136108 21349.056640625 -12.831040382 1.842460394
37.640045166 -58.011077881 -92.920745850 22261.093750000 -16.068643570 -1.082808733
32.152034760 -56.914916992 -92.914978027 23256.271484375 -16.474197388 -0.473657489
27.056020737 -54.369796753 -92.922363281 24358.841796875 -14.228784561 0.193313688
22.303007126 -51.793121338 -93.085754395 25622.107421875 -12.432513237 -5.543141365
