978.646972656 25.813354492 19.416046143 0.000000000 -5.526917934 11.390139580
975.736877441 25.946350098 19.539703369 29.579406738 -7.590810299 18.460248947
970.400146484 25.938781738 20.185089111 81.335418701 -8.702301025 20.103370667
961.190185547 25.757202148 20.902984619 166.846679688 -9.968097687 24.650205612
947.632019043 25.047332764 21.345153809 291.387756348 -10.624322891 28.832378387
930.205261230 23.790740967 21.546600342 453.727355957 -8.580350876 34.518558502
909.427917480 22.100891113 21.190582275 648.267333984 -6.743896961 38.795631409
886.771545410 19.777313232 19.940826416 867.719360352 -5.676986217 41.960357666
862.258605957 18.092681885 18.260864258 1112.152221680 2.810274601 44.175434113
834.975769043 16.733917236 14.410522461 1388.242065430 14.474160194 42.692470551
804.929443359 14.989166260 12.643554688 1701.016113281 20.730075836 35.609760284
772.106811523 13.473693848 10.541107178 2053.959960938 21.741954803 30.669406891
736.563903809 12.639556885 3.290039062 2451.390625000 26.534925461 31.166624069
698.347839355 11.562072754 -8.999145508 2898.568359375 33.421451569 33.778087616
657.416015625 8.662384033 -18.971939087 3401.412597656 35.797672272 37.885040283
613.674194336 3.603485107 -19.638519287 3964.688476562 37.533702850 37.968170166
567.528625488 -2.401641846 -22.883941650 4579.532714844 40.846340179 33.436176300
522.711120605 -6.671875000 -26.798889160 5214.784667969 45.408679962 28.865419388
482.277923584 -10.849884033 -31.787094116 5837.288574219 50.366382599 26.300428391
445.984527588 -15.375762939 -36.174743652 6433.770507812 53.221988678 24.854875565
413.222747803 -19.914306641 -37.874603271 7005.332519531 54.668392181 22.053007126
383.456146240 -24.286117554 -38.274566650 7553.753417969 55.815574646 18.185649872
356.614227295 -28.431701660 -39.408111572 8078.245605469 56.119853973 14.908052444
332.379302979 -32.494491577 -41.297882080 8578.368164062 54.592025757 14.182106018
310.481536865 -35.937332153 -43.309921265 9054.840820312 52.853981018 17.240541458
290.744812012 -38.875274658 -45.858749390 9508.247070312 52.731540680 21.598485947
272.942047119 -41.747909546 -49.317245483 9942.334960938 53.586170197 23.721302032
256.356140137 -44.632369995 -50.724853516 10361.252929688 52.404731750 23.284786224
241.338607788 -47.419143677 -51.390441895 10763.950195312 48.697788239 20.991212845
227.555297852 -50.233535767 -54.255371094 11158.672851562 44.116676331 19.376571655
213.744781494 -53.312332153 -57.571594238 11564.511718750 41.881992340 19.944337845
199.921661377 -56.471954346 -60.646453857 11991.810546875 42.380714417 22.663898468
186.097534180 -59.583526611 -63.786453247 12443.358398438 45.752338409 24.600996017
172.272552490 -62.540191650 -67.768981934 12922.973632812 51.588542938 24.362596512
158.446914673 -65.017517090 -71.779968262 13436.256835938 57.993247986 23.648752213
144.620864868 -66.591598511 -75.008392334 13991.235351562 63.572856903 21.993240356
130.794128418 -67.227294922 -78.151000977 14599.124023438 65.206169128 19.049207687
116.971511841 -66.474502563 -80.126495361 15275.621093750 57.691574097 13.311423302
103.153381348 -64.815124512 -76.097183228 16026.738281250 35.274742126 7.685906410
90.315231323 -63.700027466 -78.128860474 16810.281250000 13.148063660 11.699059486
80.025154114 -63.114257812 -84.621246338 17557.132812500 8.856766701 11.217737198
71.646125793 -63.136032104 -83.812057495 18260.277343750 4.671984673 2.270086288
63.855087280 -62.558486938 -87.690063477 18970.525390625 1.190962911 2.311813354
56.554073334 -60.509017944 -91.270660400 19720.656250000 -7.870725632 0.165834889
49.792060852 -60.493927002 -92.120788574 20513.699218750 -12.197534561 -1.316184878
43.520053864 -59.570755005 -92.569915771 21356.382812500 -14.048637390 0.227421656
37.640045166 -57.614669800 -92.601089478 22268.132812500 -16.005121231 -0.628134191
32.152030945 -55.956130981 -92.676269531 23266.460937500 -16.175939560 -1.289335370
27.056020737 -54.027145386 -92.884094238 24372.183593750 -13.963763237 0.804546833
22.303007126 -51.762207031 -93.111755371 25636.302734375 -10.607027054 2.200639486
