973.702331543 25.682495117 21.877746582 0.000000000 1.561184168 3.481700420
970.799621582 26.313964844 21.690155029 29.693176270 0.389422894 10.221912384
965.486267090 26.511474609 21.521331787 81.665069580 -0.527723372 14.820512772
956.331115723 26.627624512 21.098419189 167.393585205 -0.754086554 21.094476700
942.843261719 25.784179688 21.096893311 292.135803223 0.914220989 26.640279770
925.534240723 24.359588623 21.155334473 454.549377441 3.363865852 31.156019211
904.914123535 22.738555908 20.751831055 648.992187500 5.252852917 35.731845856
882.422058105 20.822235107 20.155670166 868.602111816 6.298259258 40.038166046
858.088195801 19.035858154 18.905120850 1113.440917969 11.114287376 40.955715179
830.975952148 17.175506592 17.384002686 1390.011718750 16.925922394 37.191818237
801.107360840 15.390289307 15.666778564 1703.196533203 17.481864929 31.623798370
768.517395020 13.278076172 12.094085693 2055.912353516 18.955116272 27.207735062
733.237976074 10.763732910 7.046722412 2451.195312500 25.374835968 23.813024521
695.276245117 8.157867432 0.988555908 2893.810302734 30.817495346 20.453775406
654.602111816 5.450836182 -3.982452393 3390.451416016 36.954280853 19.659128189
611.197509766 3.315185547 -21.266082764 3948.793945312 42.231605530 22.135786057
565.477111816 -0.596954346 -44.471954346 4562.064941406 43.564643860 24.258012772
521.063537598 -5.309417725 -41.495574951 5197.213867188 43.924636841 22.931541443
480.962188721 -10.131042480 -44.673736572 5818.519531250 48.426624298 21.806674957
444.954620361 -15.041168213 -55.079544067 6412.830566406 53.291961670 20.825719833
412.444793701 -19.698608398 -59.631652832 6981.928222656 55.939952850 19.268228531
382.870788574 -24.082015991 -57.167709351 7528.117675781 57.349052429 17.854888916
356.164855957 -27.900466919 -54.435165405 8051.291503906 57.762474060 16.105796814
332.033325195 -31.357696533 -53.101242065 8551.438476562 56.244525909 14.054936409
310.215148926 -34.660400391 -54.082473755 9028.864257812 51.698333740 13.884609222
290.545654297 -37.799133301 -56.509124756 9483.251953125 45.807277679 16.713958740
272.798156738 -40.942520142 -59.298309326 9918.011718750 41.672100067 19.788766861
256.253082275 -44.056823730 -61.868469238 10337.333984375 38.552421570 20.116384506
241.264083862 -47.103897095 -62.762329102 10740.180664062 35.925647736 19.668611526
227.498474121 -50.269149780 -62.505935669 11134.734375000 34.684814453 20.407785416
213.697769165 -53.761413574 -63.269058228 11539.865234375 36.777763367 22.714973450
199.880447388 -57.191787720 -65.431701660 11965.879882812 41.434673309 25.168272018
186.062103271 -60.306945801 -68.107238770 12415.791015625 46.390892029 24.860139847
172.243835449 -62.885391235 -70.297897339 12894.101562500 50.012424469 22.209733963
158.425628662 -64.869567871 -72.024505615 13407.028320312 52.748249054 19.783851624
144.607452393 -66.243682861 -74.088684082 13962.453125000 55.669143677 17.319061279
130.789306641 -66.977752686 -76.777832031 14570.937500000 56.391883850 13.142291069
116.971221924 -67.122512817 -80.204467773 15246.416015625 50.733951569 9.008588791
103.153167725 -66.641082764 -84.571777344 15992.926757812 36.661697388 6.660090446
90.315139771 -66.039016724 -89.809875488 16768.755859375 19.977016449 7.533606052
80.025123596 -63.808563232 -90.550765991 17510.107421875 7.262024879 15.720091820
71.646110535 -62.622268677 -89.209442139 18212.833984375 4.381602764 14.274042130
63.855091095 -61.322540283 -89.355682373 18926.005859375 0.338595569 6.345299721
56.554080963 -61.314926147 -90.583892822 19676.798828125 -6.427482128 2.327424288
49.792068481 -60.263412476 -91.739196777 20468.896484375 -8.221790314 4.863363266
43.520057678 -57.875289917 -92.521362305 21315.494140625 -12.952530861 2.206931353
37.640045166 -57.136077881 -92.853469849 22231.812500000 -18.376958847 -3.148143530
32.152034760 -56.664916992 -92.903045654 23229.677734375 -17.810590744 -2.903463125
27.056020737 -54.744796753 -92.946533203 24331.966796875 -14.350275040 -1.264569640
22.303007126 -52.105621338 -93.071502686 25593.169921875 -10.974630356 -3.842277288
