979.561706543 24.510009766 20.663787842 0.000000000 -1.719031096 13.666394234
976.653137207 25.119628906 20.447113037 29.502899170 -2.565570116 23.314216614
971.319580078 25.691223145 20.294189453 81.168457031 -3.128471136 29.057039261
962.114990234 26.130767822 19.832275391 166.492218018 -3.392948151 38.425468445
948.580261230 25.797576904 18.976043701 290.753631592 -2.903008938 44.591217041
931.209228516 24.766418457 18.325378418 452.711761475 -1.141670465 49.133632660
910.495910645 23.039367676 18.044250488 646.697753906 0.824564099 52.679527283
887.904235840 21.161804199 17.372467041 865.784301758 3.529016733 55.575061798
863.457336426 19.213287354 16.029052734 1110.108032227 10.073749542 55.333343506
836.194519043 17.488189697 15.245880127 1386.413330078 20.390268326 53.140674591
806.130249023 15.602539062 14.119415283 1699.686523438 25.676677704 50.428611755
773.291076660 13.965789795 10.627685547 2053.155761719 27.755004883 43.019874573
737.693298340 11.770812988 8.966217041 2450.902343750 30.009080887 37.423057556
699.307800293 9.067901611 6.441986084 2897.688720703 33.025177002 34.048469543
658.172058105 6.407867432 0.544342041 3399.559570312 32.787288666 33.058391571
614.271057129 2.432830811 -5.499603271 3962.162597656 34.703174591 30.738719940
568.014587402 -2.769439697 -9.779663086 4577.341796875 43.461528778 28.348537445
523.090454102 -8.084442139 -11.454193115 5212.347167969 52.383880615 22.047578812
482.548980713 -12.889739990 -14.306427002 5832.715332031 57.939769745 15.902606010
446.172973633 -16.759887695 -18.638031006 6427.003906250 61.335044861 14.819826126
413.343627930 -20.184432983 -22.359039307 6998.187011719 61.032238007 18.197587967
383.526184082 -23.195892334 -25.687484741 7548.573730469 54.404319763 24.194095612
356.660430908 -26.292327881 -29.040115356 8077.197753906 46.087272644 29.194913864
332.407684326 -29.795272827 -32.830581665 8582.747070312 42.557678223 32.528198242
310.496643066 -33.442840576 -36.731262207 9064.696289062 44.015071869 35.274742126
290.749481201 -37.025466919 -40.481246948 9522.588867188 47.079204559 37.468673706
272.938171387 -40.445922852 -44.136260986 9959.901367188 49.270313263 38.765098572
256.345764160 -44.022689819 -47.835510254 10380.776367188 49.281208038 38.713859558
241.324920654 -47.421539307 -51.378631592 10784.159179688 47.477783203 37.196372986
227.540084839 -50.557998657 -54.634826660 11178.633789062 45.553382874 34.700542450
213.727798462 -53.810989380 -57.918304443 11583.727539062 45.583835602 31.773948669
199.902847290 -56.987670898 -61.202697754 12010.102539062 46.379226685 28.847593307
186.077972412 -60.513061523 -64.719635010 12460.124023438 45.949455261 26.539968491
172.253906250 -64.294342041 -68.649932861 12936.739257812 45.241020203 24.686300278
158.432327271 -67.216644287 -71.840637207 13445.081054688 47.836906433 22.331712723
144.613006592 -67.593917847 -72.607818604 13995.682617188 57.348304749 19.836194992
130.793670654 -66.782394409 -72.289260864 14602.618164062 67.132560730 18.822124481
116.973747253 -65.836105347 -70.669677734 15280.678710938 63.035003662 16.993341446
103.153961182 -64.346725464 -69.708709717 16033.728515625 40.839847565 16.470987320
90.315216064 -62.322860718 -76.814849854 16820.677734375 20.328659058 21.067766190
80.025131226 -61.356170654 -88.770141602 17573.076171875 11.455493927 14.241001129
71.646110535 -63.121047974 -87.637603760 18279.234375000 5.190572739 1.321451426
63.855087280 -65.160934448 -88.155426025 18985.007812500 3.541622400 1.275458813
56.554073334 -63.760498047 -90.712722778 19724.820312500 -1.266256571 7.571619987
49.792060852 -60.628540039 -92.192962646 20511.765625000 -9.488606453 2.831549644
43.520053864 -59.508178711 -92.729400635 21354.351562500 -15.724756241 -4.762419224
37.640045166 -58.987411499 -92.849884033 22263.263671875 -18.334791183 -4.599807262
32.152030945 -57.224334717 -92.835510254 23255.689453125 -20.169317245 -2.514944792
27.056020737 -54.785156250 -92.948547363 24356.574218750 -19.392032623 -1.106188893
22.303007126 -52.179214478 -93.195098877 25617.431640625 -14.718386650 -1.001558781
