981.257629395 26.510009766 21.933593750 0.000000000 -0.504128277 6.862938404
978.333129883 26.994628906 21.459747314 29.784149170 -0.257254779 14.202445984
972.983581543 27.441223145 21.230163574 81.887207031 0.030276172 18.608875275
963.739013672 27.443267822 20.539123535 167.898468018 0.373250395 25.183027267
950.148254395 26.610076904 19.638336182 292.909881592 1.592131376 30.498346329
932.705261230 25.141418457 18.938446045 455.649261475 3.596450329 34.554801941
911.903930664 23.226867676 18.876708984 650.416503906 6.170136452 37.128772736
889.208251953 21.224304199 18.819335938 870.503051758 9.360549927 38.809402466
864.617370605 19.025787354 17.961151123 1116.045532227 12.017593384 40.025569916
837.194519043 16.800689697 16.385650635 1393.319580078 14.194263458 39.412273407
806.970214844 14.915039062 14.299713135 1707.311523438 17.172359467 32.083580017
773.947082520 12.465789795 12.693450928 2061.093261719 15.362996101 20.787153244
738.197326660 11.645812988 4.342285156 2458.714843750 21.018800735 23.451675415
699.775878906 10.880401611 -7.000915527 2906.251220703 27.801095963 28.824388504
658.616027832 8.032867432 -12.336273193 3409.934570312 32.301326752 31.843488693
614.639038086 3.245330811 -18.354583740 3974.381347656 35.432117462 35.719821930
568.274597168 -2.206939697 -22.672744751 4591.123046875 38.115959167 34.544540405
523.256469727 -6.771942139 -24.873748779 5228.565917969 41.206775665 32.009780884
482.651367188 -10.827239990 -29.681900024 5852.965332031 47.248622894 30.359949112
446.230560303 -15.759887695 -33.584594727 6450.753906250 53.924137115 28.548227310
413.383636475 -20.559432983 -35.949050903 7022.468261719 57.387531281 27.187868118
383.554168701 -24.820892334 -37.279815674 7570.573730469 56.955615997 26.380920410
356.662017822 -28.417327881 -38.210388184 8095.385253906 54.348613739 26.279146194
332.389282227 -31.545272827 -39.681427002 8597.247070312 51.547958374 26.818155289
310.464263916 -34.692840576 -42.384277344 9076.540039062 49.846607208 27.256385803
290.709472656 -37.837966919 -45.094802856 9532.651367188 48.780067444 27.020507812
272.895690918 -40.945922852 -46.787445068 9968.838867188 46.476036072 25.522657394
256.304321289 -44.022689819 -49.805053711 10389.307617188 42.113281250 22.555652618
241.286071777 -46.984039307 -52.817657471 10793.065429688 37.394088745 19.458791733
227.505386353 -49.870498657 -55.719482422 11188.477539062 33.768825531 17.448923111
213.699371338 -52.935989380 -58.840225220 11594.915039062 32.219905853 17.559587479
199.881439209 -56.050170898 -61.956024170 12022.852539062 33.622745514 19.735822678
186.062850952 -59.263061523 -63.503051758 12474.999023438 37.931098938 21.558866501
172.244415283 -62.794342041 -67.030090332 12954.520507812 44.269100189 21.649042130
158.426101685 -65.904144287 -70.737167358 13466.143554688 51.481616974 20.995321274
144.607894897 -67.593917847 -74.364532471 14018.307617188 58.927677155 20.686626434
130.789749146 -67.907394409 -78.114227295 14623.430664062 62.758907318 19.429574966
116.971702576 -67.086105347 -83.077056885 15297.522460938 58.661357880 15.292477608
103.153602600 -65.596725464 -80.529373169 16045.916015625 40.596866608 9.910511971
90.315368652 -64.385360718 -71.792770386 16826.708984375 15.226067543 10.255131721
80.025177002 -64.356170654 -87.032562256 17570.138671875 8.661216736 16.063356400
71.646141052 -63.121047974 -82.042022705 18271.140625000 9.685712814 11.526635170
63.855098724 -62.035934448 -87.101348877 18982.257812500 1.233307242 2.004400492
56.554080963 -62.885498047 -91.228790283 19729.039062500 -6.733319283 -0.203757972
49.792068481 -61.753540039 -91.488037109 20515.484375000 -9.002645493 4.896884441
43.520057678 -59.070678711 -92.511779785 21356.820312500 -13.051970482 5.564254284
37.640045166 -56.924911499 -92.737060547 22271.138671875 -16.755418777 1.596196771
32.152034760 -55.411834717 -92.749008179 23272.408203125 -17.375041962 -1.057061434
27.056020737 -53.535156250 -92.850250244 24380.886718750 -13.560499191 0.108713925
22.303007126 -51.679214478 -93.060058594 25646.681640625 -8.279401779 -0.880068541
