956.182983398 27.375854492 22.983398438 0.000000000 -2.125190020 7.137979984
953.328918457 27.696350098 22.370422363 29.891906738 -2.488218546 14.208088875
948.112182617 27.501281738 21.956756592 82.116699219 -2.749277353 17.916545868
939.110168457 27.007202148 21.442199707 168.034179688 -3.407622814 23.313812256
925.888061523 25.922332764 20.854766846 292.700256348 -3.577886343 27.738965988
908.941223145 24.290740967 20.424438477 454.633605957 -2.505836964 30.995340347
888.771850586 22.600891113 19.926422119 648.079833984 0.302539259 33.328567505
866.819519043 21.152313232 18.849273682 866.250610352 4.285216808 31.269212723
843.114624023 19.467681885 17.159240723 1109.152221680 7.669885635 25.951892853
816.751770020 17.483917236 14.381896973 1382.742065430 10.829452515 22.525085449
787.793457031 15.114166260 9.958282471 1691.047485352 14.048110008 18.965593338
756.258728027 13.161193848 4.003723145 2036.709838867 15.545950890 15.240140915
722.187866211 11.514556885 -9.263702393 2423.734375000 16.694213867 13.793514252
685.551818848 9.749572754 -21.260513306 2857.787109375 21.515405655 17.133918762
646.256042480 7.537384033 -28.208206177 3346.256347656 26.928882599 23.427698135
604.214172363 4.290985107 -33.514831543 3896.063476562 29.758325577 25.697650909
559.784606934 -0.714141846 -32.296783447 4499.188964844 32.342021942 22.745031357
516.537109375 -5.609375000 -35.790695190 5123.097167969 39.212677002 23.519847870
477.405944824 -10.599884033 -42.157608032 5733.413574219 44.777828217 25.692975998
442.203735352 -15.563262939 -46.053710938 6317.270507812 46.783004761 27.770643234
410.360351562 -20.164306641 -48.785766602 6876.707519531 48.107917786 29.342422485
381.338562012 -24.411117554 -50.776321411 7414.253417969 50.227020264 29.484245300
355.083007812 -28.431701660 -51.943298340 7929.558105469 52.232166290 28.514963150
331.304107666 -32.306991577 -52.528976440 8422.180664062 53.377120972 26.695604324
309.753753662 -35.937332153 -53.209075928 8892.497070312 53.218452454 24.529956818
290.275207520 -39.312774658 -54.332595825 9340.528320312 52.002597809 23.056369781
272.633972168 -42.497909546 -56.106185913 9770.022460938 49.941459656 23.235342026
256.155181885 -45.507369995 -58.700500488 10184.940429688 47.423629761 24.742670059
241.223648071 -48.481643677 -61.543426514 10583.981445312 45.782020569 26.458274841
227.487518311 -51.296035767 -64.448089600 10975.579101562 45.331577301 27.880891800
213.696899414 -54.187332153 -66.463699341 11379.074218750 46.863094330 28.813127518
199.880310059 -57.221954346 -67.242218018 11804.560546875 50.520565033 28.738412857
186.062026978 -60.208526611 -68.327514648 12254.545898438 54.621128082 27.638252258
172.243789673 -62.790191650 -70.256896973 12733.098632812 58.270507812 25.334520340
158.425582886 -64.705017090 -72.660644531 13246.256835938 61.273483276 22.433849335
144.607437134 -66.029098511 -75.330337524 13802.141601562 61.750499725 19.441944122
130.789291382 -66.664794922 -78.301086426 14411.311523438 59.253147125 16.376420975
116.971229553 -66.349502563 -81.706588745 15088.527343750 51.374080658 12.946952820
103.153182983 -65.752624512 -85.781478882 15837.988281250 34.424312592 9.994221687
90.315155029 -65.512527466 -89.028320312 16616.437500000 16.063829422 6.717958450
80.025138855 -64.364257812 -89.815185547 17357.757812500 3.754174948 8.301970482
71.646118164 -63.448532104 -89.004699707 18058.183593750 1.634727955 14.905075073
63.855102539 -62.245986938 -89.080642700 18768.369140625 1.555433750 11.180603981
56.554088593 -60.884017944 -90.049438477 19518.312500000 -3.497075796 7.941212654
49.792068481 -60.618927002 -91.203247070 20310.542968750 -9.281767845 3.543426275
43.520057678 -59.445755005 -91.951049805 21153.382812500 -11.375850677 1.077853560
37.640048981 -57.427169800 -92.225112915 22065.851562500 -14.790217400 0.100807495
32.152034760 -55.518630981 -92.467041016 23065.773437500 -16.297430038 0.654509008
27.056022644 -53.652145386 -92.714965820 24173.777343750 -13.477801323 -0.045885123
22.303007126 -51.887207031 -92.913772583 25438.615234375 -8.298711777 -0.229166076
