978.633666992 26.510009766 22.457641602 0.000000000 -0.990089417 4.311642647
975.717102051 26.744628906 22.149566650 29.784149170 -1.107686758 9.585815430
970.367675781 27.066223145 21.976806641 81.887207031 -1.063136339 13.627773285
961.155029297 27.193267822 21.222381592 167.898468018 -0.355691254 20.809377670
947.588256836 26.485076904 20.217987061 292.941131592 0.863189757 26.732147217
930.193298340 25.141418457 19.336090088 455.649261475 2.988998890 31.882013321
909.463928223 23.226867676 19.162750244 650.385253906 5.319704533 34.455986023
886.840209961 21.161804199 18.903411865 870.315551758 7.781176567 35.650657654
862.345336914 18.963287354 17.844299316 1115.483032227 9.709278107 36.502353668
835.042602539 16.675689697 16.001983643 1392.163330078 10.549554825 36.253524780
804.954223633 14.977539062 13.846557617 1705.342773438 13.406160355 30.747188568
772.115051270 12.840789795 10.362213135 2058.218261719 14.391073227 23.702920914
736.541320801 10.458312988 6.203979492 2454.277343750 20.532838821 25.759990692
698.251892090 9.442901611 -2.147338867 2899.313720703 28.651529312 28.338426590
657.252014160 7.032867432 -10.653778076 3400.184570312 33.151760101 32.207958221
613.475097656 2.932830811 -19.705642700 3962.037597656 35.796585083 36.084293365
567.322631836 -2.269439697 -23.283126831 4576.685546875 37.265525818 34.423049927
522.500427246 -6.771942139 -25.663162231 5212.315917969 41.085285187 32.617233276
482.062591553 -10.889739990 -34.123977661 5834.902832031 48.827999115 30.481439590
445.780944824 -15.884887695 -38.947219849 6430.785156250 55.503513336 28.183757782
413.047668457 -20.746932983 -39.939422607 7000.718261719 58.480945587 26.944889069
383.307769775 -25.070892334 -40.616119385 7547.042480469 58.049026489 26.259429932
356.486022949 -28.542327881 -41.011505127 8070.385253906 55.199047089 26.279146194
332.267303467 -31.545272827 -41.332901001 8571.247070312 52.155410767 26.939645767
310.382843018 -34.442840576 -43.461364746 9049.977539062 50.575550079 27.377876282
290.658111572 -37.587966919 -46.987426758 9505.932617188 49.144538879 27.020507812
272.866088867 -40.695922852 -48.418411255 9942.151367188 45.625606537 25.522657394
256.289428711 -43.835189819 -48.749420166 10362.713867188 39.926456451 22.677141190
241.279998779 -46.796539307 -50.745147705 10766.596679688 34.356834412 20.187732697
227.503631592 -49.807998657 -53.817932129 11162.071289062 30.610076904 19.149785995
213.698944092 -52.998489380 -57.082443237 11568.477539062 29.790100098 19.624921799
199.880935669 -56.175170898 -60.886566162 11996.290039062 31.921882629 20.343273163
186.062347412 -59.513061523 -64.624938965 12448.092773438 36.351722717 20.708435059
172.243957520 -62.856842041 -68.174407959 12927.301757812 42.568233490 20.920101166
158.425704956 -65.779144287 -71.630279541 13439.018554688 50.388202667 21.238300323
144.607513428 -67.468917847 -74.509613037 13991.588867188 57.712776184 21.051097870
130.789382935 -67.719894409 -77.887695312 14597.180664062 62.029968262 19.186595917
116.971305847 -67.086105347 -82.278762817 15271.584960938 59.025829315 14.928006172
103.153274536 -65.909225464 -87.136367798 16019.447265625 42.783691406 9.424550056
90.315223694 -64.635360718 -81.781005859 16799.146484375 16.562459946 10.012151718
80.025177002 -64.918670654 -86.500534058 17541.232421875 7.446314335 18.614650726
71.646133423 -63.308547974 -81.784469604 18240.953125000 10.657635689 15.778794289
63.855098724 -61.223434448 -87.471115112 18953.132812500 0.625855863 6.378050327
56.554080963 -61.385498047 -91.069427490 19703.976562500 -7.705241203 0.646673977
49.792068481 -61.066040039 -91.760406494 20494.390625000 -11.310960770 1.981117725
43.520057678 -59.383178711 -92.496444702 21336.445312500 -12.444519043 3.377429247
37.640045166 -56.862411499 -92.756347656 22250.232421875 -14.082632065 1.231725931
32.152034760 -55.099334717 -92.753921509 23252.345703125 -16.160139084 -1.421532273
27.056020737 -53.722656250 -92.870208740 24361.074218750 -14.167950630 -0.377247185
22.303007126 -51.929214478 -93.054534912 25625.650390625 -8.400892258 1.306756496
