972.607910156 29.828033447 20.412170410 0.000000000 -1.662542224 14.002427101
969.719055176 29.035369873 20.311035156 29.959014893 -1.857131362 17.511402130
964.416748047 28.171203613 20.284271240 82.188323975 -2.048331738 19.744071960
955.272521973 27.013397217 20.230499268 168.041259766 -1.939999700 21.930778503
941.812805176 25.639465332 20.124816895 292.630126953 -1.562203765 23.968029022
924.542358398 23.975006104 19.953979492 454.650512695 -0.614525437 26.006416321
903.961303711 22.053497314 19.464050293 648.351196289 1.557721257 29.177175522
881.527954102 20.505615234 18.665283203 867.094726562 4.904988289 31.826974869
857.257324219 18.702453613 17.416351318 1111.023193359 8.333944321 32.727752686
830.222351074 17.016326904 15.537872314 1386.637939453 10.557878494 32.618209839
800.447021484 14.966003418 13.478485107 1698.550781250 13.762685776 29.931299210
767.934631348 12.676971436 11.021270752 2049.767578125 15.476455688 27.434795380
732.708496094 9.637969971 8.307952881 2443.540527344 16.058364868 29.716970444
694.787475586 9.006988525 0.535675049 2885.810546875 24.114912033 35.161418915
654.203979492 7.240936279 -8.740081787 3384.103759766 32.335292816 39.838146210
610.874328613 2.565399170 -14.778076172 3942.799316406 35.471912384 39.328384399
565.178039551 -2.958648682 -20.423187256 4552.737792969 36.647998810 36.004219055
520.793334961 -7.924438477 -26.595550537 5182.240722656 39.033401489 34.685028076
480.726470947 -11.694244385 -33.568588257 5798.661621094 43.230693817 36.128585815
444.749877930 -15.613739014 -40.187240601 6390.392578125 46.646602631 38.491447449
412.263397217 -20.037155151 -43.273178101 6958.218261719 50.068485260 39.262462616
382.726715088 -24.566406250 -50.387771606 7503.117675781 53.656696320 37.665996552
356.067657471 -28.565032959 -58.507476807 8024.469238281 54.336101532 35.550262451
331.975585938 -31.678421021 -53.464706421 8522.978515625 48.428020477 34.910671234
310.187316895 -34.489486694 -49.937530518 8999.775390625 38.331279755 35.660198212
290.532867432 -37.574096680 -54.418212891 9454.304687500 32.059627533 36.361095428
272.791137695 -40.912796021 -55.292358398 9889.226562500 32.344993591 35.687843323
256.249755859 -44.311920166 -55.462951660 10308.341796875 35.982864380 34.203826904
241.262847900 -47.503585815 -57.108596802 10710.630859375 39.825096130 33.105033875
227.498275757 -50.614685059 -59.492431641 11104.501953125 42.382385254 33.234977722
213.697875977 -53.970504761 -61.823547363 11509.093750000 44.284126282 32.884254456
199.880493164 -57.625488281 -63.972366333 11934.447265625 46.062458038 30.781753540
186.062072754 -61.350234985 -66.982574463 12382.734375000 47.703788757 29.390058517
172.243789673 -63.830139160 -70.019195557 12858.734375000 49.430084229 31.042827606
158.425552368 -64.265518188 -71.925201416 13371.240234375 53.522487640 33.088081360
144.607406616 -64.848159790 -74.853698730 13929.386718750 55.420913696 33.261093140
130.789260864 -65.879669189 -77.923538208 14541.488281250 55.527893066 31.536560059
116.971191406 -66.718215942 -82.052749634 15219.304687500 54.113449097 25.255874634
103.153152466 -66.164581299 -87.313751221 15967.371093750 46.145072937 12.749553680
90.315139771 -63.251358032 -90.757598877 16749.187500000 25.327259064 4.166203022
80.025123596 -61.348175049 -89.907989502 17499.816406250 2.999120712 6.817913055
71.646110535 -62.574920654 -89.068527222 18206.800781250 0.000007415 14.774649620
63.855091095 -61.905273438 -89.434234619 18918.980468750 1.111963391 12.941004753
56.554080963 -60.989196777 -90.641052246 19669.462890625 -2.215614319 2.556772947
49.792068481 -61.119735718 -91.950347900 20460.578125000 -8.953527451 -0.005628120
43.520057678 -60.404479980 -92.606796265 21300.378906250 -13.732353210 2.524339914
37.640045166 -58.656463623 -92.619445801 22208.136718750 -15.468509674 3.997085094
32.152034760 -56.805740356 -92.710662842 23202.207031250 -15.086303711 2.316981792
27.056020737 -55.020156860 -93.022552490 24303.431640625 -15.428004265 1.967148542
22.303007126 -52.325149536 -92.782287598 25563.292968750 -13.002629280 2.536745310
