978.726379395 30.009552002 20.077880859 0.000000000 4.468947887 8.958787918
975.821716309 29.390380859 20.074798584 29.973602295 4.863392830 12.250478745
970.487487793 28.807281494 20.302093506 82.314758301 4.498091698 14.646211624
961.271545410 28.010803223 20.463989258 168.521575928 3.820169926 17.083799362
947.716064453 26.883422852 20.370452881 293.753387451 3.722419500 19.145343781
930.310180664 25.403625488 20.051086426 456.766082764 4.470595837 20.839723587
909.554870605 23.571655273 19.467681885 651.918823242 6.206467152 22.366067886
886.900573730 21.045715332 21.224151611 872.338134766 9.322057724 24.884246826
862.378417969 19.547241211 16.999816895 1117.977416992 13.239985466 28.464183807
835.092651367 17.723602295 14.477874756 1395.104492188 17.519847870 32.378559113
805.042663574 15.630950928 12.040893555 1708.617431641 18.845527649 33.273460388
772.240234375 14.038726807 7.602783203 2061.887939453 19.103300095 31.108303070
736.700927734 12.638885498 3.988006592 2459.565673828 19.763458252 29.255105972
698.419738770 10.676422119 -2.106445312 2906.912597656 25.342023849 30.516345978
657.401428223 7.681182861 -9.723114014 3409.517333984 29.218900681 33.626117706
613.596984863 3.120880127 -15.730743408 3972.521972656 30.632108688 34.616050720
567.413269043 -2.102172852 -19.893188477 4588.040527344 31.701807022 34.550666809
522.563415527 -6.767852783 -25.129425049 5224.229003906 35.600395203 35.417781830
482.103271484 -11.338348389 -30.024154663 5846.628417969 40.384387970 36.492931366
445.806732178 -16.144561768 -34.477111816 6441.939941406 44.652877808 37.066242218
413.063568115 -20.584945679 -38.472640991 7011.877441406 47.609180450 37.505237579
383.319213867 -24.491485596 -42.262405396 7559.079589844 48.914073944 37.604221344
356.495697021 -27.757949829 -44.651962280 8083.823730469 47.813861847 37.459312439
332.275756836 -30.627914429 -44.344909668 8586.346679688 43.564880371 37.862854004
310.389373779 -33.808044434 -40.616851807 9066.655273438 36.887485504 39.690570831
290.660858154 -37.288116455 -42.899658203 9523.589843750 31.695236206 41.663185120
272.866180420 -40.788406372 -46.478332520 9960.007812500 28.853866577 41.672943115
256.288452148 -44.164199829 -49.950302124 10380.195312500 27.942646027 40.051662445
241.278884888 -47.334564209 -53.168121338 10783.286132812 29.861825943 37.421199799
227.502731323 -50.360733032 -56.793136597 11177.826171875 33.649364471 34.705524445
213.698394775 -53.637115479 -60.920440674 11583.086914062 36.579643250 32.994934082
199.880706787 -57.200836182 -63.246780396 12009.207031250 38.051036835 32.454307556
186.062240601 -60.661361694 -65.526962280 12458.730468750 39.258056641 32.722373962
172.243881226 -63.795730591 -68.196228027 12935.558593750 43.444442749 33.520832062
158.425598145 -66.014541626 -71.060821533 13445.904296875 50.556385040 34.092021942
144.607421875 -67.140945435 -73.773025513 13998.648437500 56.922443390 33.345134735
130.789260864 -67.289672852 -77.331192017 14605.351562500 60.589015961 30.170164108
116.971191406 -66.224624634 -82.142257690 15281.888671875 58.166961670 20.352653503
103.153152466 -64.682586670 -87.558685303 16033.574218750 42.262973785 6.134943962
90.315139771 -63.760635376 -90.851806641 16817.253906250 16.106805801 6.891881466
80.025123596 -64.068069458 -88.950073242 17562.396484375 6.315156937 17.736846924
71.646110535 -62.708358765 -88.930847168 18264.548828125 11.373207092 14.836703300
63.855091095 -61.950195312 -89.500610352 18976.535156250 4.538000107 6.566638947
56.554080963 -61.639282227 -90.713088989 19725.783203125 -3.655000687 5.660308361
49.792068481 -60.501907349 -91.988616943 20516.888671875 -10.564611435 6.123378754
43.520057678 -59.712814331 -92.735687256 21359.322265625 -16.013963699 4.139376640
37.640045166 -58.966522217 -92.914688110 22267.734375000 -16.707483292 0.328095675
32.152034760 -57.046325684 -92.902832031 23260.529296875 -15.896840096 -2.156105757
27.056020737 -54.446945190 -92.920257568 24362.666015625 -14.841817856 -0.501000941
22.303007126 -52.032592773 -93.057830811 25625.003906250 -11.337503433 -0.056703866
