971.743896484 28.328033447 21.933502197 0.000000000 2.954088211 6.834501266
968.855102539 27.972869873 21.486541748 29.865264893 3.245460272 9.250063896
963.552673340 27.358703613 21.188629150 82.000823975 3.418730736 11.482732773
954.408508301 26.450897217 20.870483398 167.760009766 3.648553133 14.276890755
940.964843750 25.201965332 20.503875732 292.161376953 4.026349068 16.921592712
923.718261719 23.662506104 20.133361816 453.963012695 4.731046677 19.688920975
903.161315918 21.803497314 19.631958008 647.476196289 5.566900253 23.588623047
880.752014160 19.630615234 19.348907471 865.782226562 6.119891167 26.481403351
856.513305664 18.452453613 18.237823486 1109.304443359 6.268610001 29.933475494
829.526428223 17.891326904 14.618041992 1384.950439453 6.305718899 33.347152710
799.815002441 16.341003418 13.151000977 1697.644531250 7.202210426 36.127304077
767.374633789 14.239471436 11.049377441 2050.142578125 10.495353699 36.060604095
732.220458984 10.950469971 7.889831543 2445.321777344 11.684715271 32.025287628
694.355468750 7.444488525 3.960998535 2887.091796875 18.404869080 32.853103638
653.812011719 6.678436279 -6.070281982 3383.541259766 31.120389938 40.202617645
610.550354004 2.690399170 -13.417877197 3941.393066406 36.443836212 40.300308228
564.942077637 -2.896148682 -20.240341187 4550.769042969 38.470352173 37.097633362
520.641357422 -8.049438477 -27.211883545 5179.271972656 40.612773895 34.928009033
480.644897461 -11.944244385 -33.766784668 5794.317871094 43.838146210 35.521133423
444.727508545 -15.738739014 -41.272003174 6384.861328125 47.132560730 37.883995056
412.273010254 -19.974655151 -42.780090332 6952.093261719 50.675933838 38.897991180
382.743530273 -24.441406250 -43.910003662 7496.898925781 54.993087769 37.423015594
356.084442139 -28.440032959 -47.479827881 8018.437988281 55.793983459 35.064300537
331.992004395 -31.553421021 -47.462158203 8517.197265625 49.521430969 33.938751221
310.202514648 -34.301986694 -53.352935791 8994.275390625 39.060222626 34.566787720
290.546783447 -37.386596680 -59.778808594 9449.054687500 32.302608490 35.146194458
272.802429199 -40.787796021 -58.470336914 9884.257812500 30.887107849 34.472938538
256.256958008 -44.249420166 -59.640747070 10303.623046875 33.067096710 33.353397369
241.264526367 -47.566085815 -60.700851440 10706.005859375 36.058898926 32.254600525
227.497650146 -50.677185059 -61.000808716 11099.783203125 38.494693756 31.777093887
213.698043823 -53.970504761 -61.906799316 11504.312500000 40.274948120 31.669349670
199.880661011 -57.625488281 -63.887313843 11929.634765625 41.810298920 30.174303055
186.062271118 -61.412734985 -66.670410156 12377.828125000 43.087162018 28.539627075
172.243942261 -64.142639160 -69.475906372 12853.390625000 45.299415588 29.949415207
158.425689697 -64.828018188 -70.907562256 13364.833984375 50.849700928 32.723609924
144.607482910 -65.348159790 -72.784332275 13921.605468750 54.934951782 33.504074097
130.789306641 -66.254669189 -75.210159302 14532.425781250 56.499816895 31.779539108
116.971199036 -66.905715942 -80.900711060 15209.335937500 56.300273895 25.012893677
103.153152466 -65.914581299 -87.465637207 15957.496093750 48.574878693 12.142102242
90.315139771 -62.688858032 -90.757659912 16740.812500000 25.813220978 4.044712543
80.025123596 -61.285675049 -89.593963623 17492.597656250 0.690805376 10.341131210
71.646110535 -62.949920654 -89.068481445 18198.988281250 1.943851829 16.111042023
63.855091095 -62.467773438 -89.442077637 18909.667968750 2.326866150 13.791437149
56.554080963 -61.239196777 -90.695770264 19658.744140625 -2.580085278 3.650185347
49.792068481 -61.119735718 -92.007629395 20449.359375000 -8.224585533 -0.491589218
43.520057678 -60.654479980 -92.616043091 21288.691406250 -13.610863686 0.580495358
37.640045166 -59.093963623 -92.576416016 22195.042968750 -15.590000153 1.931750298
32.152034760 -57.055740356 -92.597290039 23187.550781250 -15.572264671 1.223569274
27.056020737 -55.082656860 -92.844848633 24287.962890625 -16.278436661 1.602677703
22.303007126 -52.512649536 -92.767333984 25547.136718750 -13.731571198 2.901216269
