988.597167969 22.495452881 21.880187988 0.000000000 -2.336307526 1.661759973
985.654602051 22.156646729 21.839508057 29.326858521 -2.835979223 -0.881820381
980.253662109 21.588409424 21.582519531 80.517318726 -1.992410183 -5.164326668
970.939392090 21.692474365 21.217651367 164.920181274 1.412387490 -0.538119495
957.228881836 22.181701660 20.752166748 288.105712891 0.039270785 12.495828629
939.621704102 22.354614258 20.221618652 449.326721191 -0.744876862 26.260763168
918.618591309 22.334411621 19.334503174 643.473266602 5.214709282 37.076461792
895.692443848 21.468811035 18.963623047 863.957519531 11.030347824 43.403209686
870.849304199 19.285461426 18.286163330 1110.472534180 14.078205109 47.975891113
843.121398926 16.906036377 17.146972656 1389.118896484 20.749811172 47.173461914
812.531982422 14.819793701 15.030181885 1704.851074219 28.979316711 41.743736267
779.085632324 12.476715088 12.744018555 2060.857910156 31.487588882 32.279338837
742.822021484 10.745300293 10.046142578 2461.371826172 27.401914597 22.404356003
703.798522949 9.793182373 3.129272461 2912.294677734 24.704519272 15.853361130
662.025451660 7.746887207 -6.000244141 3420.076416016 28.822515488 9.716189384
617.485412598 4.924468994 -19.756774902 3990.823486328 31.154521942 12.996322632
570.585449219 0.341613770 -31.340164185 4616.706542969 34.291244507 15.085727692
525.091979980 -4.886230469 -37.450134277 5263.574218750 39.666614532 13.345407486
484.085479736 -9.949615479 -39.574966431 5895.243164062 46.153598785 13.208960533
447.328918457 -14.802246094 -40.977294922 6498.863769531 50.735309601 15.021712303
414.207916260 -19.478958130 -42.825286865 7076.278320312 52.778030396 17.000303268
384.157135010 -23.733169556 -45.392395020 7629.815917969 54.878253937 18.509983063
357.092346191 -27.822891235 -48.882659912 8158.996582031 57.209045410 19.052143097
332.687744141 -31.875991821 -52.983093262 8663.292968750 58.154399872 18.528163910
310.663177490 -35.778991699 -56.336563110 9142.831054688 57.524459839 16.988239288
290.834655762 -39.120132446 -59.135406494 9597.974609375 54.886096954 14.898731232
272.968688965 -41.899047852 -61.027923584 10033.148437500 49.398002625 13.449805260
256.341033936 -44.499404907 -62.391662598 10453.157226562 42.653438568 13.907107353
241.300033569 -47.201049805 -63.678634644 10856.835937500 38.237026215 15.174701691
227.507949829 -49.942504883 -64.218933105 11252.267578125 37.088096619 15.414954185
213.698394775 -52.755767822 -64.760162354 11658.921875000 36.976692200 14.197588921
199.880584717 -55.768371582 -65.906250000 12087.388671875 35.561412811 13.609877586
186.062225342 -59.144531250 -67.472351074 12539.990234375 33.453338623 15.074004173
172.243942261 -62.625259399 -69.355102539 13019.882812500 34.461738586 17.303153992
158.425720215 -65.427383423 -71.333648682 13532.327148438 40.973102570 18.506919861
144.607498169 -67.010604858 -73.470550537 14085.970703125 49.383609772 18.207925797
130.789352417 -67.572326660 -76.407714844 14692.449218750 53.342899323 16.101629257
116.971252441 -66.847335815 -79.802108765 15367.483398438 49.045730591 14.387336731
103.153182983 -65.229171753 -84.270187378 16117.144531250 37.253494263 16.243593216
90.315155029 -63.804779053 -89.350952148 16899.775390625 24.533948898 19.698154449
80.025131226 -62.246551514 -88.424957275 17647.900390625 16.176645279 12.161828041
71.646110535 -61.006439209 -86.972534180 18356.003906250 5.723455429 -2.922258615
63.855087280 -62.102813721 -89.355560303 19070.544921875 -5.439164639 -4.783516407
56.554073334 -62.947875977 -92.122894287 19817.046875000 -9.399212837 -1.909981132
49.792064667 -63.397048950 -92.336227417 20600.189453125 -9.967901230 0.031755500
43.520053864 -63.358032227 -92.437896729 21429.753906250 -12.372564316 0.026490724
37.640045166 -61.061187744 -92.751968384 22326.222656250 -13.919868469 2.628521204
32.152030945 -56.966583252 -92.802352905 23314.513671875 -18.889316559 1.730123281
27.056020737 -54.266586304 -93.016967773 24417.285156250 -21.719390869 -2.818846464
22.303007126 -52.204284668 -93.214462280 25679.507812500 -20.222629547 -3.771452188
