973.687866211 29.765533447 20.599731445 0.000000000 -1.419561744 13.516466141
970.791076660 29.222869873 20.290588379 29.959014893 -1.614150763 16.903951645
965.480712891 28.421203613 20.177734375 82.219573975 -1.805351138 18.893640518
956.328491211 27.325897217 20.101654053 168.166259766 -1.697019100 20.837366104
942.860778809 25.889465332 20.041320801 292.848876953 -1.319223166 22.510145187
925.574279785 24.225006104 19.912963867 454.963012695 -0.736015737 23.941082001
904.969299316 22.178497314 19.478790283 648.882446289 0.950269878 25.896938324
882.487976074 20.193115234 19.869232178 867.782226562 5.390949249 29.032697678
858.161315918 18.202453613 18.412017822 1111.866943359 8.576925278 30.540927887
831.054382324 16.453826904 16.658874512 1387.450439453 9.707447052 30.917346954
801.215026855 14.653503418 14.093353271 1699.457031250 14.734607697 26.772552490
768.622558594 12.426971436 12.664733887 2051.017578125 15.962416649 23.668596268
733.308532715 9.387969971 9.025024414 2445.165527344 14.600481987 26.922695160
695.315490723 8.631988525 0.816314697 2887.466796875 21.563615799 32.974594116
654.659973145 6.865936279 -8.537414551 3385.603759766 30.269958496 38.501754761
611.258361816 2.377899170 -14.343994141 3944.330566406 34.135520935 38.963912964
565.486083984 -3.271148682 -19.580123901 4554.394042969 34.947132111 36.368690491
521.031311035 -8.174438477 -25.918212891 5183.959472656 37.818496704 35.413970947
480.908905029 -11.756744385 -34.399490356 5800.599121094 43.352184296 36.736038208
444.889099121 -15.613739014 -43.848999023 6392.736328125 47.375541687 39.098899841
412.368988037 -20.037155151 -53.349304199 6960.937011719 50.432952881 39.869915009
382.805908203 -24.566406250 -66.513549805 7506.117675781 53.170734406 38.516429901
356.124450684 -28.627532959 0.000000000 8027.625488281 53.242687225 37.008144379
332.016021729 -31.803421021 -70.624923706 8526.197265625 47.942058563 36.490047455
310.215301514 -34.614486694 -53.832611084 9002.900390625 38.574260712 36.875102997
290.550964355 -37.699096680 -53.092285156 9457.304687500 32.424095154 37.090038300
272.801696777 -41.037796021 -53.852752686 9892.070312500 33.438404083 35.930824280
256.255157471 -44.374420166 -55.202423096 10311.060546875 38.048198700 33.960849762
241.265121460 -47.566085815 -57.678680420 10713.287109375 42.011920929 32.740562439
227.498947144 -50.739685059 -59.901153564 11107.001953125 44.326229095 33.113487244
213.697982788 -54.095504761 -61.304168701 11511.437500000 46.227970123 32.762763977
199.880508423 -57.750488281 -63.120529175 11936.603515625 48.613754272 30.295793533
186.062072754 -61.412734985 -66.805114746 12384.703125000 50.498065948 28.661115646
172.243789673 -63.955139160 -70.102905273 12860.515625000 52.224361420 29.706434250
158.425552368 -64.390518188 -72.043609619 13372.771484375 55.223350525 31.630197525
144.607406616 -64.723159790 -74.720428467 13930.949218750 56.635818481 32.775131226
130.789260864 -65.504669189 -77.861114502 14543.863281250 56.742797852 32.508480072
116.971191406 -66.280715942 -82.067596436 15223.117187500 55.814311981 26.227796555
103.153152466 -65.602081299 -87.496475220 15973.058593750 46.995502472 12.628063202
90.315139771 -62.751358032 -90.804595947 16756.875000000 24.112358093 2.586829424
80.025123596 -60.973175049 -90.016540527 17509.097656250 2.999120712 6.331952095
71.646110535 -62.387420654 -89.096481323 18217.082031250 -1.943837047 16.111042023
63.855091095 -61.780273438 -89.466033936 18929.886718750 1.476434231 12.698024750
56.554080963 -61.239196777 -90.615234375 19680.150390625 -2.215614319 2.070811749
49.792068481 -61.557235718 -91.918685913 20469.953125000 -9.075017929 0.723313570
43.520057678 -60.529479980 -92.656646729 21308.691406250 -13.610863686 3.739242554
37.640045166 -58.531463623 -92.750091553 22216.511718750 -15.347020149 4.118575096
32.152034760 -56.618240356 -92.895828247 23211.394531250 -15.693755150 2.316981792
27.056020737 -54.895156860 -93.180389404 24313.431640625 -15.670985222 2.088638783
22.303007126 -52.137649536 -92.805541992 25574.136718750 -12.881139755 2.415255070
