971.894287109 19.619995117 16.635803223 0.000000000 0.953732789 -3.200264692
969.015625000 19.813964844 16.046051025 28.818176270 1.725816011 -8.366100311
963.742248535 20.323974609 15.013488770 79.196319580 3.845926523 -13.365231514
954.651123047 20.565124512 14.898773193 162.393585205 6.656820297 -17.174961090
941.275207520 19.909179688 15.961181641 283.573303223 7.839166641 -18.675592422
924.086242676 18.734588623 17.001586914 441.611877441 7.980496407 -17.318601608
903.602111816 17.051055908 17.203796387 630.960937500 7.196697235 -13.107246399
881.246093750 16.947235107 17.139282227 845.602111816 7.999123096 -3.333863974
857.048217773 17.098358154 16.949157715 1086.690917969 9.777894974 8.153340340
830.063903809 16.238006592 16.442687988 1360.730468750 13.767175674 15.688039780
800.323364258 14.890289307 15.084533691 1672.102783203 19.182727814 19.596261978
767.845397949 12.903076172 13.137237549 2023.443603516 26.244531631 22.834083557
732.637939453 10.326232910 10.541137695 2418.039062500 30.720407486 26.607301712
694.716247559 7.532867432 7.672424316 2860.497802734 30.453023911 30.901939392
654.050109863 4.388336182 4.396942139 3357.013916016 28.692941666 34.116470337
610.637512207 0.815185547 -1.690917969 3913.481445312 31.904930115 33.798851013
564.917114258 -3.096954346 -10.416778564 4522.939941406 36.275230408 34.098724365
520.555480957 -7.371917725 -17.776916504 5153.588867188 42.223773956 31.192880630
480.514190674 -11.818542480 -22.423217773 5770.800781250 48.426624298 26.423305511
444.561004639 -15.978668213 -31.587890625 6362.049316406 53.291961670 24.956390381
412.113586426 -19.698608398 -41.091964722 6929.490722656 53.631637573 26.193174362
382.619598389 -23.019515991 -41.607696533 7475.867675781 50.788578033 29.031993866
355.990478516 -26.275466919 -40.559280396 8000.791503906 47.800270081 31.656551361
331.920928955 -29.920196533 -42.618682861 8503.094726562 45.674873352 33.128910065
310.150756836 -33.597900391 -46.909301758 8982.208007812 43.801464081 34.294975281
290.510772705 -37.174133301 -50.173751831 9437.689453125 41.069156647 36.395385742
272.779266357 -40.567520142 -50.392974854 9873.074218750 37.419940948 39.227210999
256.244598389 -43.931823730 -49.856994629 10292.708984375 34.300262451 41.984634399
241.261413574 -47.166397095 -51.102615356 10695.493164062 33.252861023 43.480705261
227.498489380 -50.394149780 -54.432846069 11089.796875000 34.320343018 42.883487701
213.698440552 -53.886413574 -58.371124268 11494.677734375 37.142234802 40.452556610
199.880874634 -57.441787720 -62.304702759 11920.317382812 42.042125702 37.560279846
186.062377930 -60.744445801 -65.409698486 12369.478515625 48.456226349 34.943832397
172.244003296 -63.760391235 -67.998519897 12846.320312500 54.021602631 32.293426514
158.425720215 -66.244567871 -70.484802246 13356.434570312 57.972328186 29.503072739
144.607482910 -67.868682861 -72.081634521 13907.859375000 60.893226624 26.430831909
130.789306641 -68.165252686 -75.445281982 14512.250000000 62.830863953 22.861513138
116.971191406 -66.560012817 -80.294754028 15186.853515625 56.929954529 16.540985107
103.153144836 -63.641082764 -87.021087646 15939.958007812 36.175735474 9.818838120
90.315124512 -61.664016724 -90.947814941 16729.505859375 15.360385895 9.963411331
80.025115967 -62.058563232 -91.318984985 17481.857421875 10.420772552 12.925815582
71.646095276 -61.309768677 -89.501892090 18189.708984375 4.867563725 7.956547260
63.855083466 -60.635040283 -89.487503052 18906.224609375 -1.605248928 6.223809242
56.554073334 -60.002426147 -90.944488525 19660.642578125 -5.577049732 3.299346447
49.792060852 -59.700912476 -92.236312866 20456.240234375 -12.109478951 0.854184031
43.520050049 -59.562789917 -92.802795410 21300.556640625 -17.447671890 0.141596526
37.640041351 -58.073577881 -93.084732056 22211.312500000 -16.554603577 0.861035645
32.152030945 -55.914916992 -93.389831543 23208.833984375 -15.380784988 -0.109186642
27.056020737 -54.244796753 -93.640777588 24314.310546875 -14.350275040 -1.872021079
22.303007126 -52.480621338 -93.581054688 25575.857421875 -12.311023712 -2.384394169
