974.267028809 25.493286133 20.009857178 0.000000000 4.054545403 14.348124504
971.364379883 25.575927734 19.838439941 29.548278809 5.003576756 21.611291885
966.067321777 25.285186768 19.637420654 81.162384033 5.236821175 25.859128952
956.913269043 24.883026123 19.470489502 166.209045410 5.206203938 31.421535492
943.443115234 24.116333008 19.497772217 289.877441406 5.443048477 35.746906281
926.156799316 23.049957275 19.690521240 451.100158691 7.750025272 39.277366638
905.547973633 21.781097412 19.187805176 644.311889648 13.239682198 42.102973938
883.082946777 20.284973145 17.824462891 862.660888672 19.589635849 44.875877380
858.799865723 18.889129639 15.661712646 1106.141235352 27.739379883 42.632534027
831.760864258 17.570220947 13.029937744 1381.358520508 35.230762482 30.511741638
801.979919434 16.118713379 10.636383057 1693.251098633 36.584434509 19.580841064
769.475769043 14.305816650 7.785003662 2045.021728516 34.983726501 17.869318008
734.240722656 11.651824951 4.304443359 2440.160400391 33.631805420 20.764396667
696.273620605 8.823669434 1.045715332 2883.241210938 31.993326187 26.020503998
655.544433594 4.602447510 -1.056610107 3379.901123047 32.326843262 28.972665787
611.995605469 -0.230316162 -2.513946533 3935.544189453 36.187461853 28.481172562
566.070312500 -5.215057373 -7.223510742 4542.867187500 42.717498779 31.099668503
521.489196777 -10.621856689 -12.957519531 5169.314453125 46.100311279 34.894783020
481.265075684 -13.411682129 -15.587921143 5782.926757812 46.518535614 28.729515076
445.152191162 -15.572662354 -17.299209595 6375.028320312 50.084465027 12.018995285
412.554840088 -19.308746338 -21.397369385 6945.790039062 50.978775024 4.816432476
382.931549072 -23.009811401 -25.439849854 7494.799804688 52.026054382 3.090275526
356.207489014 -26.478668213 -29.241378784 8021.288085938 52.781688690 5.147141933
332.068267822 -29.946075439 -32.983367920 8524.689453125 52.941860199 10.478484154
310.246643066 -33.564346313 -36.810546875 9004.838867188 52.393112183 15.368839264
290.569580078 -37.315170288 -40.771331787 9461.045898438 50.722377777 16.516798019
272.812286377 -41.108383179 -44.755096436 9896.415039062 49.252658844 15.790769577
256.261016846 -45.257476807 -49.123413086 10314.725585938 49.967784882 16.777759552
241.268295288 -49.428680420 -53.431945801 10714.602539062 50.227611542 16.811958313
227.500778198 -51.810211182 -56.021240234 11105.797851562 46.967216492 12.241539955
213.699218750 -53.779479980 -58.706970215 11509.540039062 43.519466400 10.105656624
199.881530762 -56.253356934 -61.621139526 11936.528320312 42.785968781 14.317211151
186.062942505 -59.532745361 -64.320312500 12388.221679688 44.077857971 20.991516113
172.244537354 -63.215652466 -67.886489868 12867.024414062 47.690856934 24.064462662
158.426315308 -65.665527344 -72.340621948 13378.487304688 53.410900116 20.969997406
144.608123779 -65.871841431 -74.019866943 13933.401367188 60.482284546 12.107813835
130.789947510 -65.375396729 -73.685180664 14544.813476562 61.782798767 5.094686985
116.971717834 -63.982406616 -72.435119629 15228.241210938 51.149505615 7.860930443
103.153388977 -62.685775757 -70.448181152 15987.588867188 31.946277618 17.681381226
90.315177917 -64.020095825 -84.040573120 16774.554687500 23.497968674 20.624494553
80.025146484 -63.403060913 -88.710968018 17520.285156250 16.330131531 9.813166618
71.646125793 -62.329803467 -85.990722656 18224.236328125 5.713941574 2.412631989
63.855098724 -62.562332153 -88.598114014 18935.716796875 -0.715787113 2.850307226
56.554080963 -62.883300781 -91.337722778 19681.496093750 -2.318540812 5.241991520
49.792068481 -61.602691650 -91.972442627 20468.105468750 -5.505621433 4.965749264
43.520053864 -60.096969604 -92.505371094 21307.667968750 -11.990209579 -0.657110810
37.640045166 -59.391662598 -92.880630493 22214.439453125 -16.021066666 -5.034835339
32.152030945 -57.590927124 -93.300094604 23204.949218750 -16.745332718 -4.317424297
27.056020737 -54.936965942 -93.682006836 24304.392578125 -18.654760361 -5.204902649
22.303007126 -52.968200684 -93.716003418 25562.492187500 -21.262540817 -3.587544680
