968.383911133 30.328033447 21.193084717 0.000000000 -3.606386662 16.310743332
965.495056152 29.597869873 20.973388672 30.052764893 -4.043956280 19.333757401
960.216735840 29.046203613 20.762023926 82.469573975 -4.113666534 20.594503403
951.104553223 28.200897217 20.369903564 168.697509766 -3.762353897 21.444816589
937.700805664 27.076965332 19.770660400 293.817626953 -3.141577482 22.145673752
920.518310547 25.600006104 19.178314209 456.494262695 -2.315389395 22.604688644
900.057373047 23.740997314 18.655151367 651.007446289 -1.236555099 23.102661133
877.752014160 21.755615234 18.077758789 870.407226562 0.774318874 23.687126160
853.625305176 19.827453613 16.599700928 1114.804443359 5.782648563 23.980451584
826.774353027 17.766326904 14.305603027 1390.481689453 11.408310890 23.384950638
797.198974609 15.341003418 12.254669189 1701.957031250 14.977588654 23.006353378
764.926574707 12.551971436 10.106231689 2051.986328125 17.663280487 23.425615311
729.964538574 10.262969971 5.012268066 2444.134277344 21.282447815 28.137598038
692.403503418 10.881988525 -11.635498047 2885.185546875 26.544717789 36.133338928
652.208007812 7.303436279 -26.562225342 3381.166259766 31.241880417 39.716659546
609.234313965 2.627899170 -22.456817627 3936.361816406 34.135520935 35.683677673
563.866027832 -1.958648682 -26.695571899 4544.331542969 36.162036896 34.060375214
519.769287109 -6.549438477 -30.310150146 5173.740722656 37.211048126 36.021423340
479.931274414 -10.819244385 -35.275512695 5790.317871094 39.585987091 37.343490601
444.137115479 -15.613739014 -40.575225830 6380.955078125 43.244873047 37.276546478
411.802612305 -20.474655151 -44.194152832 6946.405761719 46.788246155 36.711166382
382.385894775 -25.066406250 -46.967620850 7488.586425781 50.862419128 36.451095581
355.820465088 -29.190032959 -49.943420410 8007.281738281 54.336101532 36.522182465
331.801208496 -32.615921021 -53.177185059 8503.009765625 54.867004395 36.611537933
310.069488525 -35.551986694 -56.558197021 8976.744140625 51.816699982 36.632122040
290.457366943 -38.511596680 -59.932342529 9428.398437500 46.759948730 36.482585907
272.746002197 -41.537796021 -62.729904175 9861.195312500 42.914646149 35.323371887
256.226074219 -44.624420166 -64.152740479 10278.904296875 41.814395905 32.502964020
241.252853394 -47.753585815 -64.219970703 10680.287109375 42.497882843 29.338834763
227.495330811 -50.802185059 -64.070098877 11073.533203125 42.989837646 27.281951904
213.697448730 -54.033004761 -64.524307251 11477.812500000 43.312202454 25.959306717
199.880310059 -57.250488281 -65.971481323 11903.416015625 44.483085632 25.071710587
186.061996460 -60.100234985 -68.140747070 12353.453125000 46.731868744 26.474290848
172.243743896 -62.330139160 -70.426544189 12832.609375000 50.280517578 29.463453293
158.425521851 -63.890518188 -72.807464600 13347.333984375 54.615901947 30.901256561
144.607376099 -64.848159790 -75.282653809 13905.917968750 57.243267059 29.251913071
130.789260864 -65.379669189 -78.464019775 14518.832031250 55.406402588 26.312477112
116.971191406 -65.968215942 -82.889190674 15198.742187500 50.468738556 22.340106964
103.153152466 -66.539581299 -87.846282959 15947.308593750 43.107814789 14.450417519
90.315139771 -66.626358032 -90.947372437 16722.125000000 33.224128723 6.474518299
80.025123596 -64.723175049 -90.550689697 17460.753906250 21.101171494 5.360030174
71.646110535 -62.887420654 -89.531707764 18161.457031250 -0.242973134 18.905319214
63.855098724 -62.592773438 -89.624572754 18871.980468750 0.990473151 16.099752426
56.554080963 -62.864196777 -90.182861328 19617.869140625 -3.673497677 10.210659981
49.792068481 -61.557235718 -91.186355591 20404.703125000 -10.532900810 5.339943886
43.520057678 -59.904479980 -91.909545898 21244.785156250 -14.825766563 2.281359196
37.640048981 -58.343963623 -92.017669678 22154.324218750 -16.318941116 1.324298859
32.152034760 -56.930740356 -92.096069336 23148.832031250 -16.544187546 0.373137325
27.056022644 -55.270156860 -92.244262695 24249.025390625 -15.063533783 0.266284615
22.303007126 -53.075149536 -92.277038574 25505.855468750 -13.002629280 3.873138428
