976.998291016 22.494995117 20.253265381 0.000000000 1.439693928 6.518957615
974.095642090 22.376464844 20.359283447 29.255676270 4.155621529 10.221912384
968.774230957 22.136474609 20.840515137 80.352569580 5.911261082 11.175804138
959.595153809 22.065124512 21.362213135 164.737335205 8.843645096 14.412510872
946.067260742 22.034179688 22.056152344 287.792053223 11.483875275 19.229373932
928.686279297 21.859588623 22.020904541 448.674377441 13.812029839 24.231073380
907.986083984 21.363555908 20.674438477 641.960937500 17.037408829 29.171369553
885.430053711 20.509735107 19.412445068 860.852111816 20.391132355 32.870239258
861.016174316 18.910858154 19.126556396 1105.503417969 23.263315201 35.002693176
833.799926758 17.113006592 17.072235107 1382.042968750 27.495576859 33.061149597
803.827331543 14.640289307 14.839355469 1694.759033203 28.537479401 26.035245895
771.101379395 12.465576172 12.688140869 2046.724853516 26.244531631 20.282789230
735.637939453 10.576232910 8.991668701 2442.132812500 28.290601730 17.981491089
697.480285645 8.782867432 1.350402832 2886.029052734 39.929264069 19.360363007
656.650146484 5.825836182 -8.622283936 3384.013916016 45.580089569 27.313014984
613.037536621 1.440185547 -10.014434814 3941.887695312 44.175449371 38.415481567
567.009094238 -2.784454346 -10.078338623 4553.689941406 46.601902008 42.967517853
522.275512695 -7.184417725 -11.712097168 5188.057617188 50.606601715 39.697200775
481.891754150 -11.568542480 -14.461059570 5809.488281250 53.650707245 32.983779907
445.644226074 -15.166168213 -17.741989136 6405.674316406 54.628353119 30.544942856
412.939208984 -18.698608398 -21.525939941 6978.865722656 53.267166138 28.865961075
383.226806641 -22.394515991 -25.476684570 7530.430175781 48.601753235 26.966659546
356.429656982 -26.650466919 -30.125534058 8058.447753906 40.510852814 25.096076965
332.234924316 -30.482696533 -34.250244141 8561.969726562 37.535022736 24.746080399
310.377960205 -33.972900391 -37.978698730 9041.801757812 37.605461121 25.304695129
290.675109863 -37.361633301 -41.406692505 9497.970703125 37.788917542 27.040634155
272.894439697 -40.692520142 -44.668395996 9934.011718750 37.419940948 28.536067963
256.323699951 -44.119323730 -47.931427002 10354.083984375 36.851558685 29.106664658
241.314804077 -47.353897095 -51.323898315 10757.149414062 36.411609650 29.023363113
227.534530640 -50.519149780 -54.561233521 11151.578125000 36.628658295 28.669124603
213.722915649 -53.823913574 -57.967788696 11556.677734375 38.357135773 27.453094482
199.896926880 -57.379287720 -61.553070068 11982.692382812 41.677654266 26.018703461
186.071243286 -60.681945801 -65.122314453 12432.166015625 46.755363464 25.467592239
172.246917725 -63.510391235 -68.262084961 12909.445312500 53.414154053 24.761030197
158.425842285 -65.807067871 -70.240600586 13420.434570312 60.645114899 21.970676422
144.607589722 -67.431182861 -71.651870728 13973.046875000 65.023895264 18.048002243
130.789382935 -67.290252686 -74.882812500 14579.375000000 64.167259216 14.600173950
116.971267700 -65.685012817 -80.455749512 15256.791015625 55.350582123 10.709452629
103.153221130 -64.328582764 -86.344635010 16010.020507812 35.082324982 11.155230522
90.315193176 -64.101516724 -86.077774048 16793.724609375 19.248073578 17.981769562
80.025169373 -62.933563232 -85.004013062 17540.076171875 13.822500229 14.019227982
71.646125793 -61.122268677 -82.789947510 18246.740234375 3.774151325 4.068858147
63.855087280 -62.135040283 -87.357711792 18960.974609375 -5.735918522 3.308042526
56.554073334 -62.002426147 -91.585662842 19709.142578125 -6.427482128 5.364681244
49.792060852 -60.325912476 -92.124114990 20499.927734375 -8.100299835 1.704615951
43.520050049 -58.750289917 -92.650924683 21344.744140625 -13.317001343 -3.017150640
37.640041351 -57.823577881 -93.049926758 22257.812500000 -16.797584534 -3.512614250
32.152030945 -56.289916992 -93.358123779 23255.052734375 -14.651843071 -2.296011686
27.056020737 -53.807296753 -93.531158447 24360.654296875 -12.406431198 -2.236491919
22.303007126 -51.418121338 -93.398803711 25626.513671875 -12.432513237 -2.019923210
