979.350402832 28.259552002 22.622375488 0.000000000 0.824239671 7.743885517
976.437744141 28.202880859 22.155517578 29.942352295 1.461665034 13.829852104
971.087524414 28.057281494 21.951904297 82.283508301 1.096363783 16.833036423
961.855529785 27.698303223 21.383911133 168.490325928 0.904403329 21.943410873
948.284118652 27.008422852 20.467956543 293.815887451 1.171123505 26.920722961
930.862182617 25.778625488 19.538085938 456.953582764 2.162280798 31.166397095
910.106872559 24.009155273 18.689758301 652.168823242 4.141132355 34.879566193
887.476562500 21.920715332 17.792572021 872.588134766 7.013742447 38.126686096
862.946411133 19.109741211 19.339080811 1118.321166992 10.567199707 40.613212585
835.596618652 17.223602295 15.397521973 1395.573242188 15.454513550 40.275428772
805.498596191 15.380950928 12.152679443 1709.086181641 20.667881012 33.759422302
772.656250000 13.538726807 8.335052490 2062.231689453 21.168634415 22.239513397
737.060913086 12.138885498 4.770111084 2459.596923828 20.735382080 19.292903900
698.743774414 11.426422119 -3.623291016 2907.381347656 28.743751526 25.049283981
657.709350586 8.431182861 -14.225952148 3411.173583984 34.321491241 28.887998581
613.877014160 3.308380127 -17.709732056 3975.084472656 36.342151642 26.962162018
567.653259277 -1.914672852 -23.279251099 4591.071777344 37.533340454 26.653799057
522.773376465 -6.705352783 -27.215957642 5227.604003906 39.609573364 27.520914078
482.284088135 -11.150848389 -30.053192139 5850.440917969 42.935684204 30.539907455
445.952301025 -15.894561768 -32.146881104 6446.627441406 47.204174042 32.814083099
413.175537109 -20.584945679 -33.049850464 7017.314941406 50.646438599 33.860527039
383.399993896 -24.991485596 -33.510574341 7564.579589844 52.801761627 34.323986053
356.549285889 -28.757949829 -34.367965698 8088.292480469 53.402412415 34.300567627
332.308502197 -31.877914429 -36.954544067 8589.002929688 51.704727173 34.096656799
310.408996582 -34.870544434 -41.558105469 9067.342773438 47.457138062 34.952449799
290.674285889 -37.975616455 -46.377288818 9522.714843750 42.750850677 35.710163116
272.875885010 -41.163406372 -50.471206665 9958.195312500 38.816070557 34.747997284
256.295501709 -44.351699829 -53.414718628 10377.914062500 35.475044250 32.033302307
241.284133911 -47.397064209 -54.197921753 10780.879882812 33.142063141 28.916881561
227.506637573 -50.298233032 -54.360397339 11175.419921875 32.920425415 26.322694778
213.701446533 -53.387115479 -57.474929810 11581.024414062 34.635799408 25.341045380
199.883285522 -56.513336182 -60.704040527 12008.113281250 35.499740601 26.501283646
186.064407349 -59.723861694 -63.950836182 12459.324218750 36.463779449 28.713193893
172.245697021 -62.858230591 -67.081420898 12938.308593750 40.164203644 30.362083435
158.427154541 -65.452041626 -69.697174072 13450.466796875 46.790184021 30.082843781
144.608764648 -66.703445435 -70.961151123 14004.492187500 54.978599548 27.756584167
130.790466309 -66.977172852 -72.533813477 14612.320312500 60.224544525 23.852670670
116.972305298 -66.787124634 -79.635238647 15288.388671875 56.952060699 16.221984863
103.154205322 -65.807586670 -84.494995117 16037.011718750 41.412540436 7.349846840
90.315765381 -63.448135376 -67.821792603 16819.253906250 15.499355316 8.714235306
80.025276184 -64.693069458 -74.116333008 17563.896484375 1.577036023 13.727666855
71.646148682 -64.458358765 -80.836868286 18262.080078125 8.578930855 15.079684258
63.855102539 -62.700195312 -86.730682373 18969.785156250 5.752902985 9.239424706
56.554080963 -61.389282227 -90.413085938 19718.064453125 -4.140961647 4.202425003
49.792068481 -60.751907349 -91.723846436 20509.138671875 -12.508456230 0.534826219
43.520057678 -61.025314331 -92.456542969 21348.478515625 -14.556079865 0.859139204
37.640045166 -58.716522217 -92.736282349 22254.859375000 -13.548735619 1.785979033
32.152034760 -56.171325684 -92.779144287 23250.341796875 -15.167899132 0.273699790
27.056020737 -54.259445190 -92.861648560 24355.072265625 -14.841817856 0.106450446
22.303007126 -51.720092773 -92.979751587 25618.785156250 -10.608561516 0.915218353
