977.646972656 22.063354492 20.703308105 0.000000000 6.622109890 7.623941422
974.736877441 21.821350098 20.712615967 29.235656738 9.903789520 10.684870720
969.408203125 21.501281738 21.012878418 80.304168701 12.072536469 10.991600037
960.206176758 21.132202148 21.288787842 164.502929688 15.058898926 12.258197784
946.664062500 20.672332764 20.822235107 287.044006348 18.290363312 14.618015289
929.293273926 20.103240967 20.264556885 446.883605957 20.334335327 16.902467728
908.579833984 19.663391113 19.841186523 638.861083984 22.899730682 19.235694885
885.987548828 19.339813232 19.176818848 856.750610352 25.910486221 21.428501129
861.538574219 18.092681885 17.969696045 1100.620971680 25.650445938 22.550165176
834.279846191 16.546417236 16.774810791 1376.710815430 25.772756577 24.468931198
804.241455078 14.739166260 14.976409912 1689.703613281 25.954156876 26.740970612
771.434753418 12.411193848 12.669952393 2042.428588867 22.956857681 32.370269775
735.867919922 9.639556885 9.936706543 2438.234375000 22.525747299 33.717918396
697.587829590 8.312072754 3.211853027 2882.537109375 27.103958130 28.189533234
656.635986328 6.224884033 -8.754302979 3381.912597656 34.947242737 27.315387726
612.946166992 2.978485107 -18.552993774 3942.563476562 38.505626678 30.192792892
566.896667480 -1.464141846 -26.768463135 4557.282714844 40.360382080 31.006370544
522.183105469 -5.859375000 -31.476928711 5193.722167969 44.436759949 31.052244186
481.831512451 -10.724884033 -29.638275146 5816.569824219 48.301044464 31.403018951
445.605346680 -15.563262939 -28.599365234 6412.458007812 49.212810516 33.359195709
412.910736084 -19.914306641 -29.468688965 6983.363769531 46.407054901 33.473091125
383.200927734 -23.536117554 -31.305084229 7532.065917969 41.358230591 31.063619614
356.404602051 -26.931701660 -34.497467041 8058.464355469 37.288860321 28.514963150
332.208099365 -30.244491577 -38.033309937 8561.993164062 34.667617798 27.060075760
310.343139648 -33.624832153 -43.157546997 9042.528320312 32.079143524 26.595293045
290.633911133 -37.125274658 -48.858322144 9499.372070312 29.769878387 26.215116501
272.853332520 -40.560409546 -49.738006592 9935.834960938 27.587249756 25.665147781
256.284393311 -44.007369995 -49.190307617 10356.127929688 26.162832260 24.621179581
241.279708862 -47.169143677 -52.068161011 10759.387695312 26.465066910 22.206115723
227.505676270 -50.171035767 -55.765930176 11154.172851562 27.958469391 18.526140213
213.701507568 -53.374832153 -58.441986084 11559.886718750 29.611474991 15.327707291
199.883010864 -56.659454346 -61.466369629 11986.810546875 31.932552338 14.159579277
186.063781738 -60.146026611 -64.726776123 12437.358398438 36.397586823 15.124753952
172.244903564 -63.540191650 -67.770050049 12915.067382812 42.476772308 17.437650681
158.426269531 -66.017517090 -70.293334961 13425.694335938 50.217868805 20.125534058
144.607864380 -67.466598511 -71.701644897 13977.922851562 58.470260620 21.750259399
130.789566040 -67.727294922 -71.954803467 14583.530273438 63.505306244 20.628580093
116.971397400 -66.662002563 -77.518768311 15258.621093750 59.635421753 13.918874741
103.153312683 -64.690124512 -86.606323242 16009.519531250 39.526905060 9.386770248
90.315277100 -62.762527466 -81.880706787 16795.000000000 16.306810379 16.437181473
80.025207520 -62.489257812 -80.764648438 17544.632812500 8.735276222 16.927780151
71.646141052 -62.386032104 -81.051864624 18249.996093750 6.372848511 7.980129242
63.855091095 -62.745986938 -87.128204346 18961.056640625 1.312453151 2.797774553
56.554073334 -61.446517944 -91.548736572 19709.187500000 -3.618566036 4.539484978
49.792060852 -59.181427002 -91.702987671 20503.136718750 -10.010708809 3.178955317
43.520053864 -58.320755005 -92.601257324 21350.882812500 -15.263539314 -1.351951957
37.640045166 -57.864669800 -92.789047241 22264.664062500 -18.434926987 -2.693468809
32.152030945 -56.518630981 -92.835922241 23261.054687500 -17.755313873 -0.681883991
27.056020737 -53.839645386 -92.906570435 24365.871093750 -14.935685158 0.683056533
22.303007126 -51.512207031 -93.155670166 25631.302734375 -12.186400414 -2.780461788
