985.178955078 23.993286133 21.129150391 0.000000000 -8.458952904 15.198556900
982.244384766 24.325927734 21.048187256 29.485778809 -11.519101143 23.433645248
976.875366211 24.285186768 20.926544189 81.037384033 -13.837152481 25.859128952
967.601257324 24.570526123 20.550292969 166.146545410 -15.447143555 34.701774597
953.955139160 24.678833008 19.930999756 290.221191406 -14.116886139 42.793342590
936.428833008 24.237457275 19.327026367 452.287658691 -7.436259270 51.669376373
915.539978027 23.343597412 18.558532715 646.936889648 3.884930372 56.195846558
892.731018066 21.159973145 18.480651855 867.098388672 7.926569462 57.146396637
868.031860352 19.514129639 17.106567383 1112.859985352 15.225881577 54.660072327
840.488891602 17.945220947 15.581085205 1391.046020508 20.651931763 45.698024750
810.099914551 15.368713379 14.681762695 1706.282348633 19.697286606 37.804382324
776.883850098 13.493316650 12.364166260 2061.802978516 20.283403397 29.653875351
740.872741699 12.214324951 9.084136963 2462.410400391 24.155565262 22.343770981
702.081665039 9.948669434 4.042388916 2912.866210938 25.918813705 21.403873444
660.564453125 7.164947510 -7.547515869 3418.244873047 33.663234711 15.487244606
616.295593262 4.082183838 -17.415695190 3985.294189453 38.131305695 20.462814331
569.654296875 -0.215057373 -24.745391846 4607.429687500 42.838989258 25.875585556
524.391174316 -5.246856689 -28.404525757 5251.001953125 47.436702728 23.839166641
483.575469971 -10.849182129 -28.097915649 5879.176757812 48.462383270 18.159860611
446.964965820 -16.135162354 -24.974441528 6478.653320312 46.439754486 15.056252480
413.956451416 -20.058746338 -27.204055786 7052.633789062 49.520889282 13.320752144
383.993957520 -23.509811401 -29.695755005 7604.643554688 55.549270630 10.501182556
357.001098633 -27.228668213 -34.270950317 8133.663085938 59.342163086 8.184398651
332.653900146 -31.071075439 -38.550933838 8638.376953125 60.231277466 7.076756954
310.675048828 -34.814346313 -42.563842773 9118.901367188 58.467624664 7.228990555
290.876464844 -38.377670288 -47.188659668 9575.077148438 54.974536896 8.376949310
273.026275635 -41.733383179 -49.552398682 10010.696289062 51.196502686 9.230295181
256.407104492 -44.882476807 -51.210174561 10430.163085938 47.659469604 10.217285156
241.368728638 -47.741180420 -53.375518799 10832.852539062 44.153099060 10.858935356
227.574020386 -49.935211182 -55.202880859 11227.829101562 39.191837311 9.690243721
213.757415771 -51.904479980 -57.317291260 11635.415039062 32.099380493 5.610516548
199.930297852 -54.190856934 -59.969940186 12066.434570312 26.506273270 2.046692848
186.102584839 -57.532745361 -62.938888550 12522.502929688 27.676670074 4.590328693
172.275238037 -61.590652466 -66.389617920 13005.493164062 34.934379578 9.850100517
158.448486328 -65.040527344 -69.585174561 13519.924804688 46.121482849 10.521833420
144.622039795 -66.621841431 -70.979400635 14074.870117188 56.108634949 7.491183758
130.795135498 -66.750396729 -70.991241455 14683.407226562 58.624053955 4.001274586
116.971992493 -66.044906616 -70.314392090 15361.272460938 48.719699860 2.515358210
103.153358459 -65.810775757 -74.061614990 16111.182617188 31.946277618 5.896823883
90.315177917 -66.832595825 -80.346389771 16887.085937500 19.610279083 11.391233444
80.025123596 -67.028060913 -87.889938354 17621.410156250 15.479699135 16.738113403
71.646102905 -64.392303467 -87.192718506 18315.705078125 10.452062607 11.524402618
63.855083466 -63.062332153 -88.904052734 19022.904296875 -2.538141251 5.158622742
56.554073334 -62.133300781 -92.744964600 19769.277343750 -8.757525444 8.643719673
49.792064667 -60.977691650 -92.292846680 20558.574218750 -12.309077263 6.180652142
43.520053864 -60.596969604 -92.408493042 21398.261718750 -16.606840134 0.314811379
37.640045166 -59.766662598 -92.744140625 22303.189453125 -19.301303864 0.553717315
32.152030945 -56.465927124 -92.876647949 23295.667968750 -17.838745117 0.906657517
27.056020737 -53.186965942 -92.995254517 24402.580078125 -15.374522209 -5.083412170
22.303007126 -51.655700684 -93.165969849 25669.429687500 -15.431007385 -7.839704514
