976.006408691 24.572052002 23.077209473 0.000000000 -5.128783703 2.519803524
973.093750000 24.265380859 22.952880859 29.567352295 -6.313712597 3.624668837
967.767517090 23.869781494 22.955108643 81.189758301 -6.921994686 4.198047638
958.575561523 23.948303223 22.549377441 166.302825928 -3.590736866 7.000105858
945.052124023 24.320922852 21.863464355 290.347137451 2.021555424 10.762515068
927.702209473 23.903625488 21.073852539 452.297332764 7.993813992 14.643719673
907.034851074 22.759155273 20.150604248 646.481323242 14.832276344 20.422224045
884.508605957 21.795715332 19.204681396 866.244384766 18.919790268 28.650445938
860.130493164 20.672241211 18.393829346 1111.977416992 19.921951294 35.875091553
832.948608398 18.661102295 17.320617676 1390.010742188 19.949653625 38.817546844
802.994628906 16.380950928 15.670227051 1704.711181641 18.116584778 36.310718536
770.288208008 14.788726807 13.471649170 2059.637939453 10.963452339 30.500852585
734.804992676 12.263885498 12.540039062 2458.940673828 0.446504951 23.180591583
696.571716309 8.738922119 9.049224854 2906.256347656 1.894400001 21.769046783
655.673339844 7.118682861 -2.550903320 3407.517333984 24.116310120 25.243289948
612.117004395 3.370880127 -17.268615723 3969.021972656 34.398307800 29.877929688
566.233276367 -2.102172852 -21.561248779 4582.290527344 33.645652771 34.064704895
521.659423828 -7.205352783 -23.704803467 5215.260253906 36.936790466 36.025234222
481.420104980 -12.088348389 -24.349273682 5833.909667969 41.963760376 36.735912323
445.288269043 -16.769561768 -24.800048828 6425.877441406 45.746292114 38.888595581
412.669952393 -21.022445679 -25.815414429 6993.314941406 48.945571899 42.000377655
383.022369385 -24.928985596 -27.485046387 7538.579589844 52.437290192 43.071285248
356.274108887 -28.507949829 -31.355117798 8061.261230469 54.495826721 40.739551544
332.116119385 -31.940414429 -35.032043457 8560.877929688 53.527080536 37.376895905
310.279968262 -35.120544434 -38.450241089 9037.811523438 49.765453339 35.681392670
290.591278076 -38.038116455 -41.520629883 9492.058593750 44.694698334 35.831653595
272.826110840 -40.850906372 -48.460464478 9927.101562500 39.180541992 35.476940155
256.269317627 -43.914199829 -50.434387207 10346.945312500 34.503120422 33.369693756
241.272521973 -47.022064209 -50.948486328 10750.223632812 32.413124084 30.617744446
227.502487183 -50.048233032 -54.108520508 11145.138671875 33.527877808 28.266540527
213.699966431 -53.199615479 -57.336944580 11550.993164062 35.243251801 27.649360657
199.882110596 -56.450836182 -60.602218628 11978.269531250 35.742721558 28.323637009
186.063430786 -59.661361694 -63.901428223 12429.605468750 36.706760406 29.320644379
172.244995117 -63.045730591 -67.276489258 12908.433593750 40.650165558 29.754632950
158.426666260 -66.014541626 -70.281982422 13419.623046875 48.126579285 29.232412338
144.608398438 -67.703445435 -71.929840088 13971.523437500 55.829032898 27.392112732
130.790222168 -67.602172852 -75.591506958 14576.976562500 60.831996918 23.366708755
116.972129822 -66.537124634 -83.146789551 15252.544921875 59.503356934 15.979003906
103.154083252 -64.245086670 -86.474075317 16004.605468750 41.412540436 7.228356361
90.315956116 -62.448135376 -75.763214111 16791.628906250 10.761234283 7.620823383
80.025650024 -65.130569458 -69.327301025 17537.427734375 4.249822140 16.643434525
71.646270752 -63.645858765 -70.335968018 18236.361328125 10.401285172 17.145019531
63.855087280 -62.137695312 -87.465240479 18946.503906250 2.594155550 10.575818062
56.554077148 -62.389282227 -95.765655518 19694.033203125 -6.084805965 5.417327881
49.792068481 -61.939407349 -91.401000977 20481.013671875 -9.106728554 2.843141556
43.520057678 -60.212814331 -92.554321289 21319.666015625 -12.004783630 1.466590643
37.640045166 -58.279022217 -92.867004395 22228.609375000 -15.371088982 -0.279355705
32.152034760 -56.296325684 -92.845611572 23224.810546875 -17.476213455 -2.520576477
27.056020737 -54.196945190 -92.896087646 24329.447265625 -16.056720734 -1.472923160
22.303007126 -51.970092773 -93.051055908 25592.535156250 -10.244091034 0.429257244
