980.886413574 24.759552002 23.054412842 0.000000000 2.282123089 11.874554634
977.965759277 24.390380859 22.903778076 29.567352295 2.069116354 15.166245461
972.615478516 23.869781494 22.798858643 81.158508301 0.974873483 16.833036423
963.375549316 23.135803223 22.424621582 166.084075928 -0.431989729 18.298702240
949.788146973 22.508422852 21.851104736 289.503387451 0.077711068 20.481737137
932.358215332 21.841125488 21.132873535 450.422332764 2.648241758 22.419097900
911.578918457 21.071655273 20.323425293 643.450073242 4.748583794 22.852029800
888.924560547 20.608215332 19.248992920 862.275634766 7.013742447 23.183383942
864.410461426 19.734741211 18.385894775 1107.414916992 8.501865387 24.090534210
837.036621094 19.473602295 17.772399902 1386.041992188 9.501490593 26.790008545
806.850646973 18.630950928 16.437652588 1703.367431641 11.313129425 30.722166061
773.912170410 16.851226807 14.188079834 2061.919189453 13.636238098 33.902580261
738.188964844 13.763885498 13.301177979 2464.846923828 16.969182968 32.656833649
699.667724609 10.863922119 11.100555420 2916.850097656 23.519668579 28.693992615
658.377319336 7.743682861 7.026641846 3424.111083984 27.396547318 25.364780426
614.317016602 3.620880127 2.758514404 3992.365722656 28.323793411 24.896827698
567.909301758 -1.227172852 -1.448730469 4613.665527344 32.795219421 27.261249542
522.897399902 -6.142852783 -6.099182129 5255.010253906 35.357414246 31.408603668
482.330505371 -11.150848389 -12.351531982 5880.753417969 35.646266937 35.399517059
445.961914062 -15.957061768 -17.669204712 6478.158691406 37.484951019 37.066242218
413.183563232 -20.397445679 -22.541122437 7049.533691406 42.506587982 36.897785187
383.422393799 -24.428985596 -26.948165894 7597.642089844 47.942150116 37.482730865
356.590911865 -28.195449829 -31.069213867 8122.261230469 50.243667603 38.795707703
332.368133545 -32.002914429 -35.127899170 8623.034179688 48.181510925 39.685211182
310.483184814 -35.620544434 -38.980300903 9100.124023438 44.662864685 39.569080353
290.757354736 -38.725616455 -42.276062012 9553.808593750 42.264892578 39.111888885
272.963317871 -41.350906372 -45.071975708 9988.257812500 41.610347748 39.607608795
256.377746582 -43.914199829 -47.749130249 10408.195312500 41.428066254 40.537620544
241.353698730 -46.647064209 -50.577484131 10812.317382812 41.038932800 40.458457947
227.563552856 -49.485733032 -53.541442871 11208.513671875 40.695800781 38.714702606
213.744888306 -52.762115479 -56.860000610 11615.711914062 41.317764282 36.396659851
199.912933350 -56.325836182 -60.513061523 12043.925781250 41.088294983 35.370071411
186.081359863 -60.223861694 -64.478851318 12495.105468750 38.772094727 36.245590210
172.252975464 -64.170730591 -68.434082031 12972.214843750 39.435264587 36.558090210
158.428146362 -66.889541626 -71.115280151 13481.216796875 47.276145935 34.699474335
144.607421875 -67.765945435 -73.169921875 14032.054687500 56.193500519 31.887252808
130.789260864 -67.602172852 -77.033218384 14637.382812500 61.925407410 27.861848831
116.971191406 -66.662124634 -81.805664062 15312.701171875 61.082729340 17.436887741
103.153144836 -65.120086670 -87.496520996 16062.917968750 44.449798584 5.891963482
90.315124512 -63.260635376 -90.804534912 16846.691406250 13.555510521 11.630002022
80.025115967 -63.943069458 -90.631256104 17592.865234375 9.716884613 20.288143158
71.646102905 -62.145858765 -89.013153076 18296.142578125 11.373207092 15.808626175
63.855087280 -61.700195312 -89.492645264 19009.441406250 2.351175070 7.417070866
56.554073334 -61.826782227 -90.733428955 19758.689453125 -4.748413086 5.052856922
49.792060852 -61.376907349 -92.097808838 20547.701171875 -8.863747597 3.815063715
43.520053864 -59.837814331 -92.767486572 21388.166015625 -12.247764587 0.980629504
37.640045166 -57.904022217 -92.853118896 22298.765625000 -15.006618500 -1.129787683
32.152030945 -56.108825684 -92.867279053 23296.123046875 -16.868762970 -0.212261319
27.056020737 -54.009445190 -92.920654297 24401.603515625 -15.813740730 1.564333797
22.303007126 -51.782592773 -93.111724854 25665.753906250 -10.122600555 1.887140512
