962.497680664 29.635009766 22.408721924 0.000000000 -7.429074287 13.666394234
959.629150391 29.182128906 22.283355713 30.065399170 -10.340948105 18.819076538
954.375610352 28.316223145 22.336761475 82.449707031 -12.969183922 21.889112473
945.315002441 27.193267822 22.115356445 168.554718018 -14.934524536 25.061536789
931.996276855 25.985076904 21.437438965 293.347381592 -15.173526764 27.704069138
914.929199219 24.578918457 20.750335693 455.524261475 -13.776659012 29.816679001
894.607971191 22.914367676 20.389648438 649.447753906 -10.474031448 32.026180267
872.472290039 21.474304199 19.663208008 868.315551758 -5.461263657 33.342342377
848.545288086 19.900787354 18.245513916 1112.326782227 -0.617395163 31.764230728
821.922607422 17.925689697 16.456542969 1387.600830078 2.409706593 28.721128464
792.626220703 15.352539062 14.433837891 1698.436523438 4.537369728 26.130558014
760.659057617 12.215789795 12.364288330 2047.249511719 7.709108353 24.067392349
726.021301270 9.895812988 10.157562256 2438.152343750 13.729383469 24.302108765
688.731872559 8.255401611 6.008941650 2876.969970703 25.006820679 22.992855072
648.848022461 7.032867432 -8.057250977 3370.153320312 36.189018250 21.881286621
606.347045898 4.620330811 -35.135009766 3924.318847656 42.964511871 23.692283630
561.526611328 0.355560303 -34.813766479 4532.466796875 44.676433563 24.582338333
517.926452637 -4.646942139 -35.269317627 5162.003417969 46.066387177 25.570796967
478.502563477 -9.389739990 -40.595336914 5777.934082031 47.734584808 27.079711914
443.048156738 -14.384887695 -45.113372803 6367.503906250 48.457077026 28.183757782
410.983642578 -19.246932983 -47.303359985 6932.124511719 48.518741608 29.374694824
381.784576416 -23.758392334 -48.583099365 7473.917480469 48.572788239 31.240530014
355.389221191 -27.792327881 -49.955871582 7992.854003906 48.881549835 32.596641541
331.501281738 -31.545272827 -51.278152466 8488.872070312 49.847095490 32.892669678
309.869049072 -35.317840576 -52.639404297 8962.133789062 51.911941528 31.751525879
290.329956055 -39.025466919 -54.392333984 9412.151367188 54.247127533 30.057765961
272.670654297 -42.508422852 -56.606552124 9842.401367188 55.466316223 28.559913635
256.187042236 -45.835189819 -59.290252686 10257.276367188 55.112739563 28.022714615
241.236602783 -48.921539307 -62.140869141 10655.971679688 54.038257599 28.206090927
227.490814209 -51.682998657 -64.980697632 11047.071289062 53.450248718 28.869009018
213.696975708 -54.435989380 -67.112106323 11450.071289062 54.452625275 29.222652435
199.880218506 -57.112670898 -67.961944580 11875.415039062 56.827388763 29.333555222
186.061950684 -59.888061523 -68.697097778 12325.780273438 59.920837402 28.726793289
172.243713379 -62.606842041 -70.384796143 12804.833007812 62.735626221 27.116104126
158.425506592 -64.904144287 -72.962585449 13317.956054688 64.602569580 23.911087036
144.607345581 -65.906417847 -76.265716553 13873.838867188 64.516227722 18.864273071
130.789260864 -65.532394409 -80.211715698 14485.024414062 59.478672028 13.112081528
116.971221924 -65.398605347 -83.869461060 15165.647460938 46.755310059 9.460944176
103.153175354 -66.846725464 -86.768722534 15914.666015625 29.662740707 10.274982452
90.315155029 -67.822860718 -88.856262207 16686.771484375 18.263324738 10.255131721
80.025138855 -65.668670654 -89.593475342 17421.544921875 6.595882416 8.895429611
71.646118164 -64.308547974 -88.930633545 18118.296875000 2.760767221 9.825771332
63.855102539 -62.785934448 -88.879974365 18826.195312500 0.261385024 9.172327042
56.554088593 -61.947998047 -89.770599365 19573.476562500 -4.910964966 7.328639030
49.792068481 -60.566040039 -90.963500977 20363.953125000 -9.974567413 3.924962282
43.520057678 -59.133178711 -91.752593994 21207.507812500 -13.051970482 1.798055530
37.640048981 -57.237411499 -92.138031006 22121.013671875 -14.933063507 0.381294012
32.152034760 -55.349334717 -92.380615234 23121.751953125 -15.674177170 0.157841340
27.056022644 -53.222656250 -92.448699951 24231.167968750 -12.831558228 0.351694494
22.303007126 -50.741714478 -92.277374268 25500.619140625 -5.606616020 -0.151126891
