985.609680176 26.822509766 21.053436279 0.000000000 -2.083501816 15.974709511
982.677124023 27.244628906 20.936462402 29.784149170 -3.173021317 24.650609970
977.303588867 27.691223145 20.630554199 81.918457031 -3.857412815 29.664489746
968.027038574 27.755767822 19.725097656 167.898468018 -4.364870548 36.117153168
954.372253418 26.985076904 18.586761475 292.972381592 -3.753440857 40.946510315
936.857238770 25.328918457 18.041839600 455.774261475 -1.627631545 44.638492584
915.951965332 23.226867676 18.326507568 650.635253906 1.310525179 47.455444336
893.128295898 21.161804199 18.368835449 870.878051758 5.472861290 49.865016937
868.393310547 19.275787354 17.108215332 1116.701782227 11.896103859 51.081184387
840.818603516 17.425689697 15.647644043 1394.757080078 19.661325455 48.038082123
810.378173828 15.227539062 15.451080322 1710.186523438 20.817066193 38.401073456
777.083129883 13.840789795 13.802062988 2066.437011719 18.521743774 28.441041946
741.093261719 14.833312988 -1.594635010 2468.214843750 23.205625534 30.376621246
702.451904297 13.192901611 -12.804321289 2920.626220703 30.959844589 32.469097137
661.000000000 9.032867432 -12.580810547 3428.590820312 34.488151550 33.544353485
616.691040039 3.557830811 -18.755645752 3996.537597656 35.553607941 35.598331451
569.990600586 -1.581939697 -25.149200439 4616.810546875 38.723407745 33.329639435
524.668457031 -6.021942139 -29.508392334 5258.284667969 43.029129028 27.879112244
483.803344727 -10.639739990 -27.849777222 5886.246582031 48.827999115 25.257356644
447.153747559 -15.509887695 -26.340988159 6487.003906250 54.896060944 23.324146271
414.113250732 -20.371932983 -27.004104614 7061.687011719 58.237964630 22.206768036
384.114166260 -24.758392334 -28.928390503 7612.573730469 58.170516968 21.642799377
357.073242188 -28.542327881 -31.425460815 8139.635253906 55.927986145 21.784006119
332.684112549 -31.920272827 -35.101074219 8642.934570312 53.248825073 23.173446655
310.680267334 -35.317840576 -38.696960449 9122.602539062 51.425979614 25.191051483
290.874114990 -38.712966919 -42.284088135 9578.213867188 50.116458893 26.656038284
273.024414062 -42.008422852 -45.715362549 10013.307617188 48.784351349 26.859050751
256.408386230 -45.022689819 -48.874450684 10432.401367188 45.757987976 26.078868866
241.374694824 -47.796539307 -51.803924561 10834.784179688 42.010719299 25.047344208
227.586059570 -50.432998657 -54.469985962 11229.071289062 38.992908478 23.158966064
213.777252197 -53.185989380 -57.329864502 11634.758789062 38.415908813 20.961315155
199.956588745 -56.237670898 -60.450881958 12062.227539062 39.454280853 21.315196991
186.132934570 -59.450561523 -63.661483765 12513.999023438 40.846862793 24.717613220
172.308959961 -62.856842041 -67.127761841 12993.301757812 44.026119232 27.602066040
158.484725952 -65.904144287 -70.155838013 13504.893554688 50.995655060 27.677286148
144.660110474 -67.156417847 -71.888885498 14057.776367188 60.021091461 25.789218903
130.834899902 -66.844894409 -72.007232666 14665.211914062 64.216789246 22.223852158
117.008392334 -65.523605347 -70.099700928 15343.897460938 56.839004517 14.806516647
103.179534912 -63.971725464 -68.784423828 16098.634765625 33.428939819 5.050900459
90.329650879 -65.135360718 -77.500427246 16881.708984375 11.824338913 3.816147327
80.029510498 -65.918670654 -87.398483276 17621.607421875 9.025688171 13.269079208
71.646125793 -64.183547974 -84.827941895 18318.484375000 10.779125214 13.834950447
63.855098724 -62.035934448 -88.598205566 19027.914062500 2.691190481 6.256560326
56.554080963 -61.572998047 -90.908020020 19776.976562500 -5.032454967 0.646673977
49.792068481 -61.628540039 -91.994720459 20565.984375000 -9.488606453 1.130685806
43.520057678 -59.945678711 -92.691345215 21405.789062500 -13.659421921 3.984880447
37.640045166 -57.487411499 -92.720352173 22317.201171875 -16.512437820 3.783021688
32.152034760 -55.474334717 -92.706848145 23317.126953125 -16.889080048 0.522312164
27.056020737 -53.535156250 -92.858306885 24425.417968750 -14.775402069 -1.470659733
22.303007126 -51.679214478 -93.091094971 25691.119140625 -9.737285614 -1.609010220
