965.276428223 29.720581055 20.883728027 0.000000000 2.117711782 12.977370262
962.397644043 29.029327393 20.597442627 29.970458984 2.361178160 14.987765312
957.139526367 28.329986572 20.450958252 82.234130859 1.547447562 15.779870033
948.059082031 27.281066895 20.165893555 168.168609619 0.458206087 16.483518600
934.715454102 25.823638916 19.636993408 292.699920654 -0.240544662 17.532457352
917.605224609 24.122680664 19.175781250 454.490020752 0.201574206 18.128379822
897.220642090 22.155914307 19.139526367 647.892700195 1.564632177 18.475502014
874.986511230 20.142730713 19.828186035 866.212646484 4.104163647 18.340564728
850.942626953 18.360931396 18.560363770 1109.541992188 8.132018089 18.427999496
824.188293457 16.750579834 14.765197754 1383.959838867 12.280528069 19.265670776
794.770141602 14.424652100 12.335845947 1693.871093750 15.474505424 20.902170181
762.666748047 11.668090820 10.504089355 2041.926757812 17.391588211 22.587333679
727.926147461 10.153961182 2.325195312 2432.033691406 18.184219360 25.218927383
690.610595703 10.635925293 -13.524993896 2871.135742188 19.283638000 35.105674744
650.628051758 6.583099365 -14.180328369 3364.949218750 22.389522552 38.898361206
607.869995117 2.036132812 -19.380111694 3917.516113281 29.259944916 38.114929199
562.746704102 -2.630767822 -25.096557617 4522.245117188 35.573440552 35.796260834
518.878540039 -7.113983154 -30.360595703 5148.155761719 38.609401703 35.291473389
479.240203857 -11.079772949 -34.818984985 5761.665039062 39.548873901 35.842376709
443.609008789 -15.448822021 -39.850692749 6350.278808594 40.405929565 37.206428528
411.405303955 -20.010162354 -44.718795776 6914.734863281 42.970977783 38.382801056
382.094329834 -24.735076904 -48.011596680 7456.257812500 47.635917664 39.053310394
355.611083984 -29.025604248 -49.871337891 7974.241210938 52.190929413 38.892780304
331.656219482 -32.666290283 -51.552246094 8469.024414062 53.397468567 37.630886078
309.972625732 -35.769500732 -54.024978638 8941.666992188 48.897010803 35.736232758
290.396179199 -38.882659912 -56.842163086 9392.127929688 40.704105377 34.129692078
272.709960938 -42.127883911 -58.734436035 9823.409179688 35.015270233 32.802078247
256.207611084 -45.425109863 -60.268554688 10239.447265625 34.224220276 31.238780975
241.245391846 -48.399261475 -61.956802368 10639.284179688 36.998165131 29.905443192
227.493515015 -51.123077393 -63.545745850 11031.563476562 41.284450531 29.322372437
213.697494507 -53.947250366 -64.326263428 11435.608398438 45.632774353 28.342960358
199.880493164 -57.227935791 -64.577819824 11861.362304688 49.813964844 25.529983521
186.062072754 -60.619430542 -66.019073486 12310.858398438 53.633827209 21.558681488
172.243743896 -63.339721680 -68.965255737 12788.281250000 55.517681122 20.943710327
158.425506592 -64.282653809 -72.197998047 13301.433593750 55.541374207 25.238811493
144.607345581 -64.273391724 -75.623992920 13860.442382812 54.340915680 28.621519089
130.789245605 -64.777725220 -79.430938721 14475.059570312 50.254127502 28.832838058
116.971191406 -66.245925903 -83.849838257 15155.444335938 44.856647491 26.993661880
103.153152466 -67.498626709 -88.113952637 15901.860351562 40.248363495 21.973297119
90.315139771 -66.955078125 -90.706115723 16674.285156250 35.455036163 12.887415886
80.025123596 -64.297775269 -90.350296021 17413.031250000 24.636680603 4.000929832
71.646110535 -59.790847778 -88.898742676 18119.589843750 1.173700333 17.958351135
63.855098724 -61.155654907 -89.522125244 18837.685546875 -1.499096870 14.765940666
56.554080963 -60.982574463 -90.287597656 19589.437500000 -6.225961685 8.420727730
49.792068481 -60.660461426 -91.186553955 20381.453125000 -11.936944008 4.307930946
43.520057678 -59.829574585 -91.800689697 21223.449218750 -13.910581589 4.400462151
37.640048981 -58.383880615 -92.010406494 22133.068359375 -15.191101074 5.394523621
32.152034760 -56.329071045 -92.013183594 23128.917968750 -16.149869919 5.172389030
27.056022644 -54.191131592 -92.114624023 24233.433593750 -14.681861877 3.682729721
22.303007126 -52.456314087 -92.172409058 25494.992187500 -13.951713562 4.035729408
