973.599121094 28.559326172 20.832580566 0.000000000 0.830985665 7.921582699
970.700073242 28.258636475 20.442504883 29.882720947 0.899728060 11.707891464
965.393493652 27.690551758 20.267395020 82.013641357 0.545089722 13.681211472
956.241699219 26.844299316 20.170257568 167.806365967 0.501280844 16.220909119
942.770385742 25.629150391 19.986297607 292.349456787 1.048602581 18.859964371
925.484130859 24.060394287 19.761383057 454.357025146 1.920716524 21.758960724
904.883605957 22.199310303 19.247406006 648.130859375 3.142945528 24.726844788
882.420288086 20.322479248 18.345825195 866.799194336 5.175768375 28.852050781
858.133605957 18.796417236 16.071258545 1110.515380859 9.095409393 33.360855103
831.087280273 16.748840332 14.336334229 1385.681274414 11.224555016 33.933109283
801.296936035 14.705291748 12.347930908 1697.029418945 14.291632652 29.993961334
768.749755859 12.225860596 10.687774658 2047.722778320 15.235220909 28.654417038
733.461669922 9.490539551 8.609527588 2441.315673828 17.165128708 30.229835510
695.463256836 8.140045166 2.282409668 2883.399414062 23.506448746 30.122833252
654.772094727 5.594787598 -5.299346924 3380.376220703 28.941492081 32.863403320
611.345214844 1.755462646 -12.800140381 3937.680908203 32.340984344 35.405784607
565.555419922 -3.551391602 -17.578659058 4547.037597656 37.245704651 36.538867950
521.086669922 -8.121643066 -23.568389893 5176.549316406 42.238151550 36.050910950
480.954223633 -12.002380371 -30.929946899 5793.156738281 46.443668365 36.612678528
444.923919678 -16.149078369 -36.350036621 6384.605957031 49.558128357 38.385646820
412.396301270 -20.508285522 -38.996307373 6951.858886719 50.396331787 39.708850861
382.824310303 -24.735763550 -41.526855469 7496.535644531 49.895503998 39.823627472
356.135620117 -28.377944946 -45.318313599 8018.379394531 48.085597992 39.196475983
332.022460938 -31.370712280 -50.016479492 8517.793945312 43.745018005 38.911331177
310.219635010 -34.244827271 -51.383270264 8995.399414062 37.263523102 40.094699860
290.553833008 -37.466171265 -48.033676147 9450.452148438 32.084556580 41.484909058
272.802947998 -40.857437134 -49.233139038 9885.721679688 31.256132126 41.217517853
256.255554199 -44.275985718 -53.924865723 10305.018554688 34.305652618 38.746826172
241.265274048 -47.590866089 -58.678588867 10707.311523438 38.744579315 35.839691162
227.499114990 -50.749298096 -60.521179199 11101.012695312 42.973270416 33.523456573
213.698196411 -54.256805420 -61.483306885 11505.223632812 45.959518433 32.261718750
199.880722046 -57.952560425 -63.053329468 11929.975585938 47.787418365 31.255004883
186.062240601 -61.357147217 -65.621459961 12377.884765625 49.332695007 30.695367813
172.243881226 -63.774642944 -68.016845703 12853.980468750 51.501964569 31.178197861
158.425598145 -64.723770142 -70.633712769 13365.969726562 53.323627472 32.916599274
144.607406616 -65.551422119 -74.412689209 13922.504882812 54.407245636 34.831531525
130.789260864 -66.413803101 -77.737823486 14532.775390625 56.856967926 34.602661133
116.971191406 -66.745117188 -82.052749634 15209.753906250 57.703865051 28.002937317
103.153152466 -65.356445312 -87.374114990 15959.297851562 45.633934021 13.579845428
90.315139771 -63.640167236 -90.757568359 16741.960937500 21.712598801 3.048550367
80.025123596 -62.115539551 -89.987258911 17490.613281250 7.511304855 14.653222084
71.646110535 -61.635040283 -88.831130981 18197.894531250 9.098868370 17.181694031
63.855091095 -60.564636230 -89.397644043 18914.070312500 2.507813215 9.339038849
56.554080963 -60.760131836 -90.638244629 19667.246093750 -7.287010193 7.249738216
49.792068481 -60.672576904 -91.846923828 20459.593750000 -12.200687408 7.367547512
43.520057678 -60.020477295 -92.647399902 21301.154296875 -13.688211441 5.678863049
37.640045166 -58.540908813 -92.816543579 22210.023437500 -14.376187325 2.088625908
32.152034760 -56.469665527 -92.805023193 23205.078125000 -15.535172462 -0.851952076
27.056020737 -54.375991821 -92.857513428 24308.699218750 -16.122114182 0.170892045
22.303007126 -51.892227173 -93.015228271 25571.544921875 -13.314983368 1.925188780
