980.119140625 26.371826172 23.408508301 0.000000000 4.718674660 4.762835503
977.196105957 26.071136475 23.148834229 29.788970947 6.245300293 8.063182831
971.841491699 25.440551758 22.892272949 81.701141357 6.255132675 9.672032356
962.601745605 24.781799316 22.349639893 167.181365967 5.482382298 12.697691917
949.018371582 24.066650391 21.654815674 291.349456787 4.328840256 16.308668137
931.580139160 22.935394287 21.027648926 453.107025146 3.864560843 19.450645447
910.803588867 21.636810303 20.061889648 646.880859375 4.600828648 23.025981903
888.132324219 20.009979248 19.669311523 865.986694336 6.755141735 28.487579346
863.597595215 18.233917236 18.451507568 1110.452880859 8.366467476 34.575759888
836.287292480 17.061340332 13.795684814 1386.587524414 10.374123573 38.185268402
806.208923340 15.267791748 12.689361572 1699.529418945 14.048651695 37.647850037
773.317749023 13.475860596 12.213287354 2053.128906250 18.758440018 36.915756226
737.613647461 11.053039551 11.302612305 2451.471923828 20.809837341 37.276271820
699.103271484 8.577545166 8.828948975 2899.274414062 24.113899231 38.262683868
657.820129395 5.094787598 4.739074707 3401.751220703 29.548942566 36.386619568
613.829162598 2.442962646 -9.048065186 3964.587158203 41.209774017 36.863666534
567.575378418 -2.238891602 -23.584915161 4580.287597656 41.740844727 37.267810822
522.702697754 -6.934143066 -26.227081299 5216.361816406 39.443874359 38.723697662
482.219848633 -10.877380371 -33.071258545 5839.187988281 40.004684448 40.864837646
445.899932861 -15.461578369 -37.162445068 6436.043457031 41.175296783 43.245258331
413.135467529 -20.070785522 -36.502838135 7007.608886719 42.985424042 44.568462372
383.366729736 -24.673263550 -36.111007690 7555.566894531 45.157382965 43.589828491
356.523620605 -28.877944946 -39.520538330 8079.316894531 46.506225586 40.897338867
332.290466309 -32.308212280 -43.550811768 8579.262695312 44.716941833 38.789840698
310.397064209 -35.307327271 -47.589187622 9056.555664062 41.029724121 38.150852203
290.665649414 -37.903671265 -50.472747803 9511.483398438 38.280559540 37.840202332
272.868865967 -40.544937134 -51.546020508 9947.565429688 36.601703644 36.600887299
256.289520264 -43.713485718 -56.082229614 10368.393554688 37.221420288 35.831058502
241.279022217 -46.903366089 -59.730545044 10772.280273438 39.595012665 35.110748291
227.502487183 -50.061798096 -61.034881592 11167.450195312 41.029426575 34.981338501
213.698120117 -53.569305420 -63.041564941 11573.067382812 41.585868835 35.663448334
199.880554199 -57.327560425 -64.935501099 11999.131835938 41.469924927 36.722068787
186.062210083 -60.982147217 -66.836334229 12448.166015625 42.043277740 37.012863159
172.243850708 -64.024642944 -68.296966553 12924.386718750 44.455528259 36.402278900
158.425582886 -66.161270142 -71.929779053 13434.250976562 49.678920746 35.589385986
144.607406616 -67.488922119 -73.518310547 13986.286132812 55.500656128 34.224079132
130.789260864 -68.101303101 -77.887680054 14591.244140625 61.595088959 30.714973450
116.971191406 -67.495117188 -82.576782227 15264.253906250 62.806453705 20.227560043
103.153152466 -64.731445312 -87.465713501 16013.610351562 43.082637787 4.468074799
90.315139771 -62.640167236 -91.295989990 16799.242187500 10.656982422 7.908161163
80.025123596 -63.678039551 -90.119293213 17547.082031250 6.782362938 17.204517365
71.646110535 -62.385040283 -88.906448364 18250.425781250 8.369926453 15.602320671
63.855091095 -61.689636230 -89.489974976 18963.320312500 1.414400697 7.516684532
56.554080963 -61.635131836 -90.707275391 19712.996093750 -5.464656353 5.913344860
49.792068481 -60.672576904 -92.030151367 20503.812500000 -10.378333092 6.152644634
43.520057678 -59.332977295 -92.726287842 21346.654296875 -12.716288567 4.463960171
37.640045166 -57.915908813 -92.844726562 22258.273437500 -14.254696846 2.331606388
32.152034760 -56.282165527 -92.840835571 23255.265625000 -16.385604858 1.213382721
27.056020737 -54.563491821 -92.905914307 24358.980468750 -16.851055145 1.628775358
22.303007126 -52.142227173 -93.069732666 25620.576171875 -13.922433853 1.317737341
