982.846435547 27.009552002 22.531951904 0.000000000 -4.521332741 10.173690796
979.917724609 26.765380859 22.192993164 29.754852295 -7.164144516 14.194322586
974.559509277 26.244781494 21.992462158 81.721008301 -9.473290443 16.833036423
965.311584473 25.635803223 21.548919678 167.302825928 -11.609095573 21.821920395
951.700134277 24.945922852 20.743408203 291.628387451 -12.314297676 28.135625839
934.230163574 23.778625488 19.916595459 453.547332764 -11.566120148 33.596202850
913.418884277 22.259155273 19.115447998 647.481323242 -9.344288826 38.281295776
890.708618164 20.483215332 18.058868408 866.556884766 -4.892304420 42.986297607
866.130493164 18.672241211 16.772979736 1110.946166992 0.483506680 45.715805054
838.740600586 16.911102295 14.591400146 1387.166992188 5.249330521 44.041625977
808.546630859 15.318450928 12.584259033 1700.367431641 10.584187508 39.833934784
775.536254883 13.351226807 12.273559570 2054.106689453 14.972631454 36.210895538
739.724975586 11.826385498 8.759094238 2452.753173828 19.156007767 32.049381256
701.135803223 9.238922119 6.204223633 2901.100097656 24.977552414 34.039562225
659.725402832 6.368682861 4.886962891 3405.392333984 26.910585403 37.756790161
615.501037598 2.620880127 -0.666137695 3971.553222656 29.781675339 40.204601288
568.929321289 -2.352172852 -5.733520508 4590.821777344 30.365413666 42.933494568
523.761413574 -7.392852783 -10.394775391 5230.010253906 30.497804642 44.408061981
483.047302246 -12.150848389 -13.869476318 5854.190917969 32.487518311 44.997249603
446.541107178 -16.519561768 -18.293304443 6451.221191406 35.541107178 46.542484283
413.631561279 -20.522445679 -22.701705933 7023.377441406 38.618900299 46.981479645
383.752807617 -23.553985596 -26.052215576 7573.892089844 41.624656677 44.529167175
356.818084717 -26.507949829 -29.256515503 8102.886230469 44.290641785 40.132099152
332.507354736 -29.502914429 -32.465560913 8609.565429688 46.359153748 35.311561584
310.550567627 -32.620544434 -35.809204102 9093.561523438 48.307571411 30.700290680
290.769653320 -35.538116455 -38.895309448 9554.464843750 50.040267944 26.719882965
272.935638428 -38.913406372 -42.509979248 9995.164062500 51.208076477 23.935363770
256.328582764 -42.539199829 -46.260467529 10419.226562500 52.605171204 22.800041199
241.299057007 -46.084564209 -49.951812744 10825.442382812 54.159881592 22.720876694
227.511138916 -49.548233032 -53.557983398 11222.138671875 55.639106750 23.649909973
213.700897217 -53.137115479 -57.217483521 11628.805664062 55.775108337 25.584024429
199.881256104 -56.700836182 -60.865859985 12056.050781250 53.358814240 28.080656052
186.062301636 -60.161361694 -64.405838013 12506.605468750 48.734294891 30.900018692
172.243911743 -64.295730591 -68.538391113 12983.402343750 46.360210419 32.427417755
158.425628662 -67.952041626 -72.207565308 13490.654296875 49.827442169 30.690294266
144.607452393 -69.140945435 -73.391540527 14038.023437500 58.380325317 27.149131775
130.789291382 -68.977172852 -76.104248047 14639.320312500 64.112236023 23.366708755
116.971191406 -67.162124634 -82.142211914 15311.638671875 60.596767426 16.100494385
103.153167725 -64.057586670 -88.323059082 16062.886718750 38.010814667 5.891963482
90.315147400 -63.510635376 -90.664825439 16848.160156250 10.275273323 10.779570580
80.025123596 -64.130569458 -86.339630127 17593.615234375 8.501981735 19.923671722
71.646102905 -62.770858765 -87.861419678 18295.611328125 10.036814690 13.743290901
63.855087280 -62.325195312 -89.413101196 19006.785156250 2.108194351 3.407891750
56.554073334 -62.576782227 -90.669525146 19753.564453125 -4.626922607 2.623051643
49.792060852 -61.876907349 -92.045959473 20540.263671875 -9.349709511 2.357180357
43.520053864 -60.212814331 -92.802612305 21379.009765625 -12.490745544 1.102119803
37.640045166 -58.029022217 -92.867095947 22288.546875000 -15.128108978 0.206605405
32.152030945 -56.233825684 -92.843261719 23285.373046875 -16.504291534 -0.698222458
27.056020737 -54.259445190 -92.902099609 24389.978515625 -15.327778816 -1.108452320
22.303007126 -51.907592773 -93.095962524 25653.160156250 -10.608561516 0.307766974
