970.823913574 29.265533447 21.459564209 0.000000000 -0.569129765 14.002427101
967.935058594 28.972869873 21.021972656 29.959014893 -0.763718843 19.941207886
962.640686035 28.421203613 20.718139648 82.250823975 -0.954919219 23.996231079
953.512512207 27.513397217 20.263854980 168.260009766 -0.846587181 28.248271942
940.084838867 26.326965332 19.619659424 293.036376953 -0.225810707 31.743406296
922.862365723 24.850006104 19.010986328 455.244262695 0.721867561 34.267753601
902.353271484 22.990997314 18.516021729 649.194946289 1.922192097 36.102123260
879.984008789 21.005615234 18.021636963 868.063476562 3.690085411 37.658508301
855.793273926 18.764953613 17.165496826 1111.866943359 5.782648563 38.802265167
828.830383301 16.703826904 15.518432617 1386.981689453 9.828937531 38.935707092
799.135009766 14.528503418 13.678802490 1698.175781250 15.706529617 35.519851685
766.726562500 12.551971436 10.799835205 2048.455078125 18.878183365 31.686954498
731.636474609 11.075469971 5.012542725 2441.946777344 18.609661102 32.875717163
693.895446777 10.256988525 -1.960754395 2884.654296875 23.993421555 37.591224670
653.455993652 7.990936279 -8.444702148 3383.260009766 30.998899460 41.781993866
610.262329102 3.252899170 -14.515502930 3942.111816406 35.107440948 39.935836792
564.706054688 -2.521148682 -20.856628418 4551.987792969 38.834823608 36.854652405
520.449279785 -7.674438477 -27.966064453 5180.959472656 42.070659637 33.470127106
480.492889404 -11.569244385 -34.741928101 5796.505371094 43.959636688 33.455799103
444.605895996 -15.426239014 -43.098968506 6387.361328125 45.674678802 35.697170258
412.194610596 -19.787155151 -52.973495483 6954.468261719 49.704013824 35.739246368
382.717895508 -24.316406250 -56.133255005 7498.867675781 55.479049683 34.021289825
356.079650879 -28.377532959 -53.257095337 8020.094238281 58.466770172 32.391513824
331.987609863 -31.553421021 -54.408981323 8518.728515625 54.745513916 32.237888336
310.204895020 -34.426986694 -58.645080566 8995.525390625 46.349639893 33.837844849
290.551605225 -37.574096680 -59.144073486 9449.992187500 38.741592407 34.903213501
272.807464600 -40.850296021 -59.691223145 9884.914062500 33.681385040 33.865489960
256.263092041 -44.311920166 -61.762542725 10304.029296875 31.487722397 32.259983063
241.273361206 -47.628585815 -63.779495239 10706.193359375 32.535678864 31.039697647
227.505355835 -50.677185059 -65.203781128 11099.970703125 35.700420380 29.954738617
213.700546265 -53.720504761 -64.507156372 11504.875000000 39.181533813 28.632093430
199.880737305 -57.000488281 -64.099517822 11931.228515625 40.595397949 27.380025864
186.062301636 -60.475234985 -66.145690918 12381.171875000 40.900333405 26.474290848
172.243988037 -63.267639160 -68.828277588 12858.828125000 42.383647919 27.884080887
158.425720215 -64.890518188 -70.846282959 13371.177734375 47.083503723 30.658275604
144.607498169 -65.785659790 -72.688568115 13927.199218750 52.383659363 31.195758820
130.789306641 -66.817169189 -74.976501465 14536.457031250 54.555973053 29.228244781
116.971221924 -67.780715942 -79.973114014 15210.992187500 53.384506226 24.040971756
103.153152466 -67.164581299 -87.434875488 15955.402343750 47.481464386 13.721475601
90.315139771 -64.251358032 -90.947540283 16733.562500000 31.037303925 5.016634941
80.025123596 -62.035675049 -89.627944946 17481.191406250 5.550416470 8.883248329
71.646110535 -63.137420654 -89.013000488 18186.082031250 1.943851829 15.989552498
63.855098724 -62.967773438 -89.358032227 18895.605468750 1.597924471 16.707204819
56.554080963 -61.051696777 -90.643905640 19644.181640625 -1.486672759 7.051913261
49.792068481 -60.994735718 -91.887405396 20435.484375000 -8.832036972 -1.220530868
43.520057678 -60.341979980 -92.360809326 21275.785156250 -14.461295128 -0.148446307
37.640048981 -58.968963623 -92.426269531 22183.011718750 -15.954471588 1.567279458
32.152034760 -57.118240356 -92.439300537 23175.519531250 -15.329284668 0.859098434
27.056022644 -55.207656860 -92.467529297 24275.306640625 -14.456082344 1.238206863
22.303007126 -52.575149536 -92.620513916 25533.792968750 -13.974552155 2.293764830
