948.246337891 25.182495117 21.309906006 0.000000000 -4.634819984 2.631268501
945.423583984 25.688964844 20.948333740 29.599426270 -8.114896774 4.633358955
940.262268066 25.823974609 20.781677246 81.383789062 -10.611416817 8.017056465
931.355163574 25.377624512 21.129364014 166.674865723 -11.931192398 12.590156555
918.251220703 24.221679688 21.784301758 290.510803223 -11.720767975 16.678077698
901.454223633 22.734588623 22.149902344 451.549377441 -9.392613411 20.707855225
881.482116699 20.988555908 21.150939941 643.867248535 -5.802762508 24.797719955
859.758056641 19.634735107 19.854522705 860.570861816 -2.449040413 28.010627747
836.312194824 17.848358154 18.083312988 1101.659667969 0.423143417 26.619863510
810.247985840 16.113006592 16.370239258 1373.199218750 3.683482170 21.762554169
781.619384766 13.890289307 14.123962402 1679.477783203 7.884132385 18.502849579
750.437438965 10.903076172 10.813751221 2022.474853516 11.908679962 16.638080597
716.765991211 8.888732910 0.731597900 2405.257812500 17.599458694 16.645097733
680.628295898 7.157867432 -15.376678467 2833.091552734 25.714902878 20.818244934
641.922119141 5.263336182 -21.751464844 3313.732666016 31.244237900 25.490661621
600.509521484 2.190185547 -20.415283203 3854.700195312 33.848773956 25.780494690
556.749084473 -2.159454346 -29.236328125 4448.658691406 37.733112335 23.529071808
514.139465332 -6.684417725 -34.098449707 5063.776367188 44.532089233 25.604328156
475.552581787 -11.193542480 -40.687927246 5666.425781250 49.641529083 30.432483673
440.785003662 -15.666168213 -46.082641602 6244.455566406 51.955570221 33.460708618
409.278411865 -20.011108398 -48.969512939 6799.521972656 53.510147095 34.211532593
380.529205322 -24.269515991 -50.010482788 7333.586425781 55.526699066 33.527133942
354.487274170 -28.275466919 -50.620330811 7846.010253906 57.519493103 31.778041840
330.873321533 -32.045196533 -51.633453369 8336.407226562 58.431350708 29.362710953
309.448760986 -35.597900391 -53.198501587 8805.051757812 57.772846222 26.762578964
290.063262939 -39.049133301 -55.290802002 9251.689453125 55.769481659 25.704240799
272.513641357 -42.380020142 -57.394042969 9679.730468750 53.456657410 26.349241257
256.106292725 -45.556823730 -59.277160645 10093.240234375 51.794864655 27.405801773
241.203842163 -48.541397095 -60.967834473 10491.336914062 50.140010834 28.658891678
227.482498169 -51.206649780 -62.859771729 10882.515625000 48.777687073 30.612970352
213.696792603 -54.136413574 -64.709777832 11285.896484375 49.048282623 32.677177429
199.880462646 -57.441787720 -66.267028809 11711.129882812 50.910915375 32.943649292
186.062149048 -60.556945801 -67.751281738 12160.447265625 54.287761688 29.841241837
172.243865967 -63.135391235 -69.490753174 12638.164062500 58.395252228 24.882520676
158.425628662 -64.869567871 -71.639373779 13150.747070312 61.374057770 20.634283066
144.607437134 -65.743682861 -73.997116089 13706.890625000 62.715579987 16.954589844
130.789306641 -65.915252686 -77.200851440 14317.687500000 60.644042969 11.684407234
116.971229553 -65.935012817 -80.814254761 14996.822265625 51.098423004 6.335802555
103.153167725 -65.703582764 -84.807891846 15747.051757812 32.409538269 8.482444763
90.315139771 -65.414016724 -89.098510742 16525.724609375 15.117404938 17.131338120
80.025123596 -63.746063232 -90.239379883 17268.263671875 7.262024879 17.663936615
71.646110535 -62.122268677 -89.353851318 17971.958984375 4.017131805 14.881492615
63.855098724 -61.572540283 -89.434295654 18685.505859375 2.282439947 9.868517876
56.554080963 -60.439926147 -90.369308472 19437.517578125 -4.605127811 4.514249325
49.792068481 -60.013412476 -91.436096191 20231.740234375 -8.221790314 1.704615951
43.520057678 -58.562789917 -92.142654419 21077.369140625 -11.859118462 -0.222874299
37.640045166 -57.011077881 -92.598693848 21992.562500000 -16.190132141 -1.568769932
32.152034760 -55.914916992 -92.765167236 22992.521484375 -18.296550751 -0.838128328
27.056020737 -54.557296753 -92.877532959 24097.123046875 -16.172630310 -0.171157137
22.303007126 -52.543121338 -93.069183350 25357.513671875 -12.189533234 -4.935689926
