978.302368164 20.682495117 17.455596924 0.000000000 0.589261949 -10.975642204
975.399597168 20.563964844 17.325775146 28.974426270 -0.946970165 -17.113401413
970.086242676 20.261474609 17.518646240 79.540069580 -2.957528830 -21.748060226
960.915161133 20.377624512 17.667724609 163.049835205 -5.006246090 -24.585868835
947.395263672 19.721679688 19.647674561 284.792053223 -6.496685982 -19.890495300
930.038269043 18.922088623 19.015136719 443.643127441 -6.112375736 -7.356398106
909.330139160 19.301055908 19.470733643 634.898437500 -4.101898670 4.994804382
886.718017578 19.759735107 19.950225830 852.883361816 2.167589903 11.609439850
862.224243164 19.348358154 19.507995605 1097.815917969 8.441501617 16.536169052
834.927978516 17.363006592 17.552642822 1375.199218750 11.458860397 19.818710327
804.867370605 15.327789307 14.075836182 1688.852783203 13.229704857 19.596261978
772.085388184 14.090576172 9.886840820 2042.224853516 17.618722916 17.488512039
736.566040039 12.138732910 6.479095459 2439.726562500 20.879695892 17.495531082
698.308288574 9.470367432 2.319824219 2885.966552734 23.042116165 19.117382050
657.286071777 6.075836182 -1.634429932 3386.732666016 27.113569260 20.995519638
613.465576172 2.315185547 -6.422760010 3948.325195312 34.820697784 24.201120377
567.277099609 -1.659454346 -12.981567383 4564.127441406 43.686134338 27.538251877
522.459472656 -5.559417725 -19.971206665 5202.276367188 51.214054108 29.492017746
482.046997070 -9.756042480 -30.033020020 5827.425781250 57.052436829 30.918445587
445.788208008 -14.103668213 -37.310104370 6426.361816406 62.160751343 31.030902863
413.065582275 -18.261108398 -36.533966064 7000.865722656 64.444274902 30.323844910
383.326019287 -22.394515991 -36.699768066 7552.805175781 62.573135376 28.910503387
356.499267578 -26.525466919 -35.641784668 8081.260253906 58.612903595 28.133333206
332.272094727 -30.107696533 -35.905441284 8585.844726562 54.665153503 28.147808075
310.380340576 -33.410400391 -38.148452759 9067.239257812 50.483428955 28.827913284
290.650146484 -36.611633301 -40.828125000 9525.283203125 46.657711029 30.442361832
272.857818604 -39.817520142 -43.848510742 9963.292968750 43.737434387 31.330343246
256.284759521 -43.119323730 -47.200683594 10385.271484375 40.982227325 30.443058014
241.278091431 -46.478897095 -50.688095093 10790.024414062 39.813335419 28.901872635
227.503280640 -49.894149780 -54.147460938 11185.703125000 41.002307892 27.818693161
213.699096680 -53.386413574 -57.627166748 11591.646484375 43.824199677 27.939056396
199.881118774 -56.816787720 -61.027770996 12018.411132812 48.116638184 28.934469223
186.062500000 -60.244445801 -64.488067627 12468.697265625 53.437328339 29.962732315
172.244094849 -63.572891235 -67.790863037 12946.257812500 58.638233185 30.106601715
158.425796509 -66.369567871 -70.598114014 13456.465820312 63.803863525 28.774131775
144.607574463 -68.306182861 -72.528518677 14007.140625000 67.696685791 25.580398560
130.789382935 -69.102752686 -74.859497070 14609.375000000 68.297927856 21.039159775
116.971267700 -68.372512817 -79.186965942 15279.322265625 61.425094604 14.840122223
103.153205872 -66.078582764 -85.875793457 16024.614257812 42.007270813 8.603935242
90.315177917 -64.164016724 -90.899475098 16804.943359375 19.126585007 9.720431328
80.025146484 -63.433563232 -82.847824097 17550.388671875 8.355437279 11.589423180
71.646110535 -62.059768677 -85.808532715 18254.677734375 3.652661085 3.947368145
63.855087280 -61.135040283 -90.345748901 18969.099609375 -4.278035164 1.850159168
56.554073334 -59.877426147 -91.569244385 19722.861328125 -8.735796928 2.570404768
49.792060852 -58.888412476 -91.800933838 20520.271484375 -12.959910393 0.246732637
43.520053864 -58.375289917 -92.641677856 21368.619140625 -16.961709976 -2.409699202
37.640045166 -57.573577881 -92.867309570 22283.062500000 -19.227390289 -1.568769932
32.152030945 -55.727416992 -92.862716675 23282.208984375 -15.502275467 1.591677189
27.056020737 -53.307296753 -92.943786621 24390.623046875 -11.434508324 1.772687316
22.303007126 -51.480621338 -93.178497314 25657.763671875 -11.096120834 -1.533962131
