966.303894043 29.890533447 20.975219727 0.000000000 -1.784032464 18.740549088
963.431091309 29.285369873 20.676635742 29.990264893 -1.735641122 22.492504120
958.160705566 28.733703613 20.432250977 82.313323975 -1.562370658 24.117721558
949.072509766 28.013397217 20.031005859 168.416259766 -0.968077421 24.968034744
935.716796875 26.889465332 19.447021484 293.348876953 -0.225810707 25.425910950
918.582336426 25.475006104 18.858520508 455.744262695 0.478887022 25.763435364
898.185302734 23.615997314 18.278503418 649.976196289 1.314740777 26.018428802
875.927978516 21.130615234 20.324218750 869.250976562 2.475182772 26.359912872
851.825317383 19.014953613 19.207702637 1113.491943359 6.390100002 26.653238297
825.038330078 17.641326904 13.970397949 1388.794189453 12.866193771 25.693265915
795.582946777 15.278503418 12.155975342 1699.707031250 15.949510574 25.314668655
763.422607422 12.426971436 10.707366943 2049.048828125 18.149242401 26.341381073
728.588500977 10.887969971 5.373474121 2440.946777344 21.403938293 30.810382843
691.167480469 11.444488525 -10.368072510 2882.154296875 28.002599716 36.497810364
651.116027832 7.428436279 -19.348388672 3377.916259766 33.064235687 37.651321411
608.298339844 2.627899170 -20.241333008 3932.205566406 35.957874298 33.861320496
563.098022461 -2.208648682 -25.055572510 4538.612792969 37.133956909 31.752059937
519.157287598 -6.799438477 -28.159301758 5166.084472656 38.425949097 33.348636627
479.454498291 -11.069244385 -32.760208130 5780.692871094 39.343006134 35.278156281
443.772308350 -15.676239014 -38.447555542 6369.705078125 42.029972076 36.304622650
411.525787354 -20.349655151 -43.152359009 6933.999511719 46.545265198 36.346694946
382.182708740 -25.003906250 -47.034179688 7475.305175781 51.105400085 35.479171753
355.674072266 -29.190032959 -50.590194702 7993.125488281 54.822059631 35.671752930
331.699615479 -32.553421021 -53.969757080 8488.072265625 55.109985352 36.247066498
310.001708984 -35.489486694 -57.118743896 8961.337890625 50.844779968 36.632122040
290.414642334 -38.449096680 -59.819396973 9412.679687500 44.451633453 36.725566864
272.720886230 -41.600296021 -61.851287842 9845.101562500 40.363349915 35.687843323
256.213317871 -44.749420166 -63.252502441 10262.373046875 39.627571106 32.988925934
241.247817993 -47.753585815 -63.532119751 10663.474609375 40.797019958 29.703304291
227.494216919 -50.677185059 -63.295684814 11056.751953125 42.017913818 28.132385254
213.697601318 -53.845504761 -63.313217163 11461.250000000 42.704753876 27.538681030
199.880462646 -57.125488281 -64.429534912 11887.197265625 43.389675140 26.651084900
186.062072754 -60.100234985 -66.910644531 12337.390625000 44.423553467 27.567703247
172.243789673 -62.455139160 -69.758132935 12816.390625000 47.364749908 30.556865692
158.425552368 -64.078018188 -72.380615234 13330.771484375 52.307586670 31.994668961
144.607376099 -64.973159790 -74.924499512 13889.042968750 56.271347046 29.737874985
130.789260864 -65.692169189 -78.207122803 14501.300781250 55.649383545 26.433967590
116.971191406 -66.468215942 -82.592895508 15179.929687500 51.683643341 22.340106964
103.153152466 -66.789581299 -87.945281982 15927.308593750 44.930168152 14.328927040
90.315139771 -66.001358032 -90.899322510 16702.875000000 34.439029694 5.624086380
80.025123596 -63.785675049 -90.315673828 17444.253906250 18.306896210 6.817913055
71.646110535 -63.012420654 -89.561859131 18146.394531250 -1.336385608 16.354022980
63.855098724 -62.280273438 -89.543395996 18857.230468750 -0.345919907 14.520378113
56.554080963 -62.864196777 -90.159027100 19603.556640625 -2.094124079 9.238738060
49.792068481 -61.807235718 -91.323822021 20389.921875000 -9.682468414 5.704414845
43.520057678 -59.716979980 -91.956481934 21229.847656250 -15.190237045 3.010300875
37.640048981 -58.156463623 -92.037139893 22140.074218750 -16.926393509 0.838337779
32.152034760 -57.118240356 -92.216674805 23134.394531250 -15.936736107 0.494627595
27.056022644 -55.395156860 -92.333496094 24233.806640625 -14.577572823 1.238206863
22.303007126 -53.012649536 -92.305679321 25490.636718750 -13.245610237 3.265686989
