980.518310547 24.432495117 20.888671875 0.000000000 -6.457174301 7.369389534
977.599609375 24.376464844 21.069854736 29.505691528 -9.208309174 11.436814308
972.246276855 24.386474609 21.392852783 81.102584839 -11.340357780 15.792434692
963.011108398 25.377624512 21.438446045 166.487350464 -11.323740959 24.617694855
949.419189453 25.471679688 21.382049561 291.135803223 -7.833078861 32.228832245
931.958251953 24.609588623 21.263488770 453.861877441 -3.196609020 37.716495514
911.138122559 23.113555908 20.748107910 648.992187500 0.150261164 41.806358337
888.430053711 21.072235107 19.985626221 869.445861816 1.681628942 46.355659485
863.840148926 19.035858154 18.994506836 1115.284790039 5.647225380 50.310466766
836.431945801 17.113006592 17.329925537 1393.011840820 10.729918480 49.583827972
806.219360352 15.640289307 15.808197021 1707.915405273 14.687587738 42.314945221
773.237426758 13.840576172 12.003112793 2063.068603516 17.983194351 36.683975220
737.542053223 11.888732910 4.882385254 2461.632812500 26.711229324 34.018207550
699.152282715 10.032867432 -3.153747559 2908.716552734 32.518360138 32.238330841
658.042114258 7.888336182 -13.364288330 3411.420166016 36.589809418 29.499839783
614.157531738 4.565185547 -31.367446899 3976.325195312 41.745643616 30.518615723
567.905090332 -0.221954346 -41.203765869 4595.533691406 44.293586731 31.425939560
522.989501953 -5.121917725 -40.710296631 5235.901367188 45.868480682 27.426681519
482.459777832 -10.006042480 -39.836364746 5862.113281250 52.435806274 24.479459763
446.095397949 -14.353668213 -43.168945312 6461.580566406 60.824359894 22.283603668
413.296020508 -18.636108398 -53.078567505 7036.365722656 65.173217773 16.838422775
383.491607666 -22.894515991 -52.203369141 7588.180175781 65.367408752 10.929943085
356.615234375 -27.025466919 -39.859817505 8116.166503906 64.201454163 6.872535229
332.358520508 -30.857696533 -37.350021362 8619.938476562 62.440528870 4.335713863
310.443542480 -34.347900391 -38.850006104 9100.020507812 59.352218628 3.922406673
290.695434570 -37.674133301 -41.951049805 9556.439453125 55.769481659 6.508776188
272.886535645 -41.005020142 -45.013122559 9992.605468750 51.998771667 10.555505753
256.299011230 -44.181823730 -48.562500000 10412.802734375 46.692272186 13.798890114
241.283676147 -47.041397095 -55.107391357 10816.243164062 41.757183075 15.659432411
227.504882812 -49.894149780 -58.612121582 11211.453125000 36.385677338 17.127548218
213.699584961 -53.323913574 -59.608489990 11617.490234375 34.469448090 17.490892410
199.881637573 -56.816787720 -61.945877075 12044.348632812 37.425495148 18.364814758
186.062988281 -60.056945801 -64.988586426 12494.884765625 42.624694824 19.514568329
172.244415283 -62.947891235 -67.758285522 12973.414062500 48.311561584 17.957574844
158.425964355 -65.244567871 -69.935180664 13485.778320312 54.084640503 13.830826759
144.607696533 -66.806182861 -72.020599365 14039.984375000 58.584911346 9.543683052
130.789489746 -67.602752686 -74.642532349 14646.781250000 58.943180084 5.852874279
116.971359253 -67.497512817 -76.959701538 15320.697265625 53.892700195 6.092822075
103.153228760 -66.516082764 -78.752532959 16066.770507812 39.820446014 8.603935242
90.315177917 -64.351516724 -87.363159180 16845.880859375 17.911682129 13.608119965
80.025138855 -64.121063232 -84.305999756 17589.763671875 7.262024879 20.215232849
71.646102905 -62.622268677 -86.143859863 18291.990234375 8.876743317 11.844236374
63.855083466 -62.072540283 -89.900833130 19003.912109375 0.460085839 4.036984444
56.554073334 -61.502426147 -92.866226196 19753.173828125 -4.483637333 5.850642204
49.792060852 -59.825912476 -92.091705322 20545.896484375 -8.707751274 4.377401829
43.520053864 -58.500289917 -92.601196289 21392.150390625 -14.045943260 -0.465854853
37.640045166 -58.073577881 -92.923553467 22305.093750000 -17.648015976 -3.026653290
32.152030945 -57.039916992 -92.888366699 23299.896484375 -17.446119308 -1.567070007
27.056020737 -54.682296753 -92.932281494 24401.404296875 -14.714746475 -1.021589041
22.303007126 -51.918121338 -93.116760254 25663.357421875 -12.554003716 -5.057180405
