963.039672852 23.351470947 19.754760742 0.000000000 -0.747605681 7.547932148
960.178955078 24.021728516 19.357147217 29.373046875 -1.720877409 17.106904984
954.933593750 24.018859863 19.211334229 80.769561768 -2.484648228 21.744119644
945.889892578 24.071197510 19.030120850 165.510253906 -2.692510366 30.586381912
932.582214355 23.638916016 19.104888916 288.811706543 -0.794358373 37.933528900
915.517517090 22.381134033 19.778533936 449.543457031 4.755442619 45.607128143
895.164245605 20.808471680 20.443389893 642.092346191 12.207974434 50.050933838
872.987731934 20.052185059 18.945678711 859.792541504 19.424270630 47.117240906
849.035461426 19.108947754 17.348144531 1102.949951172 21.731061935 37.656505585
822.379455566 17.746978760 15.190368652 1377.755126953 16.913736343 25.068973541
793.067749023 16.029296875 10.300476074 1688.294677734 11.085242271 15.918389320
761.159057617 14.275543213 3.406524658 2037.142578125 11.704462051 12.350256920
726.644165039 12.181976318 -2.974365234 2428.185791016 14.972378731 13.543244362
689.481933594 10.121307373 -9.325500488 2866.970703125 19.800527573 20.956634521
649.633666992 7.249847412 -16.160797119 3359.924316406 24.523313522 25.770835876
607.048583984 3.524444580 -25.533081055 3913.214843750 31.859075546 21.950273514
562.096130371 -0.619537354 -29.145309448 4520.200683594 39.533599854 18.733516693
518.377685547 -5.825897217 -29.229263306 5148.437500000 46.644229889 27.182516098
478.851043701 -10.814361572 -30.146896362 5762.642578125 48.937107086 34.441902161
443.309722900 -15.587524414 -33.157714844 6350.437500000 47.874362946 38.617179871
411.178527832 -19.839996338 -37.813827515 6914.059570312 47.142181396 37.489658356
381.927459717 -23.731338501 -43.272079468 7456.039062500 46.736701965 32.550228119
355.493194580 -27.648941040 -47.740203857 7975.748046875 47.829650879 28.259168625
331.575805664 -31.525375366 -49.669265747 8472.366210938 50.296077728 25.971719742
309.921295166 -35.266174316 -50.466598511 8946.108398438 52.425853729 25.376399994
290.365600586 -38.651397705 -50.872070312 9396.869140625 53.030536652 25.251914978
272.693817139 -41.784881592 -51.048614502 9828.406250000 52.901290894 23.892742157
256.200927734 -44.686325073 -51.874038696 10245.199218750 53.166484833 21.074470520
241.244506836 -47.352951050 -53.872375488 10646.451171875 53.385974884 18.056558609
227.495330811 -49.848251343 -56.668792725 11040.691406250 52.063743591 15.640404701
213.699996948 -52.558914185 -59.745452881 11447.107421875 49.049133301 13.548627853
199.882812500 -55.565628052 -62.371505737 11875.814453125 46.683513641 11.660990715
186.063400269 -58.721313477 -64.543487549 12329.031250000 47.547924042 10.466331482
172.244094849 -61.608413696 -67.051788330 12810.545898438 50.165283203 10.077004433
158.425765991 -63.892211914 -70.697311401 13326.138671875 50.525760651 11.695893288
144.607589722 -65.575408936 -74.995971680 13883.712890625 47.304458618 15.886714935
130.789489746 -66.816665649 -79.320007324 14493.330078125 43.571002960 18.962627411
116.971405029 -67.924865723 -82.340332031 15167.673828125 40.883674622 18.557462692
103.153312683 -68.399932861 -77.298645020 15909.390625000 33.356258392 16.639087677
90.315193176 -68.466918945 -80.709503174 16677.291015625 22.567256927 20.657096863
80.025146484 -66.843338013 -86.124649048 17408.904296875 19.198890686 20.728719711
71.646125793 -63.068267822 -86.646057129 18105.724609375 14.262093544 6.510090828
63.855098724 -61.669662476 -88.395172119 18817.583984375 -6.103470325 -1.467209816
56.554080963 -61.932464600 -90.418518066 19566.822265625 -14.406493187 3.347368956
49.792068481 -61.724914551 -91.588256836 20355.048828125 -12.615308762 7.206147194
43.520053864 -59.800842285 -92.237457275 21194.957031250 -12.338283539 5.039451599
37.640045166 -57.740829468 -92.668457031 22106.060546875 -15.151722908 1.269771338
32.152030945 -56.275512695 -92.741424561 23103.490234375 -16.315942764 -1.692513466
27.056020737 -54.638275146 -92.918060303 24206.966796875 -15.350852966 -4.821740150
22.303007126 -53.463638306 -93.168853760 25464.345703125 -17.282066345 -3.538673162
