968.476257324 30.500885010 20.641815186 0.000000000 0.041089356 15.530115128
965.589233398 29.819610596 20.383575439 30.028533936 -0.109952264 18.052606583
960.314086914 29.225463867 20.180633545 82.418884277 -0.341120422 19.176822662
951.207824707 28.314788818 19.730926514 168.589477539 -0.427325577 19.940237045
937.821105957 27.054199219 19.026702881 293.555206299 -0.195501164 20.615722656
920.658691406 25.451507568 18.592102051 455.990814209 0.269289613 21.104635239
900.196960449 23.414886475 18.913330078 650.304931641 1.054134250 21.604551315
877.870178223 21.003906250 20.613098145 869.716186523 2.081351519 21.775392532
853.686401367 19.043457031 19.222991943 1114.262329102 6.763072491 21.570066452
826.790771484 17.297210693 15.735198975 1389.987915039 12.222534180 21.427106857
797.197753906 14.822631836 13.823516846 1701.438476562 15.231695175 21.666902542
764.902038574 11.928680420 11.115875244 2051.174560547 18.495901108 21.541751862
729.927429199 9.740814209 6.738342285 2442.916015625 19.666706085 25.340845108
692.356262207 10.887023926 -10.638031006 2883.944580078 23.188585281 34.412670135
652.148681641 7.083343506 -16.649139404 3380.116455078 27.110910416 39.322826385
609.164672852 2.351531982 -19.281570435 3935.197509766 33.208095551 36.932991028
563.802795410 -2.347625732 -25.366577148 4542.567871094 37.554771423 34.522220612
519.717041016 -6.884857178 -29.505249023 5171.148925781 38.770332336 34.885238647
479.892456055 -10.936859131 -34.101501465 5787.091308594 39.343399048 35.363620758
444.109222412 -15.377563477 -38.854965210 6377.721191406 41.211444855 35.955146790
411.782196045 -20.103454590 -42.878860474 6943.742675781 44.625286102 36.849121094
382.371124268 -24.824279785 -45.918975830 7486.481445312 49.454608917 37.543285370
355.809936523 -29.210906982 -48.637054443 8005.342285156 53.388732910 38.191783905
331.794250488 -32.763351440 -51.565780640 8500.748046875 54.170314789 38.380733490
310.065155029 -35.773925781 -54.551177979 8974.082031250 50.264190674 37.619720459
290.454864502 -38.626571655 -57.224945068 9425.474609375 43.219425201 35.871814728
272.744720459 -41.724319458 -59.282775879 9857.951171875 37.728954315 33.691780090
256.225555420 -44.986633301 -61.021118164 10275.130859375 36.880313873 31.289485931
241.252853394 -47.969467163 -62.499465942 10675.982421875 39.494239807 28.624322891
227.495620728 -50.691513062 -63.228729248 11069.136718750 42.585945129 26.845731735
213.697769165 -53.707077026 -63.290069580 11473.848632812 44.838001251 25.499048233
199.880554199 -56.983673096 -63.897979736 11900.108398438 46.935546875 22.902889252
186.062103271 -60.204406738 -65.904571533 12350.322265625 48.393497467 21.140598297
172.243789673 -62.905044556 -68.930816650 12828.673828125 49.326698303 23.604566574
158.425552368 -64.478027344 -72.005493164 13342.029296875 51.619987488 28.202131271
144.607376099 -64.928237915 -75.022186279 13899.801757812 54.201274872 29.680822372
130.789260864 -65.384399414 -78.894104004 14512.609375000 52.430171967 28.552083969
116.971191406 -66.316513062 -83.451873779 15191.958984375 47.902565002 25.607856750
103.153152466 -66.960723877 -88.079864502 15939.187500000 42.704998016 18.735488892
90.315139771 -66.468429565 -90.743347168 16713.533203125 36.462242126 9.334700584
80.025123596 -64.261856079 -90.307952881 17453.242187500 24.628805161 5.700204849
71.646110535 -61.378540039 -89.252563477 18157.257812500 -0.394114852 20.966293335
63.855098724 -61.605773926 -89.548904419 18872.009765625 0.429961681 17.209026337
56.554080963 -61.705505371 -90.236358643 19621.666015625 -5.314467430 9.982763290
49.792068481 -61.553863525 -91.189132690 20410.585937500 -10.862807274 6.277519226
43.520057678 -60.018981934 -91.901275635 21250.367187500 -12.756816864 5.319336414
37.640048981 -58.126754761 -92.037155151 22160.193359375 -13.958067894 5.096144199
32.152034760 -56.445510864 -92.029663086 23156.439453125 -13.908541679 4.326426506
27.056022644 -54.666397095 -92.162139893 24259.421875000 -12.543214798 1.337457180
22.303007126 -53.219757080 -92.251434326 25517.464843750 -11.461707115 3.137883663
