973.782958984 25.625854492 21.627868652 0.000000000 -6.620330334 3.250291348
970.888916016 26.196350098 21.208526611 29.641906738 -8.562732697 7.283143520
965.576171875 26.313781738 20.960235596 81.522918701 -8.459320068 10.870109558
956.422180176 26.194702148 20.702423096 167.065429688 -7.659782410 15.295454979
942.952026367 25.484832764 20.386993408 291.450256348 -6.979614258 20.814020157
925.669189453 23.978240967 20.138061523 453.383605957 -6.515016079 26.500200272
905.067871094 22.163391113 19.779022217 647.142333984 -5.893465042 31.263233185
882.611572266 20.089813232 18.917419434 865.750610352 -5.919966698 33.941997528
858.314636230 18.030181885 17.353790283 1109.183471680 -4.600632191 34.699192047
831.271789551 15.921417236 14.808898926 1383.617065430 0.502778709 33.216232300
801.489440918 13.864166260 11.854858398 1693.766113281 8.824028969 29.899717331
768.994750977 11.723693848 9.393890381 2042.928588867 12.873164177 25.809795380
733.763916016 9.389556885 6.399169922 2435.109375000 11.227150917 25.213600159
695.815795898 7.562072754 2.514190674 2875.787109375 9.730849266 33.535106659
655.127990723 5.599884033 -1.912597656 3372.100097656 15.508796692 44.202537537
611.690185547 2.540985107 -10.629302979 3930.094726562 27.692991257 50.360179901
565.920654297 -2.651641846 -21.127838135 4540.813964844 37.080142975 50.201835632
521.455139160 -7.671875000 -17.734985352 5171.659667969 44.922721863 45.266605377
481.274719238 -10.974884033 -16.537292480 5790.601074219 58.020267487 34.926239014
445.184539795 -14.125762939 -21.839523315 6386.489257812 69.866157532 26.069778442
412.606750488 -18.101806641 -26.291137695 6959.582519531 69.368713379 23.996850967
382.992980957 -22.286117554 -28.848983765 7510.284667969 60.189224243 24.260164261
356.266204834 -25.931701660 -30.276947021 8038.026855469 52.232166290 23.898332596
332.121276855 -29.369491577 -33.170516968 8542.680664062 48.760490417 20.742582321
310.293365479 -32.812332153 -36.059417725 9024.247070312 46.779464722 17.847991943
290.609619141 -36.375274658 -39.838653564 9482.090820312 46.171066284 16.009933472
272.845977783 -39.997909546 -43.619400024 9919.428710938 46.661224365 15.095493317
256.287200928 -43.632369995 -47.418319702 10340.409179688 47.909591675 12.836622238
241.286575317 -47.169143677 -51.089797974 10743.918945312 48.333316803 10.300067902
227.511947632 -50.358535767 -54.392196655 11138.547851562 47.032444000 10.143311501
213.704025269 -53.437332153 -57.573089600 11544.074218750 44.190307617 13.991313934
199.882537842 -56.721954346 -60.997787476 11970.935546875 42.016246796 21.570486069
186.063140869 -60.271026611 -64.494400024 12421.358398438 43.322532654 29.703586578
172.244628906 -63.165191650 -67.399841309 12899.442382812 51.710033417 33.109897614
158.426269531 -65.017517090 -69.328674316 13411.788085938 65.282661438 29.723266602
144.608016968 -66.529098511 -73.729034424 13966.672851562 75.478904724 23.694103241
130.789855957 -66.602294922 -75.578735352 14575.311523438 74.925392151 16.376420975
116.971656799 -65.537002563 -72.994628906 15254.058593750 63.158638000 7.601380825
103.153358459 -64.815124512 -70.824020386 16006.707031250 37.947528839 4.648649216
90.315147400 -65.075027466 -81.759078979 16787.656250000 19.951519012 15.100788116
80.025115967 -64.239257812 -96.889694214 17530.039062500 15.660222054 13.769032478
71.646102905 -62.886032104 -88.605041504 18231.652343750 8.924144745 6.157775402
63.855087280 -62.058486938 -89.807342529 18943.056640625 -2.453745365 1.947342515
56.554073334 -62.196517944 -91.222564697 19691.031250000 -8.235197067 2.352659941
49.792060852 -61.181427002 -92.166473389 20479.761718750 -12.319024086 2.450013876
43.520053864 -59.945755005 -92.539062500 21320.445312500 -15.870990753 0.956363320
37.640045166 -58.427169800 -92.668151855 22229.757812500 -18.556415558 0.343788058
32.152030945 -56.206130981 -92.951812744 23225.804687500 -18.484254837 0.654509008
27.056020737 -53.589645386 -93.151794434 24332.121093750 -15.786116600 -0.653336525
22.303007126 -51.324707031 -93.162948608 25598.677734375 -11.821928978 -1.930029988
