950.875000000 24.430786133 21.772430420 0.000000000 -3.720832586 1.591645718
948.044372559 24.638427734 21.570526123 29.548278809 -5.201606750 9.097793579
942.859375000 24.535186768 21.325958252 81.162414551 -6.183264732 15.896925926
933.921264648 24.320526123 20.996459961 166.177795410 -7.671765327 25.954473495
920.779113770 24.303833008 20.630981445 289.814941406 -7.799391747 36.111377716
903.956787109 24.049957275 20.122436523 450.975158691 -5.249434471 42.679096222
883.940002441 23.218597412 19.475799561 644.155639648 1.819595695 44.532779694
862.155029297 21.784973145 19.026702881 862.317138672 9.870413780 40.745208740
838.615844727 19.389129639 18.599975586 1105.109985352 14.132469177 35.221630096
812.440856934 17.132720947 16.620208740 1378.296020508 15.549339294 30.633232117
783.683898926 14.618713379 12.516143799 1685.813720703 16.781518936 24.683433533
752.395751953 12.493316650 6.097503662 2030.146728516 20.526384354 13.738649368
718.600708008 10.714324951 -1.371002197 2415.347900391 18.809993744 8.493879318
682.285644531 9.636169434 -19.756317139 2847.209960938 19.722808838 11.563161850
643.380493164 7.289947510 -26.553710938 3332.932373047 22.607620239 14.393832207
601.763610840 3.519683838 -32.518722534 3878.512939453 26.954202652 15.238732338
557.790283203 -1.277557373 -35.597106934 4476.367187500 33.119766235 17.371267319
514.973205566 -6.246856689 -41.651351929 5094.783203125 40.025794983 23.353206635
476.207458496 -11.286682129 -38.251373291 5699.676757812 45.060653687 29.579946518
441.284973145 -15.822662354 -38.980895996 6279.278320312 45.224853516 33.158302307
409.654052734 -19.621246338 -44.396255493 6836.290039062 42.352966309 34.581550598
380.805938721 -23.572311401 -48.974929810 7372.924804688 40.848949432 35.892650604
354.686706543 -27.791168213 -51.395721436 7887.788085938 41.483093262 37.099086761
331.013519287 -32.008575439 -52.632446289 8379.720703125 42.979660034 37.570816040
309.544036865 -36.126846313 -53.291656494 8848.713867188 44.860713959 36.994110107
290.124938965 -39.877670288 -53.539596558 9294.764648438 46.834686279 35.590770721
272.550903320 -43.295883179 -53.486633301 9721.665039062 49.009677887 33.649841309
256.126220703 -46.507476807 -53.558425903 10133.850585938 52.276100159 31.356592178
241.212539673 -49.553680420 -54.384674072 10530.477539062 56.909580231 28.475025177
227.485168457 -52.247711182 -56.606872559 10919.985351562 62.274993896 25.605470657
213.697189331 -54.404479980 -60.097167969 11322.290039062 65.995162964 22.497665405
199.880508423 -56.003356934 -63.689025879 11748.747070312 66.112106323 17.961919785
186.062103271 -57.970245361 -66.502838135 12202.377929688 65.095672607 13.580609322
172.243774414 -60.403152466 -69.218383789 12686.118164062 64.578010559 11.793944359
158.425552368 -62.603027344 -72.697204590 13204.768554688 61.793731689 11.736736298
144.607406616 -63.934341431 -76.601867676 13766.307617188 55.501182556 11.864833832
130.789306641 -65.125396729 -79.658142090 14380.844726562 48.297378540 12.991555214
116.971229553 -66.544906616 -82.037963867 15060.241210938 41.916244507 16.243759155
103.153182983 -67.748275757 -84.456893921 15805.682617188 33.525650024 19.260753632
90.315155029 -66.082595825 -87.469848633 16579.367187500 17.423454285 15.035942078
80.025138855 -64.715560913 -89.327743530 17319.097656250 -1.285958767 12.607442856
71.646118164 -65.329803467 -89.266448975 18015.861328125 -1.089514017 18.570838928
63.855102539 -64.062332153 -89.001312256 18719.841796875 3.536372662 13.176980972
56.554088593 -61.445800781 -89.788055420 19465.683593750 -1.589599133 3.055166483
49.792068481 -60.665191650 -91.090286255 20256.761718750 -13.402489662 -1.716216087
43.520057678 -60.284469604 -91.953552246 21097.667968750 -18.915155411 -0.778601110
37.640048981 -58.579162598 -92.297882080 22005.845703125 -18.086400986 1.039678454
32.152034760 -56.903427124 -92.554077148 22999.886718750 -18.446197510 -0.429735512
27.056020737 -54.999465942 -92.776962280 24100.892578125 -19.262210846 -2.532116413
22.303007126 -52.343200684 -92.929931641 25360.679687500 -15.673988342 -5.895860195
