956.806945801 26.875854492 22.211395264 0.000000000 -4.919466496 8.474372864
953.952880859 26.883850098 21.837646484 29.798156738 -7.226339340 13.479147911
948.736145020 26.501281738 21.585784912 81.804168701 -8.216340065 15.122269630
939.734191895 25.944702148 21.270233154 167.409179688 -9.117666245 19.304634094
926.504089355 25.047332764 20.857604980 291.637756348 -8.923459053 24.215747833
909.541259766 23.603240967 20.536834717 453.133605957 -7.729918957 28.687025070
889.355834961 22.038391113 20.259979248 646.298583984 -3.828130245 31.992174149
867.371582031 20.277313232 20.185455322 864.250610352 0.154547140 31.512193680
843.610595703 18.405181885 18.622100830 1106.839721680 2.324313402 28.746168137
817.215759277 17.358917236 14.542205811 1380.304565430 4.876428604 24.833400726
788.217529297 15.239166260 11.025360107 1688.953735352 7.609125614 21.638380051
756.618774414 12.973693848 6.772491455 2035.303588867 11.779751778 19.613790512
722.451904297 10.889556885 -0.826782227 2423.015625000 17.787626266 18.531635284
685.723754883 8.812072754 -12.510803223 2857.255859375 25.038623810 20.778627396
646.348022461 5.912384033 -15.579986572 3344.662597656 32.152965546 22.334285736
604.250183105 3.353485107 -26.440734863 3892.782226562 36.075820923 23.146356583
559.812622070 -0.714141846 -41.864578247 4495.126464844 36.715671539 22.988012314
516.573120117 -5.734375000 -36.862609863 5118.753417969 39.698638916 22.304944992
477.445922852 -10.787384033 -44.924102783 5728.663574219 46.843162537 22.534229279
442.232543945 -15.625762939 -56.012207031 6312.395507812 53.707950592 23.275503159
410.371551514 -20.226806641 -55.903015137 6871.988769531 57.462669373 24.968772888
381.333740234 -24.536117554 -52.248504639 7409.597167969 59.703262329 26.811460495
355.065399170 -28.619201660 -50.858581543 7924.808105469 60.857975006 27.421550751
331.276092529 -32.431991577 -52.156173706 8417.399414062 60.666538239 26.574113846
309.718139648 -35.874832153 -54.137176514 8887.872070312 58.685512543 24.894428253
290.234252930 -39.062774658 -55.140472412 9336.247070312 55.768798828 24.149782181
272.614135742 -42.060409546 -57.418090820 9766.053710938 52.371265411 24.814716339
256.157928467 -44.944869995 -60.908721924 10181.534179688 49.003002167 25.836082458
241.224792480 -47.669143677 -64.301010132 10581.700195312 46.510963440 26.701255798
227.487854004 -50.358535767 -65.852661133 10974.797851562 45.817539215 27.030460358
213.696929932 -53.187332153 -66.010101318 11380.074218750 47.106075287 26.990774155
199.880310059 -56.034454346 -66.798797607 11807.685546875 49.548641205 26.794567108
186.062026978 -58.833526611 -68.650482178 12260.358398438 52.191322327 26.058877945
172.243789673 -61.352691650 -70.843750000 12742.098632812 54.018348694 23.876636505
158.425582886 -63.517517090 -73.110137939 13258.475585938 54.834499359 20.732986450
144.607437134 -65.529098511 -75.289398193 13816.579101562 54.218101501 18.470022202
130.789291382 -66.852294922 -77.887725830 14426.217773438 52.085220337 15.890460014
116.971229553 -67.349502563 -80.925598145 15101.464843750 46.149997711 11.975030899
103.153167725 -67.752624512 -85.115844727 15845.363281250 35.760704041 7.564415932
90.315139771 -66.950027466 -89.028213501 16617.343750000 22.502815247 5.260075092
80.025123596 -64.364257812 -90.160217285 17355.976562500 6.426960945 9.881343842
71.646110535 -63.073532104 -88.903625488 18057.027343750 5.157946110 12.839740753
63.855098724 -61.433486938 -89.098220825 18769.275390625 1.798414230 8.629307747
56.554080963 -60.384017944 -90.309387207 19521.625000000 -4.104526997 5.997368336
49.792068481 -59.556427002 -91.410217285 20316.792968750 -8.795805931 3.907896996
43.520057678 -58.258255005 -92.023834229 21164.101562500 -13.684165955 1.806795239
37.640045166 -57.239669800 -92.442642212 22079.445312500 -17.098533630 0.951239407
32.152034760 -55.893630981 -92.637023926 23078.835937500 -15.932959557 1.626431227
27.056020737 -54.027145386 -92.761962891 24184.746093750 -12.870349884 0.804546833
22.303007126 -51.574707031 -92.905853271 25449.552734375 -8.663182259 -0.593636930
