960.567749023 24.076293945 19.603088379 0.000000000 -2.859670877 16.094058990
957.715026855 24.339324951 19.348632812 29.445159912 -3.528557062 24.588449478
952.485473633 24.258941650 19.172332764 80.872070312 -3.681724787 28.541961670
943.457397461 24.241333008 19.070251465 165.675689697 -3.713039160 37.851722717
930.188354492 24.161437988 19.250793457 289.189239502 -2.586725473 47.614364624
913.153686523 23.881774902 19.812042236 450.505889893 2.595579386 54.500759125
892.869506836 22.825592041 19.411041260 644.022705078 9.485881805 54.355724335
870.785461426 21.504821777 18.041015625 862.632812500 16.151710510 46.341125488
846.940917969 20.057617188 15.504638672 1106.101562500 17.510639191 34.517082214
820.416198730 18.101715088 12.333465576 1380.464355469 16.864936829 26.147598267
791.275756836 15.965454102 7.342864990 1689.812011719 18.319152832 23.249044418
759.538452148 15.128936768 -0.765014648 2037.643798828 21.076066971 18.504911423
725.210327148 14.444732666 -10.102264404 2429.156494141 23.027761459 15.205949783
688.242004395 12.151580811 -15.597106934 2869.473876953 25.276636124 13.418302536
648.555053711 7.679473877 -11.938446045 3363.330322266 22.854215622 9.093117714
606.106628418 2.644805908 -19.713592529 3915.248779297 20.665555954 11.565913200
561.314819336 -1.679046631 -34.012222290 4518.845703125 29.610919952 20.121589661
517.761596680 -6.096588135 -34.837142944 5144.023437500 40.988872528 27.496503830
478.375457764 -10.732452393 -34.434585571 5756.422851562 46.764278412 33.392711639
442.946014404 -15.305816650 -36.738555908 6343.221191406 47.154666901 37.635292053
410.903778076 -19.647018433 -41.120178223 6906.135253906 46.238845825 34.918731689
381.724853516 -23.731170654 -46.863372803 7447.288574219 45.542861938 28.348159790
355.347351074 -27.756835938 -51.748123169 7966.022949219 46.421684265 22.207702637
331.473449707 -31.756759644 -53.530273438 8461.639648438 47.920619965 18.614143372
309.851501465 -35.580245972 -53.780197144 8934.236328125 49.011413574 17.134593964
290.320220947 -39.095077515 -53.534423828 9383.781250000 49.413520813 16.482398987
272.665832520 -42.526031494 -53.474746704 9813.878906250 49.985553741 15.126058578
256.185333252 -45.737976074 -54.428985596 10228.761718750 51.198928833 12.720277786
241.236679077 -48.647338867 -56.338409424 10627.765625000 53.181938171 10.610659599
227.491622925 -51.215728760 -58.953704834 11019.542968750 55.485954285 9.500615120
213.697799683 -53.803451538 -61.776138306 11423.544921875 57.186882019 8.942905426
199.880813599 -56.578659058 -64.026092529 11850.048828125 57.866806030 8.245336533
186.062377930 -59.564544678 -65.560882568 12301.360351562 58.037677765 8.606722832
172.244003296 -62.385299683 -67.284912109 12781.054687500 58.195518494 9.517150879
158.425689697 -64.692306519 -70.195739746 13294.789062500 57.424957275 10.957942963
144.607482910 -66.168869019 -74.430740356 13850.582031250 54.446750641 14.059533119
130.789352417 -67.052597046 -78.690582275 14459.027343750 50.458847046 18.123556137
116.971290588 -67.367538452 -81.748809814 15133.963867188 46.068565369 19.884574890
103.153221130 -66.184036255 -83.250961304 15880.875000000 32.239345551 17.295755386
90.315177917 -65.458557129 -82.282379150 16658.531250000 10.474496841 16.669502258
80.025131226 -66.837753296 -86.944091797 17395.699218750 5.715904713 19.653284073
71.646110535 -65.349822998 -89.295318604 18088.730468750 10.685290337 14.830952644
63.855098724 -62.897781372 -89.125488281 18794.720703125 2.950054407 3.437103748
56.554080963 -61.911682129 -90.132827759 19541.773437500 -7.625873089 3.157717466
49.792068481 -60.766143799 -91.456207275 20331.898437500 -13.891327858 4.769793034
43.520057678 -60.113357544 -92.237365723 21173.128906250 -15.565823555 4.735030651
37.640045166 -58.145019531 -92.606231689 22082.728515625 -16.473859787 3.284736633
32.152034760 -55.766342163 -92.681060791 23080.515625000 -15.342813492 0.249205589
27.056020737 -54.178375244 -92.825546265 24186.408203125 -13.216753960 -2.750009537
22.303007126 -51.861145020 -92.974456787 25449.896484375 -15.061939240 -5.287776470
