948.519226074 23.435302734 21.963043213 0.000000000 -5.232294083 -2.785602570
945.703918457 23.386016846 21.838134766 29.397949219 -6.485759735 -2.516881943
940.533203125 23.512420654 21.607635498 80.747924805 -9.151968956 0.985269547
931.632019043 23.419433594 21.334869385 165.376708984 -13.360385895 7.454530239
918.549621582 22.837127686 21.057464600 288.299255371 -17.106523514 15.454010010
901.796630859 21.795837402 20.732360840 448.162719727 -17.971355438 23.837951660
881.866149902 21.754638672 20.533355713 639.832946777 -15.090094566 31.449550629
860.182373047 21.077239990 20.300018311 856.835388184 -10.949889183 36.524848938
836.791564941 20.224029541 16.873107910 1098.762207031 -7.575590611 38.455017090
810.804199219 18.725433350 15.444549561 1371.611572266 -4.930700302 36.675472260
782.226196289 16.807647705 13.567230225 1679.937500000 -3.031391621 33.619876862
751.084533691 14.545227051 11.389892578 2026.461669922 -0.476091504 30.468183517
717.371337891 11.598785400 8.487030029 2414.288818359 3.360425234 30.124345779
681.082092285 8.277008057 5.287231445 2847.598876953 11.083829880 30.235826492
642.194702148 4.364715576 1.482757568 3332.094238281 16.157228470 28.506080627
600.579467773 0.559417725 0.773406982 3874.680908203 23.327682495 25.881017685
556.651672363 -1.654846191 -4.729827881 4471.079589844 39.546440125 24.108423233
514.010559082 -5.097625732 -18.432418823 5090.590332031 51.139221191 26.070772171
475.420166016 -9.872833252 -29.136917114 5697.234375000 53.231002808 29.005752563
440.655395508 -14.713287354 -34.732559204 6277.939453125 53.505794525 31.045883179
409.192749023 -19.149856567 -39.137115479 6834.726562500 53.275600433 31.126729965
380.480163574 -23.431579590 -42.609191895 7370.117187500 53.725402832 30.026428223
354.468872070 -27.610107422 -46.437408447 7883.579101562 54.318397522 29.726484299
330.879089355 -31.804611206 -51.294021606 8374.377929688 54.525375366 30.844026566
309.473510742 -35.725906372 -55.199493408 8842.722656250 54.266036987 32.733814240
290.102447510 -39.535842896 -55.345962524 9288.391601562 54.080333710 34.265411377
272.562683105 -43.124588013 -55.589279175 9714.907226562 54.241729736 34.826049805
256.162139893 -46.511810303 -55.733016968 10126.600585938 55.501701355 34.477523804
241.263610840 -49.642517090 -56.242828369 10522.704101562 57.313121796 33.772041321
227.544036865 -52.558700562 -57.671005249 10911.606445312 60.584201813 32.607028961
213.758666992 -55.225036621 -60.342666626 11312.688476562 63.176975250 30.009788513
199.942184448 -57.762680054 -63.736175537 11736.532226562 63.134666443 26.086656570
186.116836548 -60.234573364 -66.763549805 12186.030273438 61.982509613 22.563238144
172.284713745 -62.762115479 -69.071472168 12664.846679688 62.634094238 21.076738358
158.452651978 -64.967453003 -71.602111816 13178.175781250 64.642646790 21.063259125
144.621810913 -66.197753906 -74.725982666 13733.991210938 64.382926941 20.569067001
130.793609619 -65.938720703 -78.253738403 14344.459960938 60.361988068 18.856159210
116.971221924 -64.891021729 -81.609069824 15025.626953125 47.359016418 16.926685333
103.153167725 -64.764923096 -85.032394409 15779.613281250 25.216379166 14.631933212
90.315139771 -66.452575684 -88.183746338 16558.140625000 12.008469582 11.965843201
80.025123596 -65.745056152 -89.627563477 17295.322265625 3.047619581 13.388257980
71.646110535 -65.013992310 -89.209167480 17990.828125000 1.762298584 19.857183456
63.855098724 -61.762985229 -89.050949097 18699.304687500 2.502168417 11.840741158
56.554080963 -61.529403687 -90.033767700 19448.968750000 -4.973508358 2.883846283
49.792068481 -61.369247437 -91.208633423 20238.558593750 -8.630666733 2.136759520
43.520057678 -60.338195801 -92.014770508 21078.015625000 -14.157057762 0.564740896
37.640045166 -58.736846924 -92.359161377 21985.769531250 -16.427650452 -1.189297199
32.152034760 -56.962066650 -92.606506348 22979.224609375 -15.737135887 -2.286718607
27.056020737 -55.136703491 -92.798736572 24079.556640625 -12.619003296 -1.837047338
22.303007126 -52.388687134 -92.939971924 25338.730468750 -9.227462769 -3.533869982
