965.503906250 27.703033447 21.428222656 0.000000000 -0.812110305 6.955991268
962.631103516 28.097869873 20.535980225 29.834014893 -1.614150763 10.950927734
957.368652344 27.858703613 19.846405029 81.938323975 -1.683860898 13.669558525
948.296508789 27.013397217 19.311126709 167.666259766 -1.089567780 16.463716507
934.956787109 25.639465332 19.113647461 292.005126953 -0.347300977 18.136495590
917.846313477 23.787506104 18.987884521 453.525512695 0.600377321 19.081470490
897.465332031 21.490997314 18.687164307 646.413696289 1.557721257 19.943914413
875.256042480 19.005615234 18.258117676 863.625976562 3.204124451 21.378810883
851.265319824 17.827453613 14.537994385 1105.429443359 6.025629520 23.494491577
824.526428223 15.953826904 16.171783447 1378.919189453 8.614034653 24.235382080
795.047058105 13.903503418 14.147857666 1688.613281250 14.127156258 23.978275299
762.910644531 11.926971436 8.811492920 2036.736328125 18.513711929 23.547105789
728.180480957 10.700469971 2.811859131 2427.321777344 18.609661102 22.427555084
690.815490723 9.069488525 -5.558135986 2866.029296875 22.171068192 25.442195892
650.776000977 5.865936279 -11.448791504 3358.635009766 26.868230820 33.034690857
607.986328125 1.315399170 -15.330535889 3910.393066406 30.004850388 37.627521515
562.826049805 -3.708648682 -20.134643555 4513.769042969 32.881797791 36.611671448
518.929321289 -7.861938477 -26.480255127 5138.053222656 40.005321503 36.142913818
479.273712158 -11.631744385 -34.272079468 5750.349121094 45.660499573 37.222000122
443.636291504 -15.863739014 -41.093032837 6337.986328125 48.225975037 38.855918884
411.424987793 -20.349655151 -45.148941040 6901.655761719 49.704013824 39.505443573
382.109893799 -24.941406250 -48.429733276 7442.648925781 50.619438171 39.123882294
355.622863770 -28.940032959 -52.834762573 7960.469238281 49.962451935 38.466030121
331.665191650 -32.053421021 -57.886550903 8455.916015625 45.876724243 38.676872253
309.980285645 -34.739486694 -59.346984863 8930.181640625 38.209789276 39.790870667
290.402313232 -37.824096680 -56.682968140 9382.679687500 32.910057068 40.248786926
272.714569092 -41.100296021 -54.961288452 9815.976562500 34.288837433 38.360630035
256.210693359 -44.436920166 -54.817428589 10233.810546875 39.263099670 35.540222168
241.247268677 -47.691085815 -55.835952759 10635.162109375 44.198745728 33.955463409
227.494537354 -50.802185059 -57.321716309 11028.314453125 47.363487244 33.842426300
213.697952271 -54.033004761 -59.101028442 11432.531250000 49.994167328 33.005744934
199.880599976 -57.562988281 -61.979339600 11857.822265625 52.258464813 31.146224976
186.062103271 -61.350234985 -66.054962158 12306.140625000 52.927871704 30.726451874
172.243789673 -63.955139160 -69.815734863 12782.046875000 55.261619568 30.556865692
158.425567627 -64.765518188 -72.261611938 13293.833984375 58.260608673 29.200393677
144.607406616 -64.910659790 -74.088745117 13851.261718750 58.579662323 29.494894028
130.789260864 -64.817169189 -77.241409302 14464.832031250 57.350246429 31.293579102
116.971191406 -65.218215942 -82.278869629 15146.929687500 55.935802460 27.442699432
103.153144836 -65.164581299 -88.079986572 15899.527343750 47.724445343 14.571907043
90.315124512 -62.876358032 -90.947677612 16684.000000000 25.205770493 3.923222303
80.025115967 -61.223175049 -90.511245728 17435.660156250 5.550416470 5.238539696
71.646102905 -61.574920654 -89.209594727 18144.519531250 -1.093405128 18.662338257
63.855087280 -61.092773438 -89.490081787 18859.792968750 2.448356390 12.698024750
56.554073334 -61.739196777 -90.499206543 19610.306640625 -3.552007437 5.351049423
49.792060852 -61.807235718 -91.654022217 20398.765625000 -9.560978889 5.218453884
43.520050049 -60.216979980 -92.594451904 21237.691406250 -13.610863686 6.533518791
37.640041351 -58.218963623 -93.029479980 22146.792968750 -14.982548714 5.333477974
32.152030945 -56.555740356 -93.259384155 23142.425781250 -15.693755150 3.167413712
27.056020737 -54.770156860 -93.216888428 24244.806640625 -15.549494743 2.939070702
22.303007126 -51.700149536 -92.776641846 25507.167968750 -12.881139755 0.714391232
