966.750366211 28.572052002 22.621490479 0.000000000 -4.156861782 13.210947990
963.869750977 28.327880859 22.196166992 29.973602295 -5.220300198 18.567972183
958.591491699 27.869781494 21.949554443 82.252258301 -5.828582287 21.935628891
949.487548828 27.073303223 21.520050049 168.302825928 -5.899052143 25.588117599
936.100158691 25.945922852 20.822021484 293.128387451 -5.389351368 28.864566803
918.934204102 24.528625488 20.190612793 455.391082764 -4.155213833 31.652359009
898.498901367 22.946655273 19.603515625 649.450073242 -1.082949638 34.029132843
876.228576660 21.545715332 18.746307373 868.681884766 4.583937168 33.874526978
852.122436523 19.422241211 19.596160889 1113.227416992 8.501865387 30.893989563
825.308593750 18.223602295 14.177703857 1389.135742188 10.959373474 27.032987595
795.834594727 16.130950928 10.978668213 1700.742431641 12.771013260 26.955966949
763.704223633 13.351226807 6.759765625 2050.481689453 18.131378174 28.192537308
728.924987793 11.826385498 0.213317871 2442.565673828 25.473501205 29.133615494
691.519775391 10.988922119 -11.983978271 2883.412597656 31.173557281 33.432113647
651.449401855 7.556182861 -24.108154297 3378.673583984 33.228080750 34.841022491
608.625000000 3.433380127 -39.530181885 3933.553222656 36.463642120 31.335811615
563.421264648 -1.102172852 -31.190658569 4541.665527344 38.262283325 29.691055298
519.453369141 -5.830352783 -29.852447510 5171.385253906 40.460006714 28.371345520
479.724090576 -10.650848389 -34.038345337 5787.628417969 45.972938538 26.287748337
444.017883301 -15.832061768 -38.504241943 6376.939941406 49.390998840 25.524667740
411.753173828 -20.709945679 -42.703033447 6940.783691406 50.767929077 25.356208801
382.392822266 -25.178985596 -46.905944824 7481.579589844 52.315799713 25.333703995
355.871704102 -29.070449829 -50.178466797 7999.417480469 54.738807678 26.039228439
331.875732422 -32.252914429 -52.514404297 8495.065429688 57.536262512 26.807241440
310.148559570 -35.245544434 -54.877380371 8969.186523438 59.606166840 27.541543961
290.536041260 -38.350616455 -57.464584351 9421.246093750 59.880981445 28.299255371
272.820678711 -41.538406372 -60.213317871 9854.164062500 58.618984222 28.430503845
256.293853760 -44.726699829 -62.834289551 10271.851562500 55.885410309 27.052200317
241.310287476 -47.709564209 -64.969696045 10673.348632812 51.730075836 24.664720535
227.540756226 -50.485733032 -66.195861816 11067.169921875 47.863727570 22.799478531
213.730194092 -53.387115479 -66.937377930 11472.649414062 46.298866272 22.546768188
199.899856567 -56.200836182 -67.842498779 11900.363281250 47.770259857 24.192968369
186.068481445 -58.848861694 -69.445983887 12353.167968750 51.164100647 26.769348145
172.243637085 -61.358230591 -71.724731445 12835.027343750 53.771114349 28.418239594
158.425476074 -63.389541626 -74.524505615 13351.591796875 53.715129852 28.017509460
144.607345581 -64.953445435 -77.699905396 13910.679687500 51.576869965 25.934228897
130.789260864 -66.289672852 -80.532867432 14521.976562500 48.925949097 22.516277313
116.971221924 -67.724624634 -83.470199585 15197.513671875 45.046012878 17.679868698
103.153175354 -68.557586670 -86.851531982 15939.417968750 37.038890839 12.938399315
90.315155029 -67.010635376 -89.462173462 16709.722656250 22.910263062 8.592745781
80.025138855 -64.630569458 -89.801071167 17447.708984375 7.530059338 8.503584862
71.646125793 -64.395858765 -88.716751099 18146.048828125 4.934222698 11.920936584
63.855106354 -62.825195312 -88.820159912 18853.628906250 2.594155550 7.781541824
56.554088593 -62.201782227 -89.923431396 19600.189453125 -4.869903564 4.323915482
49.792068481 -61.876907349 -91.164138794 20387.544921875 -9.228219032 2.600160837
43.520057678 -60.650314331 -92.003509521 21225.478515625 -11.761803627 1.831061482
37.640048981 -58.404022217 -92.254882812 22133.296875000 -15.006618500 0.935547054
32.152034760 -56.171325684 -92.442077637 23129.466796875 -17.476213455 -0.212261319
27.056022644 -53.696945190 -92.514205933 24235.728515625 -15.692250252 0.592411578
22.303007126 -50.657592773 -92.189819336 25504.128906250 -10.487071037 -0.421174705
