986.341186523 21.182952881 20.853546143 0.000000000 3.859696627 -14.739427567
983.414611816 20.906646729 20.895111084 29.076858521 5.060888767 -17.890459061
978.045715332 20.713409424 20.819335938 79.892318726 5.904458046 -20.472101212
968.787353516 20.567474365 20.518005371 163.701431274 5.421566486 -19.247621536
955.148925781 20.806701660 20.181579590 285.886962891 4.412920952 -13.867562294
937.637756348 19.792114258 19.721405029 445.357971191 3.628773212 -1.439019084
916.762634277 19.646911621 19.043792725 637.004516602 3.027884245 19.338880539
893.980468750 19.718811035 18.281951904 854.801269531 2.404538393 38.665088654
869.305297852 19.472961426 17.590057373 1099.410034180 4.601963520 50.648677826
841.777404785 18.093536377 16.893066406 1377.150146484 10.180156708 55.799270630
811.435913086 16.257293701 12.943084717 1691.976074219 17.194759369 55.836608887
778.301635742 13.914215088 10.669281006 2046.607910156 22.375818253 52.203742981
742.349975586 12.120300293 8.946746826 2445.903076172 26.429992676 43.665153503
703.566467285 10.230682373 7.095367432 2895.982177734 27.255813599 34.198394775
661.941467285 7.871887207 4.806854248 3403.763916016 24.327375412 26.360357285
617.405456543 4.174468994 4.320281982 3975.792236328 23.500635147 20.407230377
570.405456543 -0.345886230 -0.176635742 4603.644042969 26.029907227 16.422121048
524.843994141 -5.323730469 -5.159790039 5252.324218750 30.190370560 15.167761803
483.848663330 -10.074615479 -11.222778320 5885.055664062 34.247550964 15.638766289
447.135314941 -14.927246094 -16.556427002 6489.020019531 36.763927460 16.358104706
414.063903809 -19.478958130 -21.610076904 7066.340820312 38.442176819 16.514343262
384.062744141 -23.858169556 -26.360031128 7619.440917969 42.000282288 16.323158264
357.044342041 -28.072891235 -30.939300537 8147.746582031 47.368331909 16.014886856
332.680541992 -32.188491821 -35.399291992 8650.824218750 51.229454041 15.612398148
310.688781738 -36.028991699 -39.473342896 9129.237304688 55.216144562 14.315453529
290.881866455 -39.307632446 -42.928665161 9583.505859375 60.474651337 12.590415955
273.027587891 -42.149047852 -45.895172119 10017.960937500 61.304050446 10.534039497
256.403839111 -44.811904907 -48.651382446 10437.250976562 58.204193115 9.654947281
241.360885620 -47.138549805 -53.025054932 10840.742187500 53.787780762 10.679561615
227.561614990 -49.192504883 -56.312469482 11237.017578125 48.751163483 12.256206512
213.740158081 -51.443267822 -57.658523560 11645.859375000 43.051208496 12.739706039
199.908126831 -54.143371582 -59.519271851 12077.576171875 37.991218567 13.366896629
186.077163696 -57.582031250 -62.136047363 12533.833984375 35.154201508 15.074004173
172.250015259 -61.375259399 -65.636779785 13017.101562500 34.704719543 16.817193985
158.428237915 -65.239883423 -69.490188599 13531.389648438 34.898590088 16.320095062
144.609802246 -68.385604858 -72.622070312 14083.376953125 44.402507782 15.413648605
130.791564941 -68.822326660 -74.744354248 14686.042968750 57.109100342 12.699901581
116.973144531 -66.784835815 -71.493682861 15359.264648438 53.297889709 9.527725220
103.154464722 -64.729171753 -69.009658813 16109.925781250 34.823688507 11.869942665
90.315818787 -65.492279053 -71.269302368 16890.275390625 23.076065063 16.782386780
80.025382996 -63.621551514 -69.395111084 17632.994140625 16.662605286 13.862691879
71.646141052 -61.881439209 -79.264129639 18337.347656250 5.237493992 1.572881579
63.855087280 -62.290313721 -87.884750366 19050.107421875 -3.009359121 2.991861105
56.554073334 -61.635375977 -92.261917114 19798.796875000 -7.333878040 5.136455059
49.792064667 -60.647048950 -92.266098022 20589.595703125 -7.902566433 1.611129165
43.520053864 -59.983032227 -92.208374023 21431.222656250 -11.279150963 -4.954610825
37.640045166 -59.436187744 -92.758026123 22338.191406250 -14.891791344 -7.212191105
32.152030945 -57.654083252 -93.266494751 23328.576171875 -16.095041275 -3.615448952
27.056020737 -54.766586304 -93.573608398 24428.441406250 -16.981269836 -1.968414664
22.303007126 -52.266784668 -93.474822998 25689.070312500 -18.157295227 -1.463137031
