977.076232910 28.813385010 22.522888184 0.000000000 -2.267225981 10.427523613
974.165161133 28.507110596 22.036437988 29.997283936 -2.904228687 14.529388428
968.834045410 28.100463867 21.687347412 82.325134277 -3.256887197 17.475957870
959.631774902 27.314788818 21.001220703 168.401977539 -3.464582443 21.276630402
946.101074219 26.116699219 20.090728760 293.273956299 -3.111267805 24.624900818
928.738647461 24.576507568 19.562194824 455.709564209 -2.160516024 27.179149628
908.036926270 22.664886475 19.746734619 650.117431641 -0.525239289 29.015459061
885.454223633 20.691406250 19.620788574 869.684936523 2.567312717 30.401203156
860.998352051 18.605957031 18.445312500 1114.574829102 7.127543449 30.924818039
833.750793457 16.484710693 16.676757812 1390.987915039 11.736573219 31.146327972
803.733764648 14.447631836 14.134674072 1703.625976562 18.025972366 31.021654129
770.982055664 12.803680420 9.981506348 2055.705810547 21.897628784 29.560110092
735.527404785 11.178314209 4.032531738 2451.291015625 19.788196564 30.443435669
697.384216309 10.324523926 -3.662994385 2896.413330078 21.487722397 36.235023499
656.496704102 7.770843506 -7.914184570 3397.928955078 22.737260818 41.631141663
612.812683105 3.351531982 -13.036956787 3960.572509766 26.404640198 41.428131104
566.750793457 -2.472625732 -18.422561646 4575.067871094 33.788570404 38.409912109
522.031005859 -7.634857178 -25.275451660 5208.680175781 38.770332336 37.072063446
481.687652588 -10.999359131 -32.373611450 5829.247558594 42.380657196 36.092563629
445.485198975 -14.877563477 -37.746063232 6425.283691406 44.370193481 36.562595367
412.817382812 -19.415954590 -42.552551270 6996.961425781 47.298072815 35.877197266
383.132720947 -24.011779785 -46.589614868 7545.106445312 52.856338501 34.141555786
356.356323242 -28.148406982 -49.625564575 8069.248535156 57.276420593 32.846214294
332.175048828 -31.638351440 -53.178924561 8569.716796875 55.749687195 31.941747665
310.319732666 -34.898925781 -56.993408203 9047.300781250 48.563327789 32.031166077
290.616455078 -38.314071655 -59.444183350 9501.662109375 40.546638489 32.348594666
272.839813232 -41.599319458 -61.052230835 9935.951171875 34.691696167 31.383464813
256.274383545 -44.924133301 -62.214447021 10354.380859375 31.048782349 28.981170654
241.272537231 -48.094467163 -63.314178467 10755.951171875 30.260978699 27.895380020
227.500427246 -51.066513062 -64.656646729 11149.074218750 32.866722107 28.060634613
213.697677612 -54.019577026 -66.401672363 11553.286132812 39.370941162 28.293323517
199.880355835 -56.983673096 -67.297058105 11979.295898438 44.991703033 28.005481720
186.062026978 -60.454406738 -67.475326538 12429.259765625 47.178596497 27.215112686
172.243728638 -63.592544556 -68.985992432 12906.548828125 48.719245911 27.249273300
158.425491333 -65.415527344 -72.033996582 13417.873046875 51.134025574 30.024486542
144.607345581 -66.240737915 -76.088256836 13972.614257812 52.986370087 32.475097656
130.789260864 -66.759399414 -79.774581909 14581.484375000 52.673152924 31.467849731
116.971191406 -67.441513062 -83.772048950 15256.740234375 49.724918365 26.215309143
103.153152466 -67.398223877 -87.781097412 16001.187500000 44.648841858 16.427173615
90.315139771 -65.280929565 -90.434631348 16776.876953125 31.724123001 5.325521469
80.025123596 -62.636856079 -89.847229004 17521.554687500 9.685502052 3.877850771
71.646110535 -62.816040039 -89.040710449 18226.007812500 2.035690784 14.162837982
63.855098724 -62.480773926 -89.188537598 18936.884765625 -3.579217434 17.330516815
56.554080963 -61.643005371 -90.413040161 19685.166015625 -4.585525513 10.104253769
49.792068481 -60.866363525 -91.657226562 20475.492187500 -8.190021515 4.333674908
43.520057678 -59.706481934 -91.998184204 21317.242187500 -13.242777824 3.982943296
37.640048981 -58.001754761 -92.078643799 22227.880859375 -15.172970772 4.731673241
32.152034760 -56.383010864 -92.249313354 23224.408203125 -14.758974075 3.718975067
27.056022644 -54.478897095 -92.290344238 24327.984375000 -13.029175758 2.430869579
22.303007126 -53.032257080 -92.378417969 25586.964843750 -10.489785194 1.801490664
