981.279663086 24.288970947 19.764801025 0.000000000 -1.355057001 10.706679344
978.362976074 24.396728516 19.700958252 29.435546875 -0.384484410 20.751613617
973.013610840 24.331359863 19.688842773 80.925811768 -0.176332936 25.631809235
963.785949707 24.446197510 19.472076416 165.916503906 2.045610428 35.203014374
950.198181152 24.201416016 19.145355225 289.717956543 6.130587578 44.129535675
932.757507324 23.631134033 18.456634521 451.293457031 11.194427490 48.401401520
911.972290039 22.245971680 17.559265137 645.029846191 15.852683067 47.985599518
889.299743652 20.614685059 16.406921387 864.011291504 22.704507828 43.351043701
864.755493164 19.233947754 16.028747559 1108.731201172 28.656007767 38.263957977
837.355468750 17.996978760 15.555847168 1386.223876953 30.763628006 32.965843201
807.147705078 16.216796875 13.113372803 1701.107177734 24.935134888 27.338474274
774.175048828 14.400543213 9.096771240 2056.080078125 16.321092606 21.583518982
738.452209473 12.806976318 3.936553955 2455.185791016 14.850889206 17.552423477
700.013916016 10.808807373 -5.194824219 2903.470703125 20.407978058 15.854043961
658.821655273 7.312347412 -10.104156494 3406.705566406 27.196100235 16.173103333
614.808532715 3.524444580 -14.936004639 3971.246093750 30.644172668 17.819602966
568.416137695 -0.557037354 -24.477752686 4590.513183594 37.346775055 14.845828056
523.383666992 -5.450897217 -27.446807861 5231.562500000 44.943363190 9.444934845
482.753448486 -10.439361572 -23.341674805 5858.298828125 51.852870941 7.835529804
446.296905518 -14.962524414 -23.951354980 6458.000000000 55.163780212 9.581003189
413.423309326 -19.214996338 -29.982025146 7032.684570312 55.889480591 12.584150314
383.580230713 -23.481338501 -36.923370361 7584.070312500 55.726982117 14.326687813
356.682800293 -27.711441040 -39.407363892 8111.216796875 54.390125275 13.680335999
332.404602051 -31.900375366 -38.002807617 8613.522460938 53.090354919 11.149907112
310.474090576 -35.828674316 -39.317352295 9091.389648438 51.575420380 8.124780655
290.714874268 -39.338897705 -42.899520874 9545.025390625 49.264335632 6.056450367
272.898529053 -42.347381592 -46.368194580 9978.593750000 46.705284119 4.575787544
256.305755615 -45.248825073 -49.710983276 10396.667968750 45.026638031 3.701360226
241.286605835 -48.040451050 -52.431488037 10798.388671875 44.881656647 3.720706463
227.505432129 -50.660751343 -55.057373047 11192.191406250 45.624759674 4.220318794
213.699203491 -53.433914185 -57.991256714 11597.451171875 45.525917053 4.679837704
199.881164551 -56.253128052 -61.183746338 12024.783203125 43.889236450 6.193927765
186.062576294 -59.471313477 -64.746551514 12476.562500000 41.351921082 10.709311485
172.244186401 -63.170913696 -67.781982422 12955.452148438 40.324573517 16.273008347
158.425872803 -66.017211914 -70.270690918 13466.544921875 44.815715790 18.863819122
144.607635498 -67.200408936 -71.735046387 14019.150390625 52.042579651 18.316520691
130.789459229 -66.754165649 -75.464263916 14626.611328125 54.262149811 14.953448296
116.971359253 -65.362365723 -80.467407227 15305.486328125 46.715206146 9.567181587
103.153282166 -65.337432861 -84.591186523 16057.421875000 34.085201263 7.891788483
90.315254211 -66.216918945 -88.656387329 16835.259765625 27.062397003 11.059365273
80.025238037 -65.343338013 -86.944198608 17573.654296875 20.535284042 7.486280441
71.646171570 -63.505767822 -77.362945557 18272.318359375 2.113066196 2.257930994
63.855098724 -63.044662476 -85.498992920 18980.990234375 -6.346450806 6.672638893
56.554080963 -62.307464600 -92.104492188 19727.041015625 -7.846018314 5.048233032
49.792068481 -61.599914551 -91.529113770 20514.798828125 -10.792954445 0.159710884
43.520053864 -60.613342285 -91.947921753 21353.207031250 -14.646598816 1.030272245
37.640045166 -58.303329468 -92.633056641 22261.248046875 -17.338546753 3.335106134
32.152030945 -56.025512695 -93.208496094 23257.896484375 -18.745748520 -0.477610677
27.056020737 -54.825775146 -93.614868164 24361.435546875 -18.145130157 -3.363856554
22.303007126 -53.651138306 -93.693939209 25617.751953125 -16.188653946 0.106035195
