970.076232910 28.875885010 21.833923340 0.000000000 0.527050436 13.221799850
967.189208984 28.444610596 21.369659424 29.934783936 0.254518569 17.931116104
961.890075684 27.850463867 21.080718994 82.200134277 -0.098139882 21.485137939
952.767822266 26.939788818 20.560089111 168.120727539 -0.427325577 25.285808563
939.341064453 25.741699219 19.764373779 292.711456299 -0.316991448 28.755571365
922.122680664 24.076507568 19.269348145 454.678314209 0.269289613 31.431308746
901.604919434 22.039886475 19.483245850 648.336181641 1.054134250 33.389106750
879.222167969 19.691406250 19.379699707 866.716186523 2.810293198 35.260814667
855.046386719 18.293457031 14.990020752 1109.731079102 4.333266735 36.391880035
828.150756836 16.922210693 13.671203613 1384.206665039 7.727394104 36.856372833
798.517761230 14.572631836 11.384124756 1694.750976562 15.231695175 34.544872284
766.182006836 13.053680420 7.881927490 2044.424682617 19.589313507 32.597366333
731.199462891 11.740814209 -1.317535400 2437.353515625 19.423725128 33.966655731
693.556274414 9.887023926 -7.548217773 2878.850830078 22.095172882 37.449928284
653.176696777 6.958343506 -9.167022705 3375.397705078 25.896007538 41.145179749
610.000732422 2.726531982 -12.649597168 3932.666259766 29.684877396 41.306640625
564.458801270 -2.785125732 -18.905136108 4541.817871094 37.311790466 37.316497803
520.217041016 -7.884857178 -25.912521362 5170.336425781 41.929080963 35.128219604
480.274871826 -11.436859131 -33.406661987 5785.810058594 45.296424866 34.391700745
444.400390625 -15.190063477 -39.145355225 6377.127441406 47.771923065 34.861732483
411.999816895 -19.665954590 -44.759277344 6944.773925781 50.335330963 34.783782959
382.530303955 -24.136779785 -51.120574951 7489.543945312 53.828262329 33.412612915
355.924346924 -28.273406982 -57.219390869 8010.811035156 56.061519623 31.995780945
331.874267578 -31.825851440 -62.118743896 8508.779296875 53.198394775 30.969825745
310.118957520 -35.023925781 -63.067108154 8984.238281250 44.918621063 30.937753677
290.489105225 -38.189071655 -62.251464844 9437.037109375 35.808517456 30.890712738
272.764709473 -41.474319458 -62.009521484 9870.451171875 30.075065613 30.533033371
256.235656738 -44.736633301 -62.980392456 10288.318359375 27.890033722 30.317564011
241.256713867 -47.906967163 -64.628692627 10689.638671875 28.560113907 30.568166733
227.496322632 -50.879013062 -65.700286865 11082.792968750 31.773311615 30.976402283
213.697525024 -53.957077026 -66.432647705 11487.161132812 37.791564941 31.209091187
199.880432129 -57.171173096 -66.585845947 11912.983398438 43.412330627 30.921247482
186.062072754 -60.766906738 -66.962371826 12362.353515625 46.328163147 29.158956528
172.243774414 -63.717544556 -68.801132202 12839.142578125 48.719245911 27.978216171
158.425506592 -65.415527344 -71.671051025 13350.341796875 51.012535095 30.145977020
144.607360840 -66.240737915 -75.645294189 13905.083007812 52.257431030 32.596588135
130.789260864 -66.821899414 -79.397399902 14513.828125000 52.430171967 31.832321167
116.971191406 -67.691513062 -83.324462891 15188.615234375 51.425785065 26.822759628
103.153152466 -67.398223877 -87.434875488 15932.656250000 48.536529541 16.791645050
90.315139771 -64.405929565 -90.628051758 16710.001953125 35.247341156 6.054463387
80.025123596 -61.074356079 -89.331420898 17458.929687500 6.283773899 6.550636768
71.646110535 -62.503540039 -88.949951172 18166.507812500 0.942278206 13.676877022
63.855098724 -62.855773926 -89.270080566 18877.291015625 -2.485805035 16.601575851
56.554080963 -61.518005371 -90.612335205 19625.134765625 -3.978074312 10.711705208
49.792068481 -60.678863525 -91.681396484 20416.085937500 -8.918963432 4.212184429
43.520057678 -59.643981934 -92.150878906 21258.429687500 -14.457680702 3.496982098
37.640048981 -57.876754761 -92.282928467 22169.537109375 -15.415951729 4.245712280
32.152034760 -56.383010864 -92.364547729 23166.376953125 -14.515993118 2.625562429
27.056022644 -54.916397095 -92.430267334 24268.859375000 -13.515136719 2.673850298
22.303007126 -52.907257080 -92.602615356 25527.183593750 -11.826178551 1.194039226
