968.831848145 29.203033447 20.846038818 0.000000000 -1.905522823 13.030505180
965.951110840 28.597869873 20.615600586 29.927764893 -2.343092442 17.025442123
960.664672852 27.858703613 20.510742188 82.094573975 -2.412802458 19.622581482
951.560485840 26.763397217 20.360687256 167.916259766 -2.304470539 22.052268982
938.156799316 25.451965332 20.086914062 292.380126953 -1.805184364 24.453989029
920.966308594 23.850006104 19.748992920 454.150512695 -0.857506037 26.735357285
900.489318848 21.990997314 19.183593750 647.569946289 0.950269878 28.812705994
878.176025391 20.443115234 18.327972412 865.875976562 5.512439728 31.341012955
854.041320801 18.702453613 16.977294922 1109.304443359 8.576925278 31.148378372
827.166381836 16.766326904 15.318450928 1384.106689453 10.922349930 29.702444077
797.582946777 15.028503418 12.567352295 1694.988281250 14.248646736 25.922121048
765.294616699 12.676971436 9.991638184 2044.892578125 14.261552811 26.219892502
730.324523926 10.512969971 6.435516357 2437.478027344 15.086442947 31.296344757
692.695495605 10.444488525 -2.535491943 2879.279296875 24.114912033 37.105262756
652.403991699 7.553436279 -10.071075439 3376.635009766 30.998899460 40.688579559
609.366333008 2.627899170 -15.544738770 3933.236816406 34.621482849 39.692855835
563.962097168 -2.771148682 -21.322906494 4540.956542969 37.498428345 36.004219055
519.843322754 -7.986938477 -25.749038696 5168.146972656 38.547439575 34.806518555
479.993713379 -11.819244385 -30.476989746 5782.099121094 42.258773804 36.371566772
444.188293457 -15.738739014 -29.780273438 6371.611328125 45.674678802 38.491447449
411.837799072 -20.162155151 -33.920135498 6937.593261719 50.432952881 39.626934052
382.411499023 -24.691406250 -40.059539795 7480.711425781 54.264148712 38.394939423
355.839660645 -28.877532959 -43.187820435 8000.219238281 54.214611053 35.307281494
331.816009521 -32.178421021 -42.304016113 8496.791015625 50.250373840 34.181732178
310.079101562 -34.614486694 -44.674392700 8971.994140625 42.218967438 35.417217255
290.463928223 -37.636596680 -51.350936890 9425.554687500 34.610923767 36.968547821
272.750823975 -40.912796021 -54.462890625 9859.726562500 32.952442169 36.902744293
256.229553223 -44.374420166 -54.257522583 10278.248046875 34.524978638 35.175750732
241.255081177 -47.691085815 -54.417785645 10679.943359375 37.759761810 33.226524353
227.496597290 -50.739685059 -56.255065918 11073.376953125 41.167480469 32.020072937
213.698059082 -53.845504761 -59.356948853 11477.906250000 43.676673889 31.426370621
199.880661011 -57.375488281 -62.823471069 11903.634765625 45.455009460 29.931322098
186.062194824 -60.975234985 -66.205780029 12352.609375000 47.096340179 28.296646118
172.243865967 -63.642639160 -69.207427979 12829.296875000 48.944122314 29.584943771
158.425598145 -64.390518188 -71.412261963 13341.865234375 53.158016205 31.873178482
144.607421875 -65.035659790 -74.181503296 13899.574218750 55.663894653 31.803209305
130.789260864 -65.942169189 -77.217010498 14511.332031250 55.406402588 29.957185745
116.971191406 -66.593215942 -81.949890137 15189.335937500 53.141525269 24.040971756
103.153152466 -66.102081299 -87.748870850 15937.777343750 45.294639587 12.142102242
90.315139771 -64.126358032 -90.996047974 16718.125000000 28.486007690 5.016634941
80.025123596 -61.410675049 -90.089935303 17467.035156250 7.008299828 7.425364494
71.646110535 -62.512420654 -89.096466064 18174.019531250 -0.728934228 14.531668663
63.855098724 -62.217773438 -89.371185303 18885.917968750 -0.224429637 14.641868591
56.554080963 -61.551696777 -90.549850464 19634.806640625 -1.486672759 5.472539425
49.792068481 -61.432235718 -91.818817139 20424.265625000 -8.224585533 0.723313570
43.520057678 -60.466979980 -92.426544189 21263.347656250 -14.096824646 1.187946796
37.640048981 -59.031463623 -92.563110352 22170.167968750 -16.197452545 2.660691977
32.152034760 -57.430740356 -92.569702148 23161.957031250 -15.572264671 1.831020594
27.056022644 -55.332656860 -92.684082031 24260.806640625 -15.670985222 1.481187344
22.303007126 -52.700149536 -92.729644775 25518.699218750 -14.946474075 2.172274590
