970.391113281 28.809326172 22.092376709 0.000000000 -3.421174049 12.416723251
967.500061035 28.383636475 21.720977783 29.945220947 -4.202863693 17.053462982
962.201477051 27.753051758 21.456756592 82.201141357 -4.800482273 20.120195389
953.065795898 26.969299316 20.948242188 168.150115967 -4.722801208 24.725229263
939.642333984 25.879150391 20.180969238 292.818206787 -3.811008453 29.429618835
922.412109375 24.435394287 19.568634033 454.950775146 -2.209952831 33.057556152
901.899536133 22.636810303 19.263183594 648.912109375 -0.258782297 35.175010681
879.508300781 20.572479248 20.273132324 868.017944336 4.203845978 36.262958527
855.277587891 18.858917236 19.038116455 1112.421630859 10.310312271 34.332778931
828.303283691 17.248840332 16.031921387 1388.337524414 14.383302689 29.316476822
798.616943359 15.767791748 13.166625977 1700.623168945 15.749515533 24.769880295
766.221740723 12.600860596 11.859832764 2051.878906250 16.328634262 24.766727448
731.117675781 10.178039551 7.030883789 2445.190673828 20.688346863 29.379402161
693.415283203 11.640045166 -9.092834473 2888.024414062 28.487548828 36.440326691
653.080139160 8.907287598 -20.963851929 3387.344970703 32.464710236 38.816425323
609.965209961 3.130462646 -18.955703735 3945.868408203 35.256752014 36.742176056
564.459350586 -2.113891602 -24.687454224 4555.537597656 39.432529449 34.838005066
520.236694336 -6.371643066 -29.850067139 5186.205566406 41.509208679 33.256637573
480.298248291 -10.564880371 -30.626571655 5804.375488281 44.378334045 32.846481323
444.418334961 -15.524078369 -33.627243042 6396.418457031 48.221733093 33.526035309
412.010650635 -20.320785522 -38.182144165 6963.108886719 50.882293701 34.120296478
382.537109375 -24.798263550 -42.716186523 7506.629394531 53.175739288 34.478057861
355.927612305 -28.877944946 -46.672592163 8026.691894531 54.767562866 34.944316864
331.875274658 -32.433212280 -50.316253662 8523.418945312 54.922126770 35.995567322
310.118255615 -35.619827271 -54.169128418 8997.711914062 53.543220520 37.543403625
290.487731934 -38.591171265 -58.768966675 9449.608398438 51.522998810 38.326164246
272.763336182 -41.482437134 -63.971435547 9882.627929688 49.965633392 36.965358734
256.234558105 -44.400985718 -68.128036499 10300.768554688 48.884487152 33.158275604
241.255813599 -47.403366089 -70.358520508 10702.811523438 47.127407074 28.671764374
227.495620728 -50.311798096 -70.708572388 11096.856445312 44.795623779 25.869569778
213.696990967 -53.444305420 -70.330505371 11502.161132812 42.800769806 25.458263397
199.880020142 -56.577560425 -70.112823486 11929.069335938 42.320358276 26.395393372
186.061859131 -59.482147217 -70.602416992 12380.447265625 43.379669189 27.779600143
172.243637085 -61.962142944 -71.977584839 12860.667968750 45.184467316 28.869882584
158.425476074 -63.973770142 -74.300079346 13375.719726562 46.884643555 29.757850647
144.607345581 -65.551422119 -77.362838745 13933.161132812 48.454219818 28.757017136
130.789260864 -66.663803101 -80.236785889 14543.056640625 49.081588745 24.883440018
116.971221924 -67.620117188 -83.619354248 15218.222656250 45.919307709 18.405206680
103.153175354 -67.668945312 -87.558486938 15961.954101562 37.372592926 10.299608231
90.315155029 -65.640167236 -89.809906006 16736.523437500 21.105146408 5.235375404
80.025138855 -64.553039551 -89.435974121 17477.238281250 5.567460060 9.672121048
71.646125793 -64.197540283 -88.517852783 18176.144531250 6.790553093 14.022947311
63.855106354 -62.314636230 -88.817855835 18885.007812500 2.750793695 10.432451248
56.554092407 -61.947631836 -89.984741211 19632.933593750 -4.006772995 6.156325340
49.792079926 -61.360076904 -91.219787598 20421.781250000 -8.555978775 4.330290794
43.520065308 -60.020477295 -91.992523193 21261.998046875 -11.865857124 2.398625612
37.640052795 -58.415908813 -92.272583008 22171.117187500 -14.497677803 0.144781351
32.152042389 -56.532165527 -92.453002930 23166.328125000 -16.385604858 -0.244500667
27.056024551 -54.250991821 -92.447692871 24270.199218750 -15.879133224 1.142814279
22.303007126 -51.704727173 -91.904693604 25534.076171875 -11.492629051 2.897110939
