970.148254395 27.063385010 21.651733398 0.000000000 -2.024245262 9.698581696
967.261169434 26.819610596 21.283477783 29.778533936 -2.782738447 13.800447464
961.970092773 26.287963867 21.059661865 81.731384277 -3.256887197 16.504035950
952.839843750 25.439788818 20.635009766 167.183227539 -3.464582443 19.818746567
939.421081543 24.366699219 20.000488281 291.211456299 -2.625306606 24.138940811
922.202636719 23.139007568 19.595825195 452.553314209 -0.459652066 29.851934433
901.676940918 21.352386475 19.699645996 645.742431641 2.390527248 33.753578186
879.302185059 19.503906250 19.386169434 863.872436523 5.361588955 34.896343231
855.094360352 17.980957031 17.839508057 1107.074829102 9.314368248 35.176979065
828.166809082 16.859710693 13.581054688 1381.706665039 11.858063698 34.912525177
798.541748047 14.635131836 11.469512939 1692.344726562 15.717656136 33.694438934
766.190063477 12.178680420 10.108581543 2041.862182617 18.738882065 31.746934891
731.159423828 11.053314209 3.147705078 2434.541015625 18.330312729 33.359203339
693.480224609 10.074523926 -5.203338623 2876.382080078 22.459644318 38.907810211
653.096679688 7.270843506 -9.519561768 3373.616455078 28.204322815 42.360084534
609.940673828 2.664031982 -14.701171875 3930.978759766 33.451076508 39.727268219
564.414794922 -2.847625732 -20.569686890 4539.724121094 37.068809509 36.830535889
520.191040039 -7.822357178 -27.005584717 5168.055175781 40.471195221 35.249710083
480.255676270 -11.561859131 -32.883056641 5783.372558594 44.081520081 34.999149323
444.386016846 -15.440063477 -37.709930420 6374.252441406 46.921489716 35.590675354
411.988586426 -19.853454590 -43.279846191 6941.398925781 49.241916656 36.241668701
382.522338867 -24.261779785 -49.162307739 7485.793945312 52.248886108 36.085399628
355.918701172 -28.335906982 -53.485031128 8006.779785156 53.753204346 34.911548615
331.870239258 -31.763351440 -60.316009521 8504.716796875 49.432193756 33.642612457
310.116333008 -34.898925781 -61.602066040 8980.332031250 40.059009552 32.760108948
290.487487793 -38.126571655 -59.520492554 9433.380859375 31.799339294 32.105613708
272.763824463 -41.474319458 -59.780059814 9866.826171875 28.860162735 31.747936249
256.235260010 -44.924133301 -61.784149170 10284.537109375 30.319839478 31.532466888
241.256637573 -47.969467163 -63.932464600 10685.607421875 33.784194946 31.418598175
227.496444702 -50.879013062 -65.232391357 11078.636718750 37.847824097 31.219383240
213.697677612 -53.894577026 -65.608535767 11482.973632812 42.408195496 31.209091187
199.880508423 -57.358673096 -65.406127930 11908.670898438 46.085117340 30.070816040
186.062133789 -61.016906738 -66.456359863 12357.634765625 49.000949860 27.093622208
172.243804932 -63.842544556 -68.951416016 12834.017578125 50.906070709 26.277351379
158.425552368 -65.228027344 -71.540527344 13345.279296875 51.862968445 29.538524628
144.607376099 -65.928237915 -74.834442139 13900.708007812 52.621898651 32.475097656
130.789260864 -66.571899414 -78.541946411 14510.265625000 52.430171967 32.439773560
116.971191406 -67.441513062 -82.855529785 15185.896484375 51.182804108 28.159152985
103.153152466 -67.085723877 -87.465545654 15931.031250000 48.050567627 17.642076492
90.315139771 -64.280929565 -90.842254639 16709.189453125 34.639888763 6.297443867
80.025123596 -61.199356079 -89.696838379 17458.179687500 7.984637737 5.700204849
71.646110535 -62.441040039 -88.982818604 18165.726562500 -1.366037130 14.162837982
63.855098724 -62.293273926 -89.326934814 18877.603515625 -4.065178394 16.723066330
56.554080963 -61.080505371 -90.632446289 19627.228515625 -3.856584072 9.739782333
49.792068481 -60.491363525 -91.745254517 20419.335937500 -8.918963432 4.333674908
43.520057678 -59.206481934 -92.205734253 21262.835937500 -14.093209267 3.861453056
37.640048981 -57.626754761 -92.406066895 22175.255859375 -15.051480293 3.395280361
32.152034760 -56.445510864 -92.459747314 23172.376953125 -14.273013115 1.896620870
27.056022644 -54.978897095 -92.545379639 24274.390625000 -13.393647194 2.187889099
22.303007126 -53.032257080 -92.695251465 25532.121093750 -11.826178551 1.922980905
