981.017639160 24.010009766 21.201293945 0.000000000 -4.027346134 12.572980881
978.101074219 24.682128906 20.862670898 29.471649170 -5.238356113 20.398450851
972.759582520 25.566223145 20.512695312 81.074707031 -6.044237614 25.412330627
963.547058105 26.193267822 19.660888672 166.367218018 -7.888088226 32.836914062
949.996276855 25.735076904 18.690338135 290.534881592 -9.099013329 38.638195038
932.609191895 24.328918457 18.205871582 452.274261475 -8.552577019 42.573158264
911.871948242 22.351867676 18.246276855 645.854003906 -6.343362331 45.025638580
889.240234375 20.536804199 18.118377686 864.596801758 -2.788477659 46.220310211
864.729309082 19.088287354 17.547393799 1108.983032227 0.961978436 45.492633820
837.394531250 17.863189697 16.691680908 1385.975830078 3.989080429 42.449527740
807.234191895 16.352539062 16.048828125 1700.686523438 6.845685005 37.915115356
774.291076660 14.653289795 12.824127197 2055.968261719 11.353816986 34.880027771
738.605285645 12.395812988 9.110687256 2455.277343750 14.944286346 32.441955566
700.143798828 8.880401611 7.305847168 2902.969970703 19.539758682 27.487995148
658.883972168 5.095367432 4.797973633 3404.809570312 24.890420914 24.068111420
614.803039551 1.307830811 1.521362305 3967.443847656 31.301446915 22.112909317
568.354614258 -3.144439697 -2.928405762 4583.716796875 36.658073425 23.124454498
523.304443359 -7.646942139 -8.327728271 5220.847167969 40.963794708 26.785699844
482.699371338 -11.702239990 -12.981964111 5844.184082031 45.912231445 30.845909119
446.280151367 -15.384887695 -17.066772461 6442.035156250 49.428997040 32.678897858
413.438049316 -18.809432983 -20.885284424 7016.562011719 50.219604492 31.561519623
383.610168457 -22.445892334 -24.815582275 7569.448730469 48.572788239 29.296686172
356.721221924 -26.042327881 -28.767547607 8099.479003906 45.358333588 27.980010986
332.451721191 -29.607772827 -32.577423096 8605.809570312 43.408111572 28.154548645
310.528228760 -33.130340576 -36.393081665 9088.540039062 43.893581390 28.592779160
290.774291992 -36.775466919 -40.208526611 9547.088867188 45.135356903 28.478391647
272.959930420 -40.258422852 -43.935379028 9984.870117188 46.233055115 27.952463150
256.364562988 -43.835189819 -47.651733398 10406.151367188 46.608421326 27.415262222
241.339508057 -47.296539307 -51.219802856 10809.909179688 46.505859375 26.869699478
227.550582886 -50.557998657 -54.593368530 11204.633789062 47.740207672 26.803674698
213.735916138 -53.873489380 -57.992050171 11609.758789062 53.359214783 27.157318115
199.910842896 -57.362670898 -61.586135864 12035.665039062 62.294452667 27.632690430
186.086975098 -61.388061523 -65.640029907 12484.280273438 68.668136597 27.997850418
172.263656616 -65.919342041 -70.146224976 12957.989257812 70.511001587 27.966537476
158.440414429 -69.279144287 -73.506011963 13461.831054688 69.826644897 29.013679504
144.617004395 -68.531417847 -73.220413208 14008.651367188 69.254348755 27.611572266
130.793121338 -64.907394409 -73.084579468 14617.336914062 64.702751160 19.429574966
116.971847534 -63.273605347 -71.406127930 15302.834960938 49.063625336 9.582434654
103.153488159 -65.409225464 -71.219787598 16058.259765625 26.503993988 7.602196217
90.315216064 -67.447860718 -75.178512573 16833.677734375 16.562459946 15.843685150
80.025115967 -63.356170654 -94.305526733 17573.138671875 16.315105438 19.586574554
71.646102905 -60.433547974 -88.237915039 18280.296875000 9.928693771 10.311732292
63.855087280 -60.285934448 -89.355895996 18998.851562500 -0.346066356 2.125890732
56.554073334 -60.760498047 -91.044906616 19752.539062500 -8.434183121 0.039222583
49.792060852 -60.878540039 -92.156707764 20544.546875000 -10.460528374 1.616646886
43.520053864 -59.445678711 -92.729431152 21386.851562500 -11.108125687 2.284016609
37.640045166 -57.174911499 -92.750701904 22299.826171875 -13.596671104 0.016823186
32.152030945 -55.411834717 -92.739624023 23300.470703125 -16.160139084 -2.514944792
27.056020737 -54.035156250 -92.908416748 24407.605468750 -14.532422066 -0.863208294
22.303007126 -52.179214478 -93.161727905 25670.525390625 -10.101756096 1.063775897
