962.921691895 30.010009766 22.297393799 0.000000000 -9.251428604 2.853759050
960.053100586 29.557128906 22.218872070 30.096649170 -11.677340508 3.754282475
954.799621582 28.753723145 22.130371094 82.574707031 -13.941105843 4.758983612
945.731018066 28.130767822 21.517791748 168.867218018 -13.355151176 8.538859367
932.404235840 27.235076904 20.598297119 294.066131592 -10.678386688 12.882255554
915.329223633 25.828918457 19.887115479 456.836761475 -7.459165096 16.938709259
894.991943359 23.851867676 19.862823486 651.447753906 -4.642498493 21.213544846
872.832275391 21.849304199 19.894927979 870.971801758 -1.816555500 24.959510803
848.857360840 19.463287354 19.355560303 1115.358032227 1.083468795 27.390581131
822.202575684 17.863189697 14.564697266 1390.538330078 6.297395706 28.842617035
792.898193359 15.915039062 12.696319580 1701.374023438 12.798708916 26.859498978
760.923095703 13.090789795 9.956237793 2050.655761719 16.577898026 23.095468521
726.301330566 11.645812988 6.351409912 2442.433593750 22.233703613 19.563987732
689.119873047 11.380401611 -13.501800537 2882.688720703 30.230901718 19.105165482
649.343994141 9.720367432 -28.368087769 3378.372070312 32.908779144 22.124265671
606.827087402 5.432830811 -33.427917480 3935.068847656 34.217212677 24.785696030
561.922607422 0.105560303 -30.664947510 4544.279296875 36.901054382 25.311279297
518.248413086 -4.834442139 -35.153625488 5173.940917969 39.141441345 26.299737930
478.763366699 -9.764739990 -37.691757202 5789.809082031 39.959209442 27.930143356
443.257720947 -14.634887695 -41.145385742 6379.191406250 40.803188324 28.548227310
411.153228760 -19.559432983 -43.914291382 6943.718261719 41.958267212 28.281282425
381.921356201 -24.258392334 -46.499908447 7485.104980469 44.199134827 28.081783295
355.500427246 -28.292327881 -49.062103271 8003.291503906 46.816215515 27.980010986
331.593719482 -31.795272827 -51.443756104 8498.715820312 48.267723083 27.790077209
309.947052002 -35.255340576 -53.596038818 8971.946289062 49.360645294 27.256385803
290.397491455 -38.712966919 -55.579666138 9422.526367188 50.845401764 26.777528763
272.722351074 -42.070922852 -57.564193726 9853.807617188 51.578628540 26.616069794
256.217437744 -45.210189819 -59.592727661 10270.088867188 50.617599487 26.807811737
241.250610352 -48.046539307 -61.581253052 10670.534179688 48.328216553 27.112678528
227.494613647 -50.620498657 -63.228775024 11063.602539062 46.768283844 27.289634705
213.697250366 -53.248489380 -64.588272095 11468.758789062 47.041717529 27.157318115
199.880355835 -55.862670898 -65.990844727 11896.571289062 48.809028625 26.296297073
186.062026978 -58.513061523 -67.854309082 12349.749023438 50.444595337 24.474632263
172.243728638 -61.481842041 -70.187744141 12831.676757812 50.708084106 21.892023087
158.425537109 -64.404144287 -72.887298584 13346.799804688 50.388202667 19.537437439
144.607376099 -66.656417847 -75.944946289 13902.182617188 50.180377960 17.770860672
130.789260864 -68.032394409 -79.600463867 14508.399414062 49.151996613 15.906357765
116.971229553 -68.648605347 -83.164276123 15179.553710938 45.175937653 12.741181374
103.153182983 -68.971725464 -86.447723389 15919.009765625 36.466194153 10.032001495
90.315155029 -67.260360718 -88.244598389 16688.083984375 21.543561935 4.909559727
80.025146484 -65.293670654 -89.295288086 17424.576171875 6.352901936 4.886250019
71.646133423 -64.558547974 -88.849517822 18121.609375000 -1.977353573 12.741537094
63.855117798 -63.785934448 -88.831939697 18827.257812500 -1.196498275 13.302996635
56.554096222 -61.385498047 -89.641021729 19573.664062500 -3.574571848 7.693109989
49.792079926 -60.753540039 -90.705017090 20364.671875000 -9.731587410 4.289433002
43.520069122 -59.570678711 -91.337356567 21206.851562500 -12.323028564 2.526997328
37.640056610 -57.799911499 -91.684020996 22118.232421875 -14.811573029 1.717687011
32.152042389 -55.224334717 -91.799011230 23118.033203125 -15.309706688 0.157841340
27.056024551 -53.097656250 -91.678314209 24228.167968750 -12.831558228 -0.620227754
22.303007126 -50.554214478 -91.589630127 25498.619140625 -5.606616020 -0.029636612
