982.654907227 24.438354492 21.908966064 0.000000000 -5.040956497 0.820485771
979.736877441 25.196350098 21.334838867 29.485656738 -7.104849339 2.909493446
974.392211914 26.001281738 20.899597168 81.147918701 -7.001437187 5.646027565
965.166198730 26.319702148 20.656463623 166.502929688 -7.052330971 8.370509148
951.600097656 25.797332764 20.488342285 290.825256348 -7.830046177 12.431190491
934.173278809 24.353240967 20.451385498 452.821105957 -8.215880394 17.874389648
913.387878418 22.600891113 20.090576172 646.798583984 -7.351348400 24.338287354
890.715576172 20.589813232 19.127166748 865.781860352 -7.620830536 28.596426010
866.186645508 18.467681885 17.896759033 1109.839721680 -7.637889385 31.297464371
838.839843750 15.858917236 15.941284180 1384.992065430 -7.758560181 32.365798950
808.737487793 13.926666260 10.613769531 1695.672363281 -3.567979813 34.151878357
775.898742676 11.411193848 8.151458740 2045.147338867 4.125864506 36.865409851
740.243896484 8.264556885 8.355010986 2437.515625000 11.470130920 37.362628937
701.803771973 6.312072754 3.203033447 2878.318359375 16.898775101 36.086402893
660.572021484 4.599884033 1.535461426 3375.662597656 23.770135880 33.632881165
616.438232422 1.978485107 1.995391846 3937.563476562 30.973228455 28.734909058
569.840637207 -1.589141846 -1.576354980 4556.751464844 37.080142975 25.782289505
524.597106934 -5.359375000 -5.373382568 5199.847167969 41.642482758 25.949653625
483.783508301 -9.162384033 -10.122711182 5830.882324219 44.899318695 27.272350311
447.178161621 -13.125762939 -14.743896484 6436.176757812 46.540023804 28.378093719
414.173156738 -17.164306641 -19.200881958 7016.926269531 46.285564423 29.099443436
384.209777832 -21.223617554 -23.602966309 7574.659667969 44.638465881 29.727226257
357.207000732 -25.119201660 -27.846130371 8108.464355469 42.148471832 30.580297470
332.842102051 -28.869491577 -31.867706299 8617.899414062 39.284248352 31.919687271
310.842163086 -32.437332153 -35.722717285 9103.184570312 37.303226471 33.641727448
291.029754639 -35.750274658 -39.218963623 9564.278320312 36.451843262 35.083908081
273.175415039 -39.247909546 -42.870208740 10004.616210938 36.699020386 35.748840332
256.550323486 -42.757369995 -46.565032959 10428.346679688 36.975467682 35.919776917
241.498901367 -46.231643677 -50.190765381 10834.418945312 37.034721375 35.813026428
227.684371948 -49.546035767 -53.625076294 11231.391601562 36.462787628 36.020740509
213.842849731 -53.124832153 -57.292968750 11638.636718750 35.200027466 36.831485748
199.990036011 -56.784454346 -61.004089355 12066.466796875 32.782985687 38.579124451
186.139602661 -60.833526611 -65.071594238 12517.014648438 29.472640991 39.908771515
172.293823242 -64.790191650 -69.056976318 12993.254882812 24.010251999 40.277824402
158.455566406 -69.267517090 -73.482116699 13498.881835938 22.153615952 38.349075317
144.624389648 -71.216598511 -75.412002563 14042.266601562 42.676525116 27.217321396
130.795288086 -69.789794922 -75.501785278 14639.811523438 65.813621521 16.740892410
116.971565247 -68.037002563 -73.749969482 15309.621093750 68.018249512 8.330322266
103.153297424 -64.752624512 -71.852767944 16058.144531250 46.573337555 4.405668736
90.315139771 -62.575027466 -84.799621582 16843.906250000 19.587047577 12.670982361
80.025115967 -63.426757812 -100.704467773 17592.289062500 11.043591499 11.825188637
71.646102905 -63.073532104 -88.863128662 18294.933593750 7.587751389 6.036284924
63.855087280 -61.745986938 -89.608367920 19006.712890625 -0.874371827 5.106089592
56.554073334 -61.384017944 -91.222717285 19756.718750000 -7.384764671 5.754387856
49.792060852 -59.868927002 -92.176666260 20549.417968750 -11.833063126 4.636838913
43.520053864 -58.508255005 -92.542572021 21395.570312500 -15.385029793 1.077853560
37.640045166 -57.427169800 -92.617279053 22310.007812500 -16.977043152 -0.992605031
32.152030945 -55.768630981 -92.784133911 23309.304687500 -16.175939560 -1.046354890
27.056020737 -53.339645386 -92.976562500 24417.371093750 -13.963763237 -1.503768444
22.303007126 -51.324707031 -93.148956299 25684.740234375 -10.607027054 -2.051520348
