955.983886719 24.890533447 21.847900391 0.000000000 0.645773053 5.012146950
953.135070801 24.847869873 21.242767334 29.584014893 1.180125594 7.792180538
947.920715332 24.483703613 20.803009033 81.157043457 1.353396058 9.295907974
938.936462402 23.888397217 20.255615234 166.041259766 1.583218336 11.361124039
925.732788086 23.264465332 19.665863037 289.286376953 2.203994751 14.977747917
908.806335449 22.412506104 19.144042969 449.650512695 2.544221640 19.445941925
888.673278809 20.928497314 18.605560303 641.538696289 2.529643536 23.345642090
866.743957520 19.193115234 18.157958984 857.938476562 2.596673012 26.116931915
843.081298828 18.014953613 14.672241211 1098.835693359 5.175197601 27.746650696
816.766418457 16.516326904 13.292205811 1370.731689453 10.193408012 27.394128799
787.807006836 14.653503418 11.488006592 1678.300781250 12.669273376 21.548469543
756.230651855 12.176971436 7.988494873 2023.767578125 12.925159454 16.986631393
722.116455078 11.575469971 -4.438415527 2411.103027344 19.460092545 21.698612213
685.439514160 9.819488525 -10.750152588 2846.154296875 24.114912033 31.152238846
646.096008301 5.928436279 -12.914611816 3334.228759766 26.139287949 38.744735718
604.026306152 1.627899170 -19.919494629 3880.580566406 29.640378952 37.384540558
559.614074707 -2.833648682 -25.741729736 4478.800292969 33.975212097 36.004219055
516.401306152 -7.111938477 -32.067657471 5098.396972656 38.304458618 37.722286224
477.312103271 -11.319244385 -38.941772461 5705.755371094 41.408340454 39.287334442
442.133911133 -15.988739014 -44.498001099 6288.111328125 44.459777832 39.706352234
410.293792725 -20.724655151 -46.590896606 6846.468261719 47.152717590 39.262462616
381.276275635 -25.316406250 -47.893997192 7382.555175781 49.404537201 37.908977509
355.023620605 -29.315032959 -50.278930664 7896.094238281 51.298843384 36.765163422
331.246795654 -32.490921021 -53.771881104 8387.759765625 51.100807190 36.490047455
309.698913574 -35.176986694 -57.504516602 8858.650390625 47.321559906 36.996593475
290.222625732 -37.949096680 -59.749649048 9308.585937500 41.535869598 37.090038300
272.608093262 -40.912796021 -59.981414795 9740.320312500 37.447582245 35.809333801
256.155456543 -44.249420166 -59.660217285 10157.341796875 36.954784393 33.353397369
241.224349976 -47.566085815 -59.441757202 10558.162109375 39.096157074 31.647150040
227.488204956 -50.739685059 -59.827087402 10951.001953125 41.896423340 31.169641495
213.697341919 -53.970504761 -61.064132690 11355.125000000 44.284126282 30.454446793
199.880508423 -57.312988281 -63.697113037 11780.697265625 45.576499939 29.202379227
186.062088013 -60.287734985 -67.250549316 12230.546875000 46.974849701 29.511548996
172.243804932 -62.392639160 -70.183624268 12709.453125000 50.644989014 30.556865692
158.425598145 -63.828018188 -72.306060791 13224.240234375 55.709312439 29.686353683
144.607421875 -64.973159790 -74.175674438 13782.761718750 58.458171844 28.158500671
130.789260864 -65.567169189 -77.096679688 14395.238281250 56.742797852 28.377811432
116.971191406 -65.780715942 -81.920837402 15075.273437500 52.048114777 27.078227997
103.153152466 -65.789581299 -87.813690186 15825.714843750 43.472286224 16.515752792
90.315139771 -65.376358032 -91.399200439 16604.375000000 29.943889618 5.259615421
80.025123596 -63.660675049 -90.795715332 17347.222656250 17.213483810 7.668345451
71.646110535 -61.262420654 -89.353973389 18052.488281250 3.037264347 19.998731613
63.855098724 -61.717773438 -89.463378906 18767.230468750 -1.196351886 13.912926674
56.554080963 -62.426696777 -90.341613770 19515.369140625 -4.280949116 7.537874222
49.792068481 -61.557235718 -91.401092529 20302.921875000 -10.046939850 4.975473404
43.520057678 -59.966979980 -92.122192383 21142.722656250 -15.068746567 2.038378716
37.640048981 -58.656463623 -92.416015625 22051.386718750 -16.926393509 1.202808619
32.152034760 -57.368240356 -92.610870361 23044.113281250 -16.301206589 1.588040113
27.056022644 -55.457656860 -92.627593994 24142.837890625 -15.306514740 2.210129023
22.303007126 -52.512649536 -92.385192871 25400.980468750 -12.881139755 3.144196749
