971.846923828 27.875854492 22.058959961 0.000000000 -5.405427456 12.848023415
968.952880859 28.258850098 21.809753418 29.923156738 -7.104849339 21.376014709
963.640136719 28.376281738 21.585052490 82.241668701 -7.973359108 26.420866013
954.494201660 28.694702148 21.026214600 168.627929688 -8.510214806 34.369426727
941.032043457 28.047332764 20.440917969 294.262756348 -8.194517136 40.009483337
923.757263184 26.353240967 20.354827881 457.789855957 -7.972899437 43.508838654
903.171875000 24.288391113 20.288299561 653.361083984 -6.986877441 45.356105804
880.723571777 22.464813232 19.338012695 874.031860352 -3.611651421 45.362083435
856.442626953 20.905181885 18.127624512 1120.183471680 2.324313402 42.353080750
829.391784668 19.171417236 16.703155518 1398.367065430 7.306234360 37.832862854
799.601501465 16.676666260 14.287078857 1712.891113281 9.917441368 33.908897400
767.114746094 14.473693848 9.597320557 2066.178710938 15.424460411 32.856231689
731.995849609 13.514556885 -1.306152344 2462.328125000 25.320022583 28.615327835
694.279785156 12.937072754 -22.196640015 2907.724609375 29.898235321 23.451412201
653.872009277 10.724884033 0.000000000 3409.600097656 30.938062668 22.212795258
610.666198730 5.790985107 -36.868972778 3972.782226562 30.001306534 22.903375626
565.052612305 -0.026641846 -37.448577881 4588.157714844 31.977550507 21.044168472
520.725097656 -4.796875000 -41.029327393 5223.753417969 37.511814117 20.239610672
480.692352295 -10.037384033 -42.384796143 5845.132324219 41.862060547 21.926778793
444.734954834 -15.000762939 -43.595764160 6439.114257812 43.988727570 23.761463165
412.261138916 -19.414306641 -45.699279785 7008.051269531 46.164073944 24.604301453
382.733764648 -23.848617554 -48.346130371 7554.159667969 48.161685944 24.260164261
356.079803467 -28.056701660 -50.920501709 8076.745605469 49.802360535 22.926410675
331.982116699 -31.931991577 -53.101928711 8575.586914062 50.825824738 21.350032806
310.188354492 -35.499832153 -54.626190186 9051.153320312 51.517585754 20.642269135
290.537445068 -39.000274658 -55.563873291 9503.247070312 52.245578766 21.112524033
272.797882080 -42.435409546 -56.159545898 9935.334960938 53.829151154 22.263420105
256.258178711 -45.757369995 -56.902801514 10351.659179688 56.413909912 23.041805267
241.272338867 -48.919143677 -58.105545044 10751.325195312 58.781482697 22.570585251
227.508285522 -51.671035767 -59.990798950 11142.954101562 60.031902313 21.077436447
213.708084106 -54.312332153 -62.623367310 11546.230468750 59.376594543 20.673278809
199.890777588 -56.846954346 -65.469848633 11972.060546875 58.417430878 21.570486069
186.070007324 -59.458526611 -67.767059326 12423.264648438 58.873287201 21.806718826
172.246520996 -62.227691650 -69.758041382 12903.348632812 60.335842133 19.745965958
158.425521851 -64.955017090 -72.091476440 13416.913085938 61.151992798 16.966787338
144.607360840 -67.216598511 -75.482528687 13970.922851562 59.685165405 16.283197403
130.789260864 -68.102294922 -79.716003418 14576.342773438 55.851417542 16.133440018
116.971221924 -67.287002563 -83.889007568 15249.871093750 47.243412018 12.825462341
103.153175354 -66.127624512 -87.049560547 15997.019531250 29.564701080 8.414848328
90.315155029 -65.950027466 -88.656417847 16773.875000000 8.774413109 4.045172215
80.025138855 -66.801757812 -89.648010254 17510.289062500 -0.740965366 5.993655205
71.646125793 -65.448532104 -89.021026611 18203.339843750 1.270257115 16.605939865
63.855106354 -62.870986938 -88.841613770 18909.181640625 3.256297588 16.769155502
56.554092407 -61.384017944 -89.738632202 19657.250000000 -1.917702198 6.969290257
49.792079926 -61.181427002 -90.926086426 20447.480468750 -9.646238327 2.207033157
43.520065308 -59.758255005 -91.723068237 21288.507812500 -12.712244034 2.171266079
37.640052795 -57.302169800 -92.142944336 22200.539062500 -15.397668839 -0.263663352
32.152042389 -55.643630981 -92.378204346 23200.335937500 -15.568489075 -1.167845130
27.056024551 -53.589645386 -92.238525391 24308.089843750 -12.870349884 -0.774826765
22.303007126 -50.949707031 -91.471923828 25576.021484375 -7.083808422 -1.444068909
