971.560485840 23.977294922 19.376495361 0.000000000 -1.658589959 7.873183727
968.667724609 24.103485107 19.256286621 29.396331787 -0.165784851 16.994438171
963.382263184 24.154724121 19.085784912 80.767852783 1.258948922 21.448751450
954.258300781 24.076080322 18.716857910 165.542907715 4.720302105 28.319124222
940.829528809 23.762817383 18.139038086 288.833435059 9.830805779 34.717048645
923.610168457 22.602508545 17.767486572 449.518188477 13.601037979 37.559803009
903.085083008 20.831481934 17.230682373 641.768920898 16.855211258 39.381240845
880.729553223 19.741455078 15.134033203 858.892272949 24.264619827 37.067260742
856.550476074 19.008941650 14.086975098 1101.624023438 29.573347092 31.797788620
829.587036133 17.561676025 14.971954346 1376.938964844 31.262439728 24.593412399
799.829284668 15.560180664 14.120697021 1689.350585938 23.888366699 18.291801453
767.360473633 14.095977783 9.517761230 2041.472900391 15.123867035 14.351602554
732.244384766 12.809295654 2.249450684 2437.097900391 18.733413696 12.537197113
694.467956543 10.586334229 -6.396514893 2880.991943359 26.229309082 13.310804367
653.984558105 7.047088623 -12.968414307 3378.720703125 28.668361664 14.913116455
610.747619629 3.821441650 -29.572265625 3937.087890625 30.925704956 13.092823982
565.138977051 -0.873565674 -34.080612183 4549.414062500 37.268081665 7.610175133
520.805175781 -6.204864502 -31.463424683 5182.480468750 43.455326080 4.245130062
480.743591309 -11.411285400 -24.119750977 5801.168945312 49.788173676 5.527941227
444.742279053 -15.496307373 -24.760665894 6393.890625000 55.758876801 15.426573753
412.245239258 -19.737533569 -31.789260864 6962.584960938 58.955951691 19.433401108
382.718292236 -23.740036011 -37.954101562 7508.737304688 57.671627045 19.669723511
356.067810059 -27.573669434 -39.562744141 8031.970703125 54.856803894 17.550050735
331.980072021 -31.361968994 -38.129211426 8531.833984375 52.042602539 13.606258392
310.192779541 -34.771453857 -39.518981934 9008.693359375 48.948108673 8.456624985
290.537414551 -37.897521973 -42.387466431 9462.652343750 44.916942596 4.448706627
272.794189453 -41.055023193 -45.433105469 9897.146484375 41.787071228 2.867731094
256.252075195 -44.160812378 -48.539871216 10316.292968750 40.851535797 3.825890779
241.265014648 -46.847229004 -51.362548828 10719.283203125 41.156433105 5.431232452
227.500305176 -49.606048584 -54.023651123 11114.552734375 42.224975586 6.407811165
213.699493408 -52.612152100 -56.951385498 11521.380859375 43.498249054 6.155413628
199.881637573 -55.682678223 -59.942504883 11950.025390625 43.118740082 6.263615608
186.062927246 -59.016754150 -63.211456299 12402.884765625 40.028976440 10.449128151
172.244445801 -63.034622192 -67.290420532 12882.396484375 37.018489838 17.666105270
158.426147461 -66.405395508 -70.633605957 13393.143554688 39.732608795 22.100152969
144.607894897 -67.290985107 -71.693328857 13945.175781250 48.022472382 20.397983551
130.789718628 -66.772430420 -74.519866943 14552.537109375 51.660926819 14.657741547
116.971549988 -65.667800903 -75.710418701 15230.870117188 46.550476074 7.490468025
103.153381348 -65.465667725 -76.146270752 15982.042968750 35.531227112 4.938056469
90.315254211 -66.413284302 -80.232498169 16759.275390625 27.855775833 4.919555187
80.025184631 -66.432815552 -81.629425049 17495.384765625 21.385921478 3.419435263
71.646133423 -64.755767822 -82.491638184 18190.175781250 4.561999321 6.035176277
63.855098724 -63.141616821 -87.743530273 18896.724609375 -1.945713043 8.185046196
56.554080963 -63.214035034 -91.273345947 19641.031250000 -5.739974499 2.252229691
49.792068481 -63.312042236 -91.555328369 20423.875000000 -9.855260849 1.448612452
43.520053864 -61.193115234 -92.121871948 21257.933593750 -13.992170334 6.318954468
37.640045166 -58.360656738 -92.763946533 22164.843750000 -16.852727890 5.390910625
32.152030945 -56.312545776 -93.298233032 23160.783203125 -17.922842026 -1.571989894
27.056020737 -54.994232178 -93.651718140 24263.230468750 -17.865615845 -3.810697079
22.303007126 -53.421630859 -93.717376709 25519.808593750 -14.764204979 -2.001180410
