956.558349609 28.759552002 22.907989502 0.000000000 -4.642822742 10.902632713
953.709777832 28.515380859 22.446472168 30.036102295 -5.949241638 14.558794022
948.487487793 27.994781494 22.169311523 82.377258301 -6.679014206 16.833036423
939.479553223 27.135803223 21.748992920 168.490325928 -7.113955021 18.906152725
926.236083984 26.008422852 21.110809326 293.284637451 -6.847234726 20.724718094
909.278198242 24.528625488 20.432464600 455.422332764 -6.099058151 22.540588379
889.090881348 22.821655273 19.685729980 649.043823242 -4.970638752 23.945442200
867.132568359 21.233215332 17.937072754 867.244384766 -1.004615784 25.856170654
843.426391602 19.422241211 15.883483887 1109.914916992 2.791821957 26.641830444
817.068603516 17.473602295 13.341278076 1383.260742188 7.193174839 26.304046631
788.090637207 15.255950928 9.868225098 1691.586181641 11.070149422 26.227025986
756.520263672 12.913726807 3.949829102 2037.450439453 13.879219055 26.005712509
722.396972656 11.138885498 -5.171447754 2424.628173828 18.548555374 24.516984940
685.703735352 9.238922119 -20.089477539 2858.662597656 26.313945770 25.535243988
646.365417480 6.681182861 -31.077117920 3346.361083984 32.863609314 27.794586182
604.296997070 3.433380127 -33.778121948 3894.709472656 35.856189728 28.298555374
559.853271484 -1.164672852 -36.211227417 4496.571777344 38.140792847 28.840623856
516.603393555 -6.080352783 -37.808074951 5119.447753906 42.646831512 25.941539764
477.472900391 -10.775848389 -38.975997925 5729.065917969 47.430824280 25.072845459
442.254699707 -15.769561768 -42.954971313 6312.721191406 51.213352203 24.917215347
410.385162354 -20.709945679 -47.381500244 6871.658691406 53.562202454 24.991737366
381.343200684 -25.303985596 -50.330871582 7408.017089844 54.988586426 25.333703995
355.071716309 -29.382949829 -51.847015381 7921.729980469 56.075199127 26.039228439
331.280120850 -32.815414429 -53.118911743 8413.252929688 57.536262512 26.928730011
309.720581055 -36.058044434 -54.911224365 8883.217773438 59.120204926 27.541543961
290.235595703 -39.225616455 -57.372039795 9331.277343750 60.002471924 27.813295364
272.614990234 -42.350906372 -60.540847778 9760.632812500 59.104946136 27.944543839
256.158325195 -45.351699829 -64.126525879 10175.445312500 56.249877930 27.538162231
241.224975586 -48.209564209 -66.475158691 10574.723632812 52.094547272 26.365585327
227.487930298 -50.985733032 -66.326690674 10966.826171875 48.106708527 24.378850937
213.696929932 -53.887115479 -65.431549072 11370.836914062 46.177375793 23.518690109
199.880279541 -56.638336182 -65.903427124 11797.207031250 47.284297943 24.921909332
186.061950684 -59.161361694 -67.915939331 12248.824218750 50.435161591 27.862760544
172.243713379 -61.483230591 -70.638763428 12730.027343750 53.892604828 30.119104385
158.425506592 -63.389541626 -73.466278076 13246.466796875 55.658973694 29.475391388
144.607360840 -64.703445435 -76.423797607 13805.929687500 55.950523376 25.934228897
130.789260864 -65.664672852 -79.669677734 14418.507812500 54.028541565 21.787336349
116.971221924 -66.662124634 -83.306518555 15096.732421875 48.204761505 18.530300140
103.153175354 -67.307586670 -86.741302490 15842.699218750 36.795909882 15.368205070
90.315155029 -66.260635376 -89.205261230 16616.847656250 21.938339233 9.078706741
80.025138855 -65.255569458 -90.016052246 17355.365234375 8.501981735 5.952289581
71.646118164 -64.020858765 -89.096267700 18053.423828125 4.448261738 11.799446106
63.855102539 -62.450195312 -89.068191528 18762.347656250 0.407330573 7.660051346
56.554088593 -62.264282227 -89.946319580 19509.501953125 -5.841825485 6.024779320
49.792068481 -61.064407349 -91.095642090 20298.357421875 -8.499277115 5.637417793
43.520057678 -59.712814331 -91.871246338 21139.759765625 -12.612235069 2.074042082
37.640048981 -58.216522217 -92.199722290 22049.984375000 -14.885128021 -0.036375158
32.152034760 -55.921325684 -92.426681519 23047.060546875 -15.653860092 -0.941202998
27.056022644 -53.571945190 -92.644760132 24154.103515625 -14.355856895 0.106450446
22.303007126 -50.595092773 -92.763626099 25423.003906250 -9.879619598 0.064786412
