971.542968750 20.250854492 19.490356445 0.000000000 1.155047417 -12.421954155
968.656860352 19.696350098 19.298370361 28.954406738 0.184567496 -19.323226929
963.376159668 19.001281738 19.067230225 79.397918701 -0.683942676 -23.025676727
954.270141602 18.319702148 18.423065186 162.409179688 -3.529113054 -26.861671448
940.864074707 18.234832764 18.333129883 283.169006348 -6.736633778 -25.959737778
923.677246094 18.040740967 18.186157227 440.883605957 -9.430783272 -18.937164307
903.179870605 18.288391113 18.430023193 630.767333984 -8.201780319 -7.006205082
880.811584473 23.027313232 20.204223633 848.844360352 1.976901293 0.410682231
856.562683105 23.717681885 20.069305420 1096.214721680 11.436084747 7.485370159
829.535766602 19.983917236 18.853332520 1376.054565430 7.427724361 17.786966324
799.801513672 17.239166260 13.981658936 1691.016113281 3.356966019 25.526067734
767.346801758 13.723693848 13.921905518 2044.147338867 4.611825466 30.790897369
732.187866211 10.764556885 7.646881104 2438.984375000 9.890757561 31.531093597
694.379760742 7.499572754 4.481170654 2880.224609375 18.842620850 29.039964676
653.856018066 4.099884033 1.179046631 3374.756347656 26.685901642 27.072406769
610.482177734 0.540985107 0.772399902 3930.407226562 30.122797012 24.604238510
564.676635742 -3.214141846 -2.988403320 4540.938964844 33.921394348 22.988012314
520.265136719 -6.234375000 -7.749725342 5174.659667969 38.119266510 23.641338348
480.237915039 -9.974884033 -24.070159912 5795.944824219 40.525669098 27.272350311
444.344543457 -14.625762939 -51.067214966 6390.145507812 44.596179962 28.499584198
411.976379395 -19.664306641 -52.035202026 6958.113769531 48.958351135 27.520069122
382.531372070 -24.536117554 -49.635101318 7502.034667969 51.198944092 26.932949066
355.942199707 -28.994201660 -50.418991089 8021.776855469 51.503223419 27.057079315
331.904479980 -33.056991577 -51.019226074 8517.461914062 50.825824738 27.910507202
310.157745361 -36.687332153 -51.704071045 8989.903320312 49.573741913 29.025098801
290.534393311 -40.000274658 -52.863250732 9439.309570312 48.600872040 30.224294662
272.814544678 -43.060409546 -54.755050659 9869.366210938 48.969539642 30.889228821
256.288818359 -45.882369995 -57.700790405 10284.565429688 49.124492645 30.331222534
241.311889648 -48.544143677 -60.458679199 10684.168945312 47.604373932 28.766590118
227.552459717 -51.046035767 -61.153381348 11076.485351562 43.995185852 26.544498444
213.753753662 -53.937332153 -61.084655762 11480.542968750 42.367954254 25.532890320
199.936401367 -57.159454346 -62.776885986 11906.310546875 45.174991608 26.916057587
186.110992432 -60.271026611 -65.745010376 12356.358398438 50.611949921 28.974645615
172.278854370 -62.977691650 -68.639053345 12834.942382812 57.541564941 30.315620422
158.447631836 -65.205017090 -71.186538696 13347.694335938 64.675209045 30.695188522
144.619384766 -66.466598511 -73.496536255 13902.672851562 69.890350342 29.404146194
130.793304443 -66.164794922 -76.702087402 14512.342773438 69.944290161 26.217132568
116.971305847 -64.349502563 -81.324584961 15194.089843750 60.364360809 20.357860565
103.153259277 -62.127624512 -85.735137939 15953.988281250 36.611137390 10.601673126
90.315208435 -62.700027466 -81.428756714 16744.500000000 6.223117828 3.559211254
80.025146484 -64.551757812 -82.329742432 17490.789062500 0.716917932 12.675620079
71.646110535 -63.573532104 -86.755340576 18190.808593750 6.858809948 15.634016991
63.855087280 -60.808486938 -89.921081543 18903.337890625 3.742258787 6.442482948
56.554073334 -60.446517944 -90.771697998 19656.625000000 -9.693079948 2.838620901
49.792060852 -60.306427002 -91.931579590 20450.324218750 -9.160277367 3.664916515
43.520053864 -58.383255005 -92.622970581 21295.882812500 -13.198204994 0.105931379
37.640045166 -57.302169800 -92.901245117 22210.820312500 -17.463003159 -2.693468809
32.152030945 -56.268630981 -92.978637695 23209.117187500 -19.091707230 -1.896786809
27.056020737 -54.089645386 -92.996459961 24313.902343750 -16.029096603 0.318585724
22.303007126 -51.824707031 -93.169219971 25577.771484375 -11.457458496 -0.593636930
