966.886962891 25.000854492 21.409698486 0.000000000 2.369950294 -4.525086403
964.008911133 24.758850098 21.207580566 29.516906738 2.128412008 -3.893962145
958.744201660 24.376281738 21.297485352 81.116668701 1.138411522 -2.493820667
949.646179199 24.257202148 21.688812256 166.190429688 0.358575761 3.146426916
936.256103516 23.859832764 21.909515381 290.075256348 0.188312158 12.188209534
919.085205078 23.228240967 21.682800293 451.602355957 2.353774071 21.640588760
898.635864258 21.788391113 20.837554932 645.111083984 5.040659904 27.982994080
876.347595215 20.152313232 20.195983887 863.625610352 8.294395447 32.970077515
852.258605957 18.405181885 18.594818115 1107.152221680 13.501419067 34.213230133
825.431823730 16.733917236 16.907440186 1382.023315430 16.782476425 29.935993195
795.929443359 15.051666260 13.194580078 1692.797363281 18.664741516 25.161598206
763.762817383 12.536193848 9.933807373 2042.053588867 18.826187134 25.566814423
728.955871582 10.077056885 4.466918945 2433.109375000 20.338920593 26.914463043
691.519775391 8.312072754 -5.677246094 2871.162109375 24.309682846 25.516746521
651.427978516 5.537384033 -12.118530273 3363.006347656 32.395946503 24.035150528
608.590209961 2.915985107 -23.003448486 3916.000976562 36.926250458 23.389335632
563.392639160 -1.589141846 -33.310668945 4523.063964844 37.930576324 22.137580872
519.445129395 -6.109375000 -33.542739868 5151.753417969 39.212677002 20.847061157
479.717926025 -10.599884033 -40.044281006 5767.601074219 45.506771088 21.562307358
444.011749268 -15.125762939 -49.657623291 6357.676757812 53.707950592 21.696128845
411.741119385 -19.789306641 -52.859558105 6923.332519531 58.677570343 21.931516647
382.372161865 -24.223617554 -52.015655518 7466.284667969 59.946243286 22.316320419
355.839813232 -28.244201660 -51.829986572 7986.276855469 58.671150208 22.561939240
331.819305420 -31.806991577 -52.516296387 8483.618164062 55.806926727 22.321954727
310.077148438 -35.062332153 -54.128173828 8958.684570312 51.882057190 21.978662491
290.470397949 -38.187774658 -56.510986328 9411.153320312 47.507457733 22.205936432
272.759094238 -41.122909546 -59.692474365 9844.584960938 43.502475739 23.113851547
256.235107422 -44.069869995 -62.531814575 10263.252929688 39.405273438 23.163295746
241.254791260 -47.106643677 -62.564620972 10665.825195312 35.455348969 22.084625244
227.494338989 -50.233535767 -61.841156006 11060.235351562 33.547023773 20.955945969
213.697677612 -53.562332153 -62.585159302 11465.449218750 35.200027466 21.159240723
199.880554199 -56.784454346 -64.696136475 11891.966796875 39.586441040 23.028369904
186.062149048 -59.708526611 -67.298675537 12342.920898438 45.630847931 24.600996017
172.243865967 -62.352691650 -69.761962891 12822.504882812 51.710033417 24.727067947
158.425643921 -64.642517090 -72.014984131 13336.256835938 56.292385101 23.891733170
144.607467651 -66.341598511 -74.065673828 13891.766601562 59.563674927 22.114730835
130.789321899 -66.914794922 -76.846572876 14500.124023438 58.888675690 18.684736252
116.971221924 -67.037002563 -80.374710083 15175.871093750 52.831966400 15.619738579
103.153167725 -66.565124512 -85.243484497 15922.675781250 40.255844116 11.573595047
90.315139771 -65.262527466 -89.770278931 16700.000000000 22.016853333 5.624546051
80.025123596 -64.176757812 -90.820724487 17442.101562500 9.707198143 11.460717201
71.646110535 -62.323532104 -89.149902344 18144.777343750 7.709241867 13.933153152
63.855091095 -60.620986938 -89.285888672 18859.650390625 -0.631391287 7.171424389
56.554080963 -61.009017944 -90.463043213 19612.218750000 -6.412842274 4.296504498
49.792068481 -59.681427002 -91.797637939 20405.949218750 -9.524747849 3.421936035
43.520057678 -58.195755005 -92.554977417 21253.039062500 -15.142049789 -2.566854715
37.640045166 -57.552169800 -92.769805908 22167.820312500 -17.705984116 -2.450488329
32.152034760 -55.893630981 -92.793518066 23166.554687500 -17.512332916 -0.681883991
27.056020737 -54.527145386 -92.901885986 24271.183593750 -14.328233719 0.561566293
22.303007126 -52.012207031 -93.027008057 25533.302734375 -9.756594658 1.714678407
