950.262329102 27.494995117 19.838653564 0.000000000 -7.672076702 7.855350494
947.439636230 27.938964844 19.594085693 29.786926270 -12.245566368 14.231091499
942.262268066 28.073974609 19.571350098 81.852539062 -13.770163536 17.128828049
933.347106934 28.127624512 19.452270508 167.706115723 -14.482487679 21.823417664
920.243286133 27.534179688 19.480163574 292.479553223 -11.963747978 25.060907364
903.446228027 26.297088623 19.292327881 454.830627441 -7.934730053 27.268331528
883.458129883 24.613555908 18.856445312 648.867248535 -4.709350109 28.199447632
861.710083008 22.509735107 18.514373779 867.477111816 -2.692021132 27.403175354
838.216186523 20.035858154 18.206878662 1110.534667969 -1.034739852 27.105823517
812.063903809 17.488006592 17.195129395 1384.074218750 1.132186413 25.650243759
783.307373047 14.702789307 14.968902588 1692.290283203 4.968365669 22.997989655
751.981384277 11.778076172 11.893035889 2037.412353516 8.020990372 21.497692108
718.133972168 9.451232910 3.278228760 2422.476562500 14.805181503 19.074903488
681.832275391 8.407867432 -16.702606201 2852.935302734 19.883369446 13.893300056
642.978149414 6.513336182 -28.622817993 3336.732666016 21.160545349 16.257400513
601.421508789 3.502685547 -31.133407593 3881.137695312 26.559358597 19.341508865
557.509094238 -0.909454346 -37.720657349 4478.814941406 37.490131378 21.828207016
514.751464844 -5.684417725 -39.826324463 5097.745117188 47.326366425 26.940721512
476.032592773 -10.568542480 -39.077133179 5703.613281250 51.585372925 31.039936066
441.153015137 -15.041168213 -41.557159424 6284.299316406 50.254703522 32.367298126
409.555206299 -19.073608398 -46.055847168 6842.334472656 47.071159363 32.389179230
380.732391357 -23.207015991 -50.007797241 7379.586425781 45.685985565 32.676700592
354.633636475 -27.462966919 -52.149078369 7894.822753906 45.856426239 33.235923767
330.976135254 -31.732696533 -53.332992554 8387.094726562 46.646793365 33.979343414
309.518371582 -35.847900391 -54.206420898 8856.395507812 47.810642242 34.902427673
290.108215332 -39.736633301 -54.805984497 9302.658203125 49.330493927 35.787933350
272.540618896 -43.255020142 -55.078704834 9729.542968750 51.755790710 36.189952850
256.120605469 -46.494323730 -55.445983887 10141.677734375 55.439571381 35.667140961
241.209915161 -49.478897095 -56.455871582 10538.305664062 60.102214813 34.368934631
227.484222412 -52.019149780 -58.638153076 10928.109375000 64.449935913 31.949361801
213.696914673 -54.261413574 -61.935317993 11330.740234375 65.813941956 27.939056396
199.880386353 -56.254287720 -65.179916382 11757.098632812 64.639312744 23.831878662
186.062026978 -58.431945801 -67.691085815 12209.978515625 64.371459961 20.607980728
172.243728638 -60.510391235 -70.179733276 12693.101562500 64.955726624 17.957574844
158.425552368 -62.619567871 -73.238220215 13211.653320312 62.224487305 14.924240112
144.607406616 -64.556182861 -76.352264404 13772.390625000 55.790634155 11.366036415
130.789291382 -66.165252686 -79.232696533 14384.437500000 49.345447540 9.862052917
116.971229553 -67.247512817 -82.008422852 15060.884765625 43.444534302 9.251568794
103.153182983 -68.078582764 -84.827850342 15804.333007812 32.409538269 10.790760040
90.315155029 -67.914016724 -87.830490112 16573.849609375 19.977016449 13.365139008
80.025138855 -64.433563232 -88.919616699 17310.607421875 3.617316723 13.411776543
71.646125793 -64.622268677 -89.012832642 18009.052734375 -5.459109783 20.105575562
63.855106354 -62.260040283 -88.904174805 18717.349609375 2.039459467 13.999186516
56.554092407 -61.814926147 -89.657897949 19465.580078125 -2.053831816 5.972132683
49.792079926 -60.888412476 -90.591201782 20255.615234375 -6.885396957 2.312067270
43.520065308 -59.500289917 -91.349822998 21097.869140625 -13.074021339 -0.830325663
37.640048981 -58.011077881 -91.834365845 22009.062500000 -17.405035019 -2.662182331
32.152034760 -56.102416992 -92.136520386 23006.333984375 -18.053571701 -2.538992167
27.056022644 -54.057296753 -92.205657959 24111.779296875 -14.836236000 -2.722452879
22.303007126 -51.793121338 -92.452239990 25375.888671875 -10.488669395 -4.449728966
