964.518920898 28.875854492 21.384368896 0.000000000 -5.040956497 9.081824303
961.640869141 29.133850098 21.085052490 29.985656738 -6.375907421 14.937030792
956.384216309 28.938781738 20.980102539 82.366668701 -7.365908146 19.009958267
947.310180664 28.507202148 20.846069336 168.690429688 -7.902762890 24.164245605
933.960083008 27.609832764 20.512054443 294.044006348 -7.587065697 29.196847916
916.845214844 26.290740967 20.110534668 457.133605957 -6.272035599 33.668125153
896.459838867 24.475891113 19.849121094 652.236083984 -4.314091206 35.758373260
874.251586914 22.652313232 19.149017334 872.375610352 -0.209923685 32.605606079
850.234619141 20.280181885 17.888916016 1117.339721680 1.959842682 26.802324295
823.503845215 18.108917236 16.088867188 1393.367065430 4.754938602 22.889556885
794.081481934 15.551666260 13.795989990 1705.016235352 8.338067055 21.395399094
761.986816406 12.598693848 11.337371826 2054.709960938 11.901242256 21.922105789
727.267883301 10.702056885 3.119995117 2445.953125000 17.666135788 20.232498169
690.011779785 10.437072754 -23.757522583 2884.755859375 24.674152374 16.283485413
650.140014648 8.537384033 -48.919174194 3378.975097656 25.956960678 19.418519974
607.502197266 5.415985107 0.000000000 3935.313476562 27.085538864 23.389335632
562.476623535 -0.089141846 -40.269958496 4545.251464844 31.613080978 26.389739990
518.679138184 -5.046875000 -40.522262573 5175.597167969 38.119266510 28.257968903
479.092346191 -10.224884033 -42.865737915 5791.851074219 43.076965332 29.702156067
443.499755859 -15.125762939 -44.416900635 6381.239257812 44.353199005 31.415351868
411.323547363 -19.601806641 -46.893493652 6946.082519531 44.341720581 33.108623505
382.035339355 -23.848617554 -49.976791382 7488.722167969 45.488899231 33.371932983
355.569427490 -27.931701660 -52.224304199 8008.495605469 47.494045258 32.281162262
331.627685547 -31.806991577 -53.526321411 8504.993164062 49.003471375 30.340312958
309.953948975 -35.437332153 -54.334930420 8978.622070312 50.181194305 28.539136887
290.384643555 -38.875274658 -54.949569702 9429.247070312 51.516639709 27.551509857
272.703247070 -42.247909546 -55.751342773 9860.334960938 52.614246368 27.001541138
256.204071045 -45.507369995 -57.122100830 10276.127929688 53.498146057 27.050985336
241.243835449 -48.356643677 -59.160003662 10675.918945312 53.921871185 27.187215805
227.492935181 -50.921035767 -61.691986084 11068.360351562 53.592918396 26.423007965
213.697265625 -53.374832153 -64.343078613 11473.074218750 53.059097290 25.168418884
199.880310059 -55.971954346 -66.509490967 11900.623046875 53.557823181 23.635820389
186.061996460 -58.646026611 -68.504959106 12353.514648438 54.864109039 20.713306427
172.243743896 -61.415191650 -70.617279053 12835.348632812 55.840702057 16.951690674
158.425552368 -63.892517090 -72.876617432 13351.163085938 55.320461273 14.294001579
144.607406616 -65.966598511 -75.863342285 13908.141601562 52.760219574 13.731901169
130.789291382 -67.414794922 -79.330993652 14516.280273438 49.047962189 13.946615219
116.971229553 -67.974502563 -82.739257812 15189.589843750 43.963172913 11.853540421
103.153182983 -68.252624512 -86.044281006 15931.519531250 33.209407806 9.994221687
90.315155029 -67.637527466 -88.183670044 16701.343750000 17.886184692 7.568390369
80.025146484 -65.551757812 -89.389739990 17436.789062500 6.183980465 10.245814323
71.646133423 -63.886032104 -88.833496094 18134.496093750 5.157946110 16.362958908
63.855117798 -61.870986938 -88.817916870 18844.556640625 0.583511472 13.610408783
56.554096222 -60.821517944 -89.675109863 19595.312500000 -3.618566036 8.305683136
49.792079926 -60.806427002 -90.728027344 20387.324218750 -8.917296410 4.879819393
43.520069122 -60.133255005 -91.496093750 21228.382812500 -11.983302116 2.414246559
37.640052795 -57.989669800 -91.919403076 22138.195312500 -14.182765961 0.465278327
32.152042389 -55.831130981 -92.258270264 23135.992187500 -15.932959557 -1.046354890
27.056024551 -53.964645386 -92.175277710 24242.277343750 -14.085252762 -1.017807364
22.303007126 -51.449707031 -91.941696167 25507.583984375 -7.448279381 -1.565559149
