963.636230469 27.688385010 21.237396240 0.000000000 -3.603618860 11.763916969
960.765136719 27.007110596 20.992401123 29.778533936 -4.483602047 15.136839867
955.514038086 26.350463867 20.903656006 81.700134277 -5.079241276 17.232976913
946.455810547 25.252288818 20.660614014 167.058197021 -5.286936760 19.211296082
933.133056641 23.929199219 20.232849121 290.805206299 -4.933621883 21.101684570
916.058654785 22.264007568 19.925384521 451.584564209 -3.375418663 23.534440994
895.716979980 20.539886475 19.684020996 643.804931641 0.446682900 27.679065704
873.550170898 18.941406250 19.078338623 860.747436523 5.847549915 31.251634598
849.598388672 17.230957031 17.427764893 1102.512329102 9.800329208 32.261211395
822.934814453 15.422210693 15.621765137 1375.237915039 13.437437057 31.875270844
793.605773926 14.135131836 12.628875732 1683.875854492 18.876403809 30.049730301
761.614074707 12.178680420 9.533508301 2031.393432617 19.346332550 29.803091049
726.999450684 10.615814209 3.955200195 2421.416015625 17.844350815 33.480693817
689.768310547 9.762023926 -4.992858887 2859.819580078 22.945604324 39.272281647
649.880676270 6.895843506 -10.093444824 3352.928955078 29.297735214 41.874122620
607.240722656 2.101531982 -15.397552490 3905.166259766 33.572566986 38.876838684
562.242797852 -3.222625732 -21.226470947 4508.442871094 37.190299988 35.980106354
518.487060547 -7.947357178 -27.230484009 5131.742675781 40.835666656 34.399276733
478.935668945 -11.749359131 -32.274032593 5742.685058594 44.688972473 34.391700745
443.361999512 -15.627563477 -37.025222778 6329.783691406 47.407451630 35.955146790
411.196594238 -19.978454590 -42.292480469 6893.648925781 49.484897614 37.335079193
381.921508789 -24.386779785 -46.041732788 7435.200195312 51.641433716 37.421794891
355.476318359 -28.335906982 -50.031036377 7953.717285156 52.052341461 36.490921021
331.562255859 -31.700851440 -56.879653931 8449.466796875 46.759407043 35.221984863
309.910339355 -34.836425781 -59.234924316 8923.300781250 37.143241882 34.460971832
290.356781006 -38.189071655 -57.340866089 9374.818359375 30.098474503 33.684989929
272.686859131 -41.661819458 -57.971679688 9806.857421875 29.346122742 32.962841034
256.195678711 -45.049133301 -60.077880859 10223.412109375 32.628154755 32.139919281
241.240570068 -48.094467163 -62.371383667 10623.732421875 36.942943573 31.783069611
227.492340088 -50.941513062 -63.732635498 11016.324218750 41.128063202 31.826833725
213.697540283 -54.019577026 -63.969116211 11420.442382812 44.595020294 31.695051193
199.880584717 -57.546173096 -64.266113281 11845.795898438 47.785980225 29.584854126
186.062164307 -61.204406738 -66.258407593 12294.353515625 51.066284180 26.121700287
172.243835449 -64.092544556 -69.104675293 12770.236328125 52.606937408 25.912881851
158.425598145 -65.353027344 -71.478302002 13281.060546875 52.834888458 29.538524628
144.607406616 -65.678237915 -74.134948730 13836.614257812 53.229351044 32.718078613
130.789260864 -66.259399414 -77.389068604 14446.953125000 52.673152924 33.411693573
116.971191406 -67.066513062 -82.402587891 15123.583984375 51.304294586 29.495546341
103.153152466 -66.710723877 -87.496398926 15869.906250000 48.050567627 18.249528885
90.315139771 -64.030929565 -90.996063232 16649.189453125 33.546478271 6.175953388
80.025123596 -61.136856079 -89.983764648 17398.710937500 7.984637737 4.849772930
71.646110535 -62.378540039 -89.062988281 18106.414062500 -2.459449530 14.648798943
63.855091095 -61.605773926 -89.410583496 18819.541015625 -3.822197914 16.480085373
56.554080963 -60.768005371 -90.632507324 19570.822265625 -3.613603592 9.132330894
49.792068481 -60.428863525 -91.726974487 20363.554687500 -8.918963432 4.819635868
43.520057678 -59.081481934 -92.243499756 21207.335937500 -13.485757828 3.861453056
37.640045166 -57.626754761 -92.508026123 22120.130859375 -15.051480293 3.273789883
32.152034760 -56.445510864 -92.583938599 23117.470703125 -14.273013115 2.018111229
27.056020737 -54.978897095 -92.761108398 24219.640625000 -13.150666237 1.701928020
22.303007126 -53.157257080 -92.751831055 25476.902343750 -12.312139511 2.773412943
