975.014892578 20.813354492 18.644866943 0.000000000 3.220382214 -6.833401680
972.120849609 20.571350098 18.402648926 28.985656738 5.651629925 -11.061888695
966.824218750 20.251281738 18.309539795 79.616668701 7.212925434 -14.521358490
957.678222656 19.632202148 18.216735840 163.002929688 8.862895012 -18.114372253
944.216064453 19.047332764 17.917694092 284.262756348 10.272005081 -20.128204346
926.941223145 18.728240967 18.799987793 442.633605957 13.287899017 -13.348610878
906.339843750 18.288391113 18.420959473 633.017333984 13.423489571 -3.847457886
883.867553711 17.777313232 17.979827881 849.000610352 15.948283195 4.541351795
859.546630859 17.405181885 17.269836426 1091.152221680 19.089971542 12.952432632
832.431823730 17.358917236 15.865875244 1366.335815430 22.371028900 20.945713043
802.569458008 15.989166260 13.199890137 1679.109863281 24.982234955 22.731792450
769.954772949 13.473693848 11.795806885 2031.678588867 26.966035843 21.436145782
734.587890625 10.264556885 9.797790527 2427.171875000 27.871318817 20.839950562
696.467834473 7.374572754 6.909301758 2870.380859375 26.010545731 22.357999802
655.592041016 4.162384033 3.958435059 3367.881347656 26.442922592 25.371543884
611.934204102 1.103485107 -0.384246826 3926.407226562 30.608757019 27.762987137
565.952636719 -2.776641846 -8.279632568 4538.938964844 36.715671539 28.455074310
521.369140625 -7.046875000 -19.391296387 5172.409667969 42.857387543 29.715850830
481.175506592 -11.162384033 -30.470504761 5792.101074219 46.721672058 32.496433258
445.102966309 -15.063262939 -35.384887695 6386.208007812 47.876415253 34.938568115
412.541137695 -18.914306641 -37.224349976 6956.926269531 45.556621552 36.024387360
382.938568115 -22.598617554 -36.801818848 7506.097167969 38.928424835 36.166210175
356.222198486 -26.369201660 -34.824554443 8032.776855469 33.036701202 36.533321381
332.082885742 -30.056991577 -35.278839111 8536.086914062 31.144399643 37.508239746
310.258148193 -33.562332153 -37.402709961 9016.122070312 30.985731125 39.230281830
290.577453613 -37.000274658 -40.591766357 9472.622070312 31.349252701 40.915439606
272.817016602 -40.435409546 -44.080871582 9908.928710938 31.110467911 42.430805206
256.263214111 -43.882369995 -47.708511353 10329.127929688 30.900953293 43.452171326
241.268646240 -47.294143677 -51.258636475 10732.106445312 32.175109863 42.859462738
227.500076294 -50.608535767 -54.661010742 11126.235351562 34.397453308 40.880352020
213.698226929 -53.999832153 -59.926452637 11530.824218750 36.171951294 38.410858154
199.880661011 -57.534454346 -63.446746826 11956.216796875 37.521106720 36.149318695
186.062225342 -61.146026611 -67.037765503 12404.764648438 40.406764984 35.292140961
172.243957520 -64.227691650 -70.058914185 12880.536132812 45.878501892 36.025665283
158.425720215 -66.142517090 -70.388473511 13390.194335938 52.526184082 36.040760040
144.607482910 -67.091598511 -72.399414062 13942.766601562 58.591751099 33.899288177
130.789291382 -67.352294922 -75.754013062 14549.405273438 63.383815765 28.768428802
116.971191406 -66.537002563 -80.148696899 15225.277343750 60.121379852 19.264448166
103.153144836 -64.440124512 -86.526672363 15976.925781250 40.984786987 10.723163605
90.315124512 -62.387527466 -91.558258057 16763.687500000 19.708538055 13.035452843
80.025115967 -61.551757812 -89.808471680 17515.632812500 13.473397255 13.769032478
71.646095276 -61.198532104 -89.258331299 18224.589843750 8.073712349 5.185853004
63.855083466 -61.308486938 -89.418548584 18940.212890625 0.826492012 5.349070549
56.554073334 -60.009017944 -90.824859619 19693.468750000 -4.104526997 4.296504498
49.792060852 -58.806427002 -92.269927979 20490.699218750 -11.590083122 0.141698495
43.520050049 -58.695755005 -92.832061768 21338.445312500 -19.272718430 -1.230461717
37.640041351 -58.427169800 -93.061279297 22250.195312500 -20.864730835 0.465278327
32.152030945 -56.831130981 -93.326477051 23244.648437500 -17.512332916 1.261960387
27.056020737 -54.027145386 -93.391967773 24348.339843750 -14.085252762 -0.410355955
22.303007126 -51.199707031 -93.294219971 25614.271484375 -10.728516579 -4.602816105
