981.278259277 22.557495117 20.324218750 0.000000000 -6.092703342 4.696603298
978.359619141 22.501464844 20.481628418 29.255706787 -9.329799652 8.156577110
973.014221191 22.261474609 20.961517334 80.477584839 -12.069299698 11.540274620
963.771118164 23.252624512 21.440246582 165.206100464 -14.603978157 20.730005264
950.163269043 24.284179688 21.697113037 289.198364258 -12.206728935 32.107341766
932.686279297 23.984588623 21.718231201 451.549377441 -6.962807655 40.024810791
911.842102051 22.863555908 21.039672852 646.523437500 -1.672093034 45.451068878
889.110107422 20.947235107 19.962158203 866.883361816 1.074177504 50.607818604
864.512207031 19.223358154 18.735351562 1112.722290039 6.619147778 53.469215393
837.079895020 17.863006592 17.193847656 1390.855590820 11.823330879 49.948299408
806.859375000 16.515289307 14.360321045 1706.227905273 15.295039177 43.529846191
773.909362793 15.153076172 8.175659180 2061.693603516 21.384922028 40.207195282
738.270019531 14.138732910 -1.487640381 2461.195312500 28.412092209 37.055465698
699.932250977 12.345367432 -10.421173096 2910.341552734 32.639850616 31.630880356
658.826110840 9.388336182 -17.525939941 3415.420166016 36.589809418 25.733640671
614.901550293 5.440185547 -23.256835938 3982.575195312 40.166271210 24.687082291
568.565063477 0.403045654 -22.025299072 4604.033691406 42.592723846 23.893543243
523.559509277 -4.746917725 -21.444900513 5246.588867188 43.924636841 20.987697601
482.944580078 -10.006042480 -20.565216064 5874.425781250 46.847251892 17.433023453
446.495391846 -14.603668213 -20.398315430 6474.986816406 49.647254944 12.564381599
413.603210449 -18.886108398 -22.745452881 7050.709472656 50.472888947 7.240691662
383.727630615 -23.144515991 -26.804458618 7603.367675781 50.424106598 4.247977734
356.799255371 -26.962966919 -30.492706299 8132.197753906 51.809448242 4.078258991
332.498504639 -30.482696533 -34.035583496 8637.157226562 55.272602081 5.915087700
310.551361084 -33.847900391 -37.622283936 9118.676757812 58.258808136 10.118411064
290.779418945 -37.111633301 -40.994125366 9576.533203125 57.956306458 14.891605377
272.953247070 -40.317520142 -43.997528076 10014.167968750 52.970695496 17.480451584
256.352447510 -43.869323730 -47.665435791 10435.552734375 47.542701721 15.378263474
241.327072144 -46.916397095 -51.941848755 10839.649414062 42.243141174 13.594098091
227.540374756 -49.831649780 -56.771026611 11235.296875000 36.507167816 13.482840538
213.727905273 -53.323913574 -58.767349243 11641.521484375 34.226467133 13.360222816
199.903244019 -56.879287720 -61.087112427 12068.411132812 37.061023712 14.598616600
186.078384399 -60.306945801 -64.532058716 12518.759765625 42.989166260 16.720293045
172.254272461 -63.385391235 -67.657928467 12996.601562500 49.647953033 17.714593887
158.432571411 -65.807067871 -70.084197998 13507.715820312 56.271465302 16.017652512
144.612716675 -67.368682861 -71.589874268 14060.421875000 62.229621887 11.366036415
130.792480469 -68.352752686 -72.563186646 14665.312500000 63.316825867 7.432247639
116.972473145 -68.060012817 -72.283966064 15337.134765625 55.229091644 5.728351116
103.153427124 -66.578582764 -73.029052734 16082.145507812 38.119579315 5.809658527
90.315216064 -65.101516724 -81.264160156 16859.787109375 18.276151657 13.122159004
80.025169373 -62.683563232 -84.378417969 17604.701171875 8.233946800 19.121820450
71.646125793 -60.309768677 -82.729431152 18313.177734375 4.503093243 4.433329105
63.855087280 -61.510040283 -88.621276855 19029.880859375 -5.128467083 -2.402000427
56.554073334 -61.377426147 -93.406341553 19780.236328125 -9.343248367 3.906797886
49.792060852 -60.263412476 -92.111083984 20572.146484375 -10.165634155 5.592304707
43.520053864 -59.062789917 -92.663345337 21416.337890625 -12.709549904 3.786304951
37.640045166 -57.573577881 -92.881362915 22329.218750000 -14.367778778 2.926370382
32.152030945 -55.789916992 -92.786483765 23328.083984375 -13.436940193 2.077638388
27.056020737 -53.494796753 -92.866394043 24435.841796875 -11.434508324 0.071823418
22.303007126 -51.293121338 -93.100311279 25703.013671875 -9.759727478 -4.935689926
