972.590942383 22.313354492 20.271423340 0.000000000 6.986580849 11.025669098
969.696899414 22.133850098 20.269500732 29.235656738 10.754221916 15.422991753
964.400146484 21.876281738 20.523010254 80.335418701 13.894890785 16.458662033
955.254211426 21.757202148 20.739868164 164.627929688 19.432548523 18.089731216
941.792053223 22.109832764 20.370208740 287.450256348 23.757425308 19.720605850
924.525207520 22.665740967 19.922332764 448.196105957 24.950965881 22.248041153
903.947875977 22.225891113 19.500030518 641.548583984 26.422948837 27.254053116
881.515563965 20.902313232 18.853546143 860.500610352 26.031976700 32.970077515
857.242675781 19.530181885 18.001068115 1105.089721680 26.986839294 37.736450195
830.183837891 17.733917236 16.888153076 1381.742065430 27.595109940 43.056941986
800.377502441 15.614166260 14.928222656 1694.984863281 26.561609268 44.843021393
767.834777832 13.286193848 13.041076660 2047.678588867 27.694978714 41.117568970
732.571899414 11.139556885 9.401641846 2443.609375000 30.787084579 35.904743195
694.631774902 9.124572754 2.336730957 2887.568359375 33.178474426 33.656597137
654.048034668 6.662384033 -9.775177002 3385.506347656 37.741516113 35.455234528
610.758178711 3.415985107 -24.153503418 3943.969726562 43.486728668 38.089660645
565.112609863 -1.151641846 -29.222503662 4556.063964844 47.649795532 36.716415405
520.765136719 -5.546875000 -36.292510986 5189.815917969 51.483196259 36.276325226
480.719543457 -10.287384033 -36.602508545 5810.288574219 52.674697876 36.019649506
444.749328613 -14.750762939 -36.078063965 6404.489257812 51.521125793 36.274963379
412.264343262 -18.726806641 -38.438354492 6974.738769531 47.135993958 34.445014954
382.728149414 -22.411117554 -42.961547852 7523.378417969 40.872268677 31.428091049
356.068603516 -26.119201660 -48.910598755 8049.558105469 35.345016479 29.122415543
331.978088379 -29.806991577 -51.521408081 8552.493164062 32.359302521 27.546037674
310.191345215 -33.374832153 -49.021331787 9032.247070312 31.228710175 26.473802567
290.536956787 -36.812774658 -45.866806030 9488.559570312 30.377330780 25.486175537
272.793914795 -40.185409546 -46.834533691 9924.834960938 29.288114548 23.599813461
256.251678467 -43.569869995 -50.613891602 10345.252929688 28.835617065 19.761568069
241.264495850 -46.731643677 -53.425262451 10748.793945312 29.866794586 14.066266060
227.499649048 -49.921035767 -56.147415161 11143.922851562 31.724668503 9.900330544
213.699005127 -53.312332153 -58.993011475 11549.730468750 32.770221710 8.159780502
199.881393433 -56.784454346 -61.528244019 11976.529296875 33.754905701 9.056987762
186.062805176 -60.271026611 -64.517791748 12426.827148438 35.911624908 10.872593880
172.244415283 -63.727691650 -67.952880859 12904.161132812 40.046966553 14.035923958
158.426132202 -66.517517090 -70.737121582 13414.006835938 46.087200165 19.275102615
144.607910156 -68.091598511 -72.331085205 13964.766601562 52.881710052 25.273477554
130.789703369 -68.414794922 -72.614242554 14568.467773438 59.617614746 26.946075439
116.971481323 -67.662002563 -73.975830078 15240.839843750 58.906478882 21.694252014
103.153358459 -65.565124512 -83.219665527 15988.425781250 39.526905060 16.554697037
90.315277100 -65.325027466 -79.469451904 16767.593750000 18.615125656 16.315690994
80.025192261 -62.364257812 -79.810668945 17512.726562500 15.174261093 11.703698158
71.646125793 -60.886032104 -81.653808594 18220.871093750 6.858809948 4.335421085
63.855087280 -61.745986938 -89.270263672 18936.181640625 -1.724803805 3.526716232
56.554073334 -61.696517944 -91.589080811 19685.625000000 -6.291352272 5.389916897
49.792060852 -60.056427002 -91.925338745 20477.480468750 -10.739650726 1.964052677
43.520053864 -58.820755005 -92.619720459 21322.570312500 -14.656087875 -2.080893517
37.640045166 -57.614669800 -92.769790649 22235.882812500 -15.762140274 -2.814959049
32.152030945 -55.581130981 -92.774810791 23235.273437500 -15.811469078 -1.653806210
27.056020737 -53.214645386 -92.880828857 24344.183593750 -15.057175636 0.075605154
22.303007126 -51.449707031 -93.155761719 25611.552734375 -10.971497536 -1.322578549
