968.836242676 27.813385010 21.649597168 0.000000000 -0.444871753 12.492858887
965.949218750 27.757110596 21.315155029 29.872283936 -0.717403650 17.323665619
960.666076660 27.412963867 21.025756836 82.012634277 -0.827081561 20.999176025
951.551818848 26.627288818 20.427215576 167.776977539 -0.791796446 24.678358078
938.157043457 25.491699219 19.551147461 292.148956299 -0.316991448 27.662158966
920.970703125 23.889007568 18.997802734 453.834564209 0.633760452 29.973424911
900.500915527 21.914886475 19.165100098 647.211181641 2.269037008 31.566753387
878.174194336 19.753906250 19.092437744 865.372436523 4.754137516 32.709518433
854.022338867 17.668457031 17.534240723 1108.356079102 7.006052971 33.233135223
827.126770020 16.109710693 16.332214355 1382.706665039 11.979554176 33.211662292
797.501708984 13.947631836 13.747192383 1693.063476562 18.025972366 32.115066528
765.222045898 12.803680420 8.369537354 2042.362182617 21.290178299 31.139484406
730.303466797 11.428314209 0.880279541 2434.791015625 19.666706085 32.387279510
692.736267090 10.074523926 -5.644317627 2875.944580078 21.730701447 37.449928284
652.448669434 7.333343506 -8.671356201 3372.522705078 23.830673218 41.752632141
609.384704590 2.851531982 -13.219970703 3929.447509766 27.984014511 41.428131104
563.958801270 -2.785125732 -19.061950684 4537.786621094 36.096885681 37.923950195
519.825012207 -7.759857178 -25.835830688 5165.492675781 40.471195221 36.100143433
479.969268799 -11.124359131 -32.728622437 5780.560058594 43.717048645 34.999149323
444.166809082 -15.065063477 -38.102691650 6371.533691406 45.585094452 35.347694397
411.823791504 -19.603454590 -43.238418579 6938.680175781 48.269996643 34.662292480
382.400756836 -24.136779785 -48.005523682 7482.887695312 52.977828979 33.169631958
355.830749512 -28.273406982 -51.642303467 8003.623535156 56.790462494 31.631311417
331.809051514 -31.825851440 -55.506469727 8501.091796875 55.142238617 30.726844788
310.074737549 -35.148925781 -59.136825562 8976.113281250 48.320346832 30.694772720
290.460937500 -38.439071655 -61.056442261 9428.349609375 40.303657532 31.255182266
272.748077393 -41.661819458 -61.964035034 9861.107421875 34.084243774 30.533033371
256.227081299 -44.986633301 -62.741302490 10278.412109375 30.198348999 28.981170654
241.253189087 -48.156967163 -63.779968262 10679.201171875 29.167566299 28.745813370
227.495346069 -51.129013062 -64.980651855 11071.824218750 31.408840179 29.518518448
213.697402954 -54.144577026 -66.432617188 11475.692382812 37.548583984 30.237167358
199.880371094 -57.171173096 -67.232574463 11901.327148438 43.898292542 30.435287476
186.062057495 -60.641906738 -67.368194580 12350.822265625 46.935615540 29.644918442
172.243728638 -63.717544556 -68.910140991 12827.736328125 49.083717346 29.436100006
158.425491333 -65.290527344 -71.972274780 13339.060546875 51.498497009 31.846839905
144.607345581 -65.928237915 -76.149490356 13894.364257812 52.743389130 33.811492920
130.789245605 -66.384399414 -79.905151367 14504.234375000 52.187191010 31.710830688
116.971191406 -67.191513062 -83.830261230 15180.490234375 49.481937408 25.364877701
103.153152466 -67.460723877 -87.716674805 15925.343750000 44.770332336 14.726309776
90.315139771 -65.843429565 -90.430160522 16699.970703125 33.910945892 5.204031467
80.025123596 -62.011856079 -89.648498535 17444.710937500 11.143384933 7.036598206
71.646110535 -62.191040039 -88.928192139 18151.195312500 0.213336527 13.555386543
63.855098724 -62.730773926 -89.198638916 18862.666015625 -4.065178394 16.237104416
56.554080963 -61.893005371 -90.454528809 19610.072265625 -4.342545033 10.347233772
49.792068481 -60.803863525 -91.684402466 20400.179687500 -8.433002472 5.062616348
43.520057678 -59.456481934 -92.029052734 21242.585937500 -13.728738785 3.982943296
37.640048981 -57.814254761 -92.147644043 22154.130859375 -15.294461250 4.610183239
32.152034760 -56.320510864 -92.296905518 23151.158203125 -14.515993118 3.718975067
27.056022644 -54.666397095 -92.365447998 24254.390625000 -13.393647194 2.795340538
22.303007126 -52.907257080 -92.444549561 25513.308593750 -10.611275673 1.558510065
