979.369689941 24.010009766 20.759765625 0.000000000 5.570385456 2.610778570
976.461120605 24.307128906 20.763305664 29.409149170 8.368555069 5.333655834
971.135620117 24.628723145 20.940216064 80.855957031 10.113968849 10.104556084
961.938964844 24.568267822 20.986114502 165.835968018 11.671846390 16.192747116
948.404235840 23.860076904 20.801269531 289.441131592 12.769236565 22.722967148
931.033264160 22.453918457 20.514923096 450.524261475 12.465240479 27.994325638
910.287963867 22.851867676 20.177337646 644.260253906 9.207393646 32.998104095
887.656250000 21.911804199 19.896820068 864.253051758 5.837331772 37.473011017
863.193298340 20.338287354 18.946868896 1110.014282227 3.634764671 42.455375671
835.914550781 18.550689697 18.150756836 1387.975830078 2.288216352 46.701686859
805.842163086 16.227539062 16.445068359 1702.842773438 4.901840687 49.335201263
772.987121582 13.403289795 13.642181396 2057.155761719 11.839777946 47.879486084
737.349304199 10.145812988 10.403106689 2454.308593750 20.168369293 43.011611938
698.923828125 7.255401611 7.481658936 2899.469970703 29.987922668 34.048469543
657.692016602 4.782867432 5.021850586 3400.028320312 39.469253540 22.610227585
613.687072754 2.370330811 2.597595215 3963.506347656 45.272827148 16.159887314
567.390625000 -1.519439697 -2.688934326 4582.154296875 45.648353577 19.479747772
522.514465332 -6.396942139 -8.090118408 5221.378417969 43.515090942 24.720365524
482.062591553 -11.389739990 -13.089416504 5845.090332031 43.725406647 28.416103363
445.780944824 -16.322387695 -18.060684204 6440.691406250 45.662799835 29.641639709
413.054077148 -20.809432983 -23.054962158 7010.468261719 47.911289215 30.589597702
383.318176270 -24.883392334 -27.476745605 7557.167480469 48.937255859 31.726491928
356.495635986 -28.354827881 -31.216094971 8081.072753906 48.638568878 31.624717712
332.277313232 -31.357772827 -34.474517822 8582.340820312 49.118152618 31.191804886
310.397247314 -34.567840576 -37.850189209 9061.102539062 48.753192902 33.209407806
290.678771973 -37.837966919 -41.325195312 9516.651367188 45.256847382 36.253768921
272.892425537 -41.070922852 -44.748901367 9952.120117188 41.494937897 38.522117615
256.320556641 -44.210189819 -48.013824463 10371.838867188 39.561985016 40.050251007
241.314361572 -47.171539307 -51.124603271 10774.940429688 38.851974487 40.841079712
227.539489746 -50.057998657 -54.060668945 11169.790039062 38.385456085 40.410583496
213.734954834 -53.060989380 -57.195602417 11575.821289062 39.630813599 38.820384979
199.916641235 -56.362670898 -60.515731812 12003.321289062 41.519615173 37.837875366
186.097946167 -59.888061523 -64.121932983 12454.436523438 41.818786621 38.810485840
172.279479980 -63.419342041 -67.697860718 12932.458007812 44.755058289 39.629604340
158.461166382 -66.654144287 -70.926452637 13442.237304688 53.911422729 37.760978699
144.642929077 -68.906417847 -73.142883301 13991.526367188 61.114501953 35.751419067
130.824737549 -67.844894409 -75.719421387 14594.805664062 64.581260681 30.485191345
117.006622314 -65.211105347 -82.495315552 15272.178710938 59.511791229 16.750360489
103.181594849 -63.721725464 -76.344711304 16027.634765625 35.737255096 7.116235256
90.330490112 -64.447860718 -70.253036499 16812.333984375 16.319478989 7.460855484
80.029808044 -62.981170654 -68.822479248 17558.544921875 12.062945366 12.661627769
71.646163940 -62.183547974 -75.384384155 18263.765625000 3.732689381 10.433221817
63.855087280 -62.285934448 -103.734527588 18976.101562500 2.812680960 7.835933685
56.554077148 -59.260498047 -89.626998901 19729.039062500 -4.546494007 2.712008715
49.792060852 -59.816040039 -91.813018799 20525.796875000 -14.105237007 0.523234427
43.520053864 -58.445678711 -92.629180908 21372.132812500 -12.687499046 3.377429247
37.640045166 -56.987411499 -92.720581055 22287.669921875 -14.933063507 1.110235691
32.152030945 -56.224334717 -92.802795410 23286.845703125 -16.524608612 -0.692590594
27.056020737 -54.597656250 -92.948715210 24390.417968750 -15.868814468 -0.741717994
22.303007126 -52.366714478 -93.205413818 25651.119140625 -12.410071373 -0.029636612
