964.550292969 25.869995117 22.514038086 0.000000000 -4.999290943 2.388288021
961.671630859 26.126464844 22.230529785 29.724426270 -8.236387253 3.782927275
956.414245605 26.511474609 21.856811523 81.727569580 -9.760984421 7.166625023
947.331115723 26.377624512 21.804779053 167.487365723 -9.258405685 14.291020393
933.971252441 25.221679688 22.296508789 292.135803223 -8.319040298 19.107883453
916.822265625 23.672088623 22.611968994 454.361877441 -6.598336697 23.016170502
896.402099609 22.238555908 22.186523438 648.523437500 -3.737427711 26.863054276
874.150085449 20.884735107 21.115661621 867.852111816 -0.383705795 29.225530624
850.112182617 18.973358154 19.205474854 1112.097167969 3.095929623 29.657119751
823.367980957 17.050506592 17.280883789 1387.449218750 6.234777927 25.893222809
793.931396484 14.765289307 15.030212402 1698.415283203 9.706486702 21.175634384
761.845397949 12.215576172 10.936248779 2047.412353516 12.880601883 17.731492996
727.174011230 10.076232910 0.792388916 2437.445312500 15.655613899 16.523609161
689.944274902 7.720367432 -14.329223633 2873.435302734 23.771059036 19.724832535
650.054138184 5.388336182 -19.516616821 3362.951416016 32.580631256 26.098112106
607.393493652 2.502685547 -20.655319214 3913.981445312 36.643051147 28.939241409
562.361083984 -1.471954346 -30.565612793 4519.689941406 39.190994263 26.323348999
518.577514648 -6.184417725 -33.653533936 5147.151367188 44.896560669 26.697740555
479.008605957 -10.693542480 -40.703216553 5761.394531250 50.977920532 30.310993195
443.434600830 -15.228668213 -47.051391602 6349.893066406 53.656433105 32.610279083
411.275207520 -19.698608398 -49.948303223 6914.271972656 54.846538544 32.753650665
381.999603271 -23.957015991 -51.038803101 7456.461425781 56.863094330 31.340309143
355.544067383 -27.900466919 -51.374816895 7975.947753906 58.855884552 28.983766556
331.609344482 -31.607696533 -52.148468018 8472.500976562 59.160293579 25.839492798
309.941162109 -35.160400391 -53.984481812 8946.489257812 57.043903351 23.117870331
290.376068115 -38.486633301 -56.423309326 9397.689453125 53.461166382 22.909963608
272.697998047 -41.692520142 -58.829406738 9829.605468750 50.176418304 24.526887894
256.201324463 -44.931823730 -60.720031738 10246.333984375 47.907173157 25.826427460
241.242675781 -47.853897095 -62.499816895 10646.993164062 45.887851715 26.958028793
227.492691040 -50.706649780 -64.194213867 11040.015625000 44.889999390 28.912105560
213.697341919 -53.823913574 -65.469940186 11444.490234375 45.768043518 30.733331680
199.880432129 -57.129287720 -66.675079346 11870.442382812 48.238128662 30.635334015
186.062133789 -60.306945801 -68.201354980 12320.353515625 52.100936890 26.803985596
172.243865967 -62.822891235 -69.995498657 12798.789062500 55.600978851 21.116321564
158.425628662 -64.494567871 -72.034057617 13312.247070312 57.000408173 16.746593475
144.607467651 -65.618682861 -74.169799805 13869.046875000 57.248519897 14.038823128
130.789337158 -66.352752686 -77.049072266 14479.343750000 55.419960022 10.833975792
116.971229553 -67.060012817 -80.249450684 15155.822265625 48.790107727 8.279646873
103.153175354 -67.203582764 -84.124420166 15901.270507812 34.717853546 12.248642921
90.315139771 -66.351516724 -88.722305298 16675.318359375 20.705957413 19.196672440
80.025123596 -63.308563232 -90.126770020 17416.794921875 10.420772552 17.420955658
71.646110535 -61.434768677 -89.068695068 18122.302734375 5.110544205 11.601255417
63.855098724 -61.072540283 -89.303863525 18837.849609375 0.095615014 6.102318764
56.554080963 -60.502426147 -90.347427368 19590.580078125 -5.212579250 5.486171246
49.792068481 -59.638412476 -91.511962891 20385.302734375 -9.558182716 3.648460388
43.520057678 -58.625289917 -92.290435791 21231.587890625 -13.438491821 0.992028475
37.640045166 -57.386077881 -92.676757812 22145.843750000 -16.797584534 -1.082808733
32.152034760 -56.477416992 -92.807388306 23143.552734375 -18.418041229 -1.810050488
27.056020737 -54.932296753 -92.903564453 24245.685546875 -15.929648399 -1.629040480
22.303007126 -52.668121338 -93.072479248 25504.576171875 -11.582081795 -5.300160885
