978.670959473 22.438354492 21.471466064 0.000000000 -2.732641459 -8.048304558
975.760864258 22.133850098 21.510559082 29.266906738 -3.338650465 -9.118043900
970.424194336 21.688781738 21.759246826 80.397918701 -3.599709272 -11.241120338
961.214233398 21.257202148 21.342987061 164.659179688 -4.986996651 -11.189425468
947.672058105 20.672332764 20.829864502 287.137756348 -7.830046177 -7.736196041
930.285217285 19.978240967 20.131256104 446.852355957 -6.879487038 0.015319758
909.563903809 19.475891113 19.647521973 638.642333984 -1.641305208 6.722196102
886.955566406 19.464813232 19.651763916 856.469360352 6.350551128 8.307550430
862.474609375 18.280181885 18.492004395 1100.589721680 10.707142830 15.746708870
835.191772461 16.546417236 16.613433838 1376.710815430 14.352670670 27.020227432
805.137512207 14.051666260 14.033050537 1688.984863281 14.534071922 29.535247803
772.338745117 11.473693848 10.902648926 2040.022338867 14.088067055 25.202342987
736.795837402 9.202056885 7.633941650 2433.890625000 15.114839554 22.540813446
698.515808105 7.249572754 2.336151123 2876.224609375 18.356658936 22.843961716
657.500000000 4.787384033 -3.372222900 3373.600097656 21.218839645 21.726835251
613.706176758 1.228485107 -8.476837158 3932.157226562 22.711889267 24.118278503
567.544616699 -3.401641846 -13.435852051 4544.157714844 24.323663712 29.548486710
522.725097656 -7.984375000 -15.896697998 5177.190917969 28.643024445 33.239070892
482.284332275 -12.599884033 -17.793350220 5796.601074219 32.021350861 34.440277100
445.973358154 -16.688262939 -19.462249756 6390.333007812 34.390995026 34.452606201
413.182739258 -20.164306641 -22.370910645 6961.020019531 38.631675720 34.445014954
383.392150879 -23.098617554 -25.531738281 7511.284667969 45.731880188 35.315780640
356.536590576 -26.306701660 -29.032836914 8039.964355469 54.176010132 36.411830902
332.292510986 -29.931991577 -32.962112427 8545.336914062 57.629280090 33.256080627
310.393951416 -32.937332153 -42.362854004 9027.559570312 52.975471497 26.352312088
290.661285400 -36.125274658 -44.404144287 9486.559570312 48.479381561 24.028291702
272.863739014 -39.497909546 -45.522613525 9925.334960938 45.081851959 24.207263947
256.286407471 -42.882369995 -47.694854736 10347.846679688 41.470607758 23.527767181
241.279251099 -46.169143677 -50.423614502 10753.075195312 37.763664246 22.813566208
227.503952026 -49.546035767 -53.580230713 11149.297851562 36.219806671 22.413829803
213.699417114 -53.187332153 -57.277572632 11555.761718750 37.143871307 21.645200729
199.881210327 -56.846954346 -61.014282227 11982.716796875 39.950908661 20.963035583
186.062484741 -60.396026611 -64.599029541 12432.889648438 44.537433624 21.077777863
172.244018555 -63.602691650 -67.823608398 12910.317382812 50.130661011 22.418752670
158.425735474 -65.892517090 -70.125076294 13421.069335938 56.049404144 24.985145569
144.607498169 -66.841598511 -73.129470825 13974.360351562 61.264537811 26.488380432
130.789337158 -66.789794922 -76.717285156 14582.249023438 63.019344330 24.637760162
116.971252441 -66.224502563 -81.206192017 15259.589843750 57.934555054 17.442092896
103.153205872 -65.190124512 -85.665557861 16010.394531250 41.349258423 9.629750252
90.315177917 -64.075027466 -87.946228027 16792.531250000 18.858106613 11.334589005
80.025138855 -63.426757812 -83.440856934 17538.101562500 11.043591499 16.320327759
71.646102905 -62.011032104 -87.798034668 18242.527343750 9.653086662 7.129697323
63.855087280 -60.870986938 -89.852691650 18957.431640625 -2.575235844 2.919264793
56.554073334 -60.634017944 -91.029602051 19710.312500000 -10.543512344 4.175014019
49.792060852 -59.431427002 -91.878417969 20505.261718750 -13.533926964 3.907896996
43.520050049 -58.445755005 -92.761566162 21352.351562500 -18.300796509 0.834873021
37.640041351 -58.364669800 -92.980468750 22264.851562500 -20.864730835 -0.871114731
32.152030945 -57.206130981 -92.902740479 23258.679687500 -17.269351959 0.654509008
27.056020737 -54.027145386 -92.926742554 24361.464843750 -13.356311798 1.411998153
22.303007126 -51.199707031 -93.157897949 25627.271484375 -9.878085136 -0.836617470
