983.777648926 25.822509766 21.087615967 0.000000000 -1.840521336 16.582160950
980.845153809 26.307128906 20.834930420 29.659149170 -2.444079876 25.258062363
975.487670898 26.941223145 20.709930420 81.605957031 -2.642509937 32.094295502
966.227050781 27.193267822 20.163665771 167.429718018 -2.178045511 39.275897980
952.612243652 26.735076904 19.134826660 292.316131592 -0.108732462 44.955688477
935.129211426 25.453918457 18.461547852 455.149261475 2.988998890 48.161712646
914.231933594 22.601867676 22.713226318 650.416503906 6.899077892 49.399288177
891.392272949 20.974304199 21.124145508 871.190551758 11.547374725 49.986507416
866.689270020 19.150787354 18.778533936 1117.420532227 15.662302017 50.838203430
839.178588867 17.363189697 16.284484863 1395.444580078 20.633247375 48.524044037
808.858215332 15.915039062 14.265167236 1710.561523438 23.368362427 38.036605835
775.731079102 14.903289795 11.813323975 2066.593261719 21.923471451 26.983158112
739.917358398 15.333312988 -2.722686768 2467.964843750 27.943746567 28.311286926
701.431884766 13.067901611 -12.063079834 2919.376220703 33.511138916 31.132703781
660.140014648 9.032867432 -11.891357422 3426.028320312 36.674976349 31.721998215
616.003051758 4.057830811 -19.459136963 3993.037597656 39.198314667 32.925544739
569.470642090 -1.394439697 -24.533645630 4612.498046875 40.667255402 29.927909851
524.286437988 -6.084442139 -26.902877808 5252.722167969 43.272109985 26.664209366
483.524963379 -10.452239990 -30.029113770 5879.590332031 49.313961029 25.500337601
446.961761475 -15.509887695 -31.132949829 6479.378906250 55.260532379 23.567127228
413.991638184 -20.371932983 -32.521926880 7052.968261719 58.116474152 21.599315643
384.059753418 -24.695892334 -33.863265991 7602.667480469 57.198596954 20.427896500
357.082824707 -28.417327881 -34.832824707 8128.791503906 54.105632782 20.569103241
332.716918945 -31.795272827 -35.797149658 8631.715820312 50.819019318 21.837055206
310.711639404 -35.005340576 -38.412658691 9111.602539062 48.753192902 23.368696213
290.911407471 -38.212966919 -41.798950195 9567.838867188 47.565162659 24.469213486
273.061920166 -41.383422852 -45.108734131 10003.838867188 45.990077972 24.307754517
256.441772461 -44.397689819 -48.279663086 10424.057617188 42.963710785 22.677141190
241.400802612 -47.359039307 -51.339172363 10827.534179688 39.580913544 20.795185089
227.602340698 -50.182998657 -54.245788574 11222.665039062 36.806079865 18.785314560
213.781066895 -53.185989380 -57.319259644 11628.883789062 36.107593536 17.924057007
199.949081421 -56.300170898 -60.498962402 12056.665039062 37.388942719 19.249860764
186.116622925 -59.513061523 -63.744949341 12508.624023438 39.874942780 22.044828415
172.284362793 -63.044342041 -67.308288574 12987.926757812 44.755058289 23.835866928
158.452239990 -66.216644287 -70.491394043 13499.268554688 52.210556030 24.032577515
144.620941162 -67.593917847 -73.512359619 14051.495117188 61.235992432 23.723882675
130.793411255 -67.219894409 -76.978057861 14658.118164062 66.039146423 21.616401672
116.972053528 -66.086105347 -76.500732422 15335.209960938 60.605201721 15.413968086
103.153808594 -64.784225464 -75.329528809 16087.041015625 39.989414215 8.209647179
90.315643311 -64.135360718 -77.859954834 16869.927734375 12.917752266 8.918739319
80.025398254 -65.293670654 -70.515686035 17612.294921875 5.380979538 12.418647766
71.646163940 -64.246047974 -77.277359009 18309.921875000 7.620378494 11.526635170
63.855098724 -62.723434448 -88.395004272 19017.976562500 1.962248921 6.135069847
56.554080963 -61.697998047 -91.315338135 19765.726562500 -7.340770245 2.833498955
49.792068481 -61.253540039 -91.742019653 20555.296875000 -10.217548370 2.710059404
43.520057678 -59.008178711 -92.638336182 21397.820312500 -12.444519043 3.984880447
37.640045166 -56.612411499 -92.750961304 22313.013671875 -15.297534943 0.624274552
32.152034760 -55.286834717 -92.749099731 23315.189453125 -16.160139084 -2.028983593
27.056020737 -53.722656250 -92.866180420 24423.292968750 -14.410931587 -0.498737454
22.303007126 -51.616714478 -93.082550049 25688.681640625 -10.466227531 -0.515597701
