974.526306152 23.244995117 20.423919678 0.000000000 2.897577286 7.126408577
971.631652832 23.001464844 20.510711670 29.318176270 5.977975845 9.857440948
966.326232910 22.511474609 20.869964600 80.540069580 7.247654438 10.325371742
957.163146973 22.002624512 21.301544189 164.956085205 8.357684135 13.197607994
943.667236328 22.096679688 21.600189209 287.948303223 6.381283283 22.266630173
926.350219727 22.547088623 21.458160400 448.924377441 5.064729691 34.436256409
905.706115723 22.113555908 20.678771973 642.585937500 8.290109634 42.656791687
883.214050293 20.634735107 19.800964355 861.758361816 10.550418854 46.841621399
858.872192383 18.785858154 18.639465332 1106.190917969 12.936641693 48.002151489
831.751953125 16.675506592 16.656066895 1382.074218750 19.598709106 43.752292633
801.899353027 15.390289307 14.152862549 1694.446533203 25.135751724 34.539566040
769.317443848 15.028076172 10.772155762 2047.537353516 25.394100189 24.413457870
734.030029297 12.763732910 6.905639648 2445.101562500 28.655073166 19.317884445
696.012268066 9.345367432 4.083038330 2890.529052734 31.303455353 20.332284927
655.242126465 5.950836182 0.579711914 3389.888916016 34.402984619 21.967443466
611.693542480 1.877685547 -4.255554199 3949.356445312 39.194347382 23.958139420
565.801086426 -3.034454346 -11.942382812 4560.939941406 43.078685760 24.865465164
521.269470215 -7.934417725 -19.588333130 5192.245117188 47.083385468 24.389425278
481.104583740 -12.068542480 -29.632781982 5809.425781250 53.772197723 24.843931198
445.063385010 -16.041168213 -35.621932983 6400.986816406 60.581378937 27.750665665
412.521606445 -19.823608398 -32.407150269 6969.303222656 63.107879639 29.230432510
382.932373047 -23.144515991 -33.135467529 7516.648925781 57.956504822 27.574110031
356.227264404 -26.462966919 -33.479232788 8042.447753906 49.987094879 25.582038879
332.098114014 -29.795196533 -34.780624390 8545.813476562 43.002086639 23.531177521
310.276550293 -33.222900391 -39.016921997 9026.426757812 37.726951599 22.631910324
290.591888428 -36.861633301 -42.485244751 9483.408203125 36.209545135 21.695060730
272.827331543 -40.317520142 -45.730682373 9920.011718750 36.569507599 20.882179260
256.269226074 -43.744323730 -49.031570435 10340.552734375 36.730068207 20.602346420
241.270767212 -46.853897095 -52.188308716 10744.149414062 36.897571564 20.033082962
227.500747681 -49.894149780 -54.760787964 11139.328125000 38.572502136 19.314373016
213.699127197 -53.073913574 -57.703201294 11545.458984375 41.758865356 18.827285767
199.881439209 -56.504287720 -62.939605713 11972.786132812 44.957889557 19.215248108
186.062988281 -59.994445801 -65.390747070 12423.666015625 47.119834900 19.879039764
172.244567871 -63.572891235 -67.871429443 12901.507812500 49.890933990 20.508869171
158.426284790 -66.619567871 -70.891052246 13411.309570312 56.149974823 20.512792587
144.608062744 -68.243682861 -72.449798584 13961.703125000 63.808994293 18.533962250
130.789840698 -67.977752686 -73.021301270 14565.843750000 67.447494507 13.628252029
116.971687317 -66.622512817 -78.285446167 15240.666015625 59.724231720 8.036665916
103.153556824 -65.078582764 -76.069992065 15991.020507812 38.119579315 6.781580925
90.315353394 -64.351516724 -73.841888428 16772.943359375 19.491054535 13.122159004
80.025177002 -63.746063232 -76.939239502 17517.513671875 12.000145912 12.925815582
71.646102905 -62.622268677 -85.874114990 18220.333984375 6.203957081 3.218426466
63.855083466 -61.635040283 -89.100677490 18932.974609375 -5.614428043 -0.822626889
56.554073334 -61.252426147 -91.439147949 19683.361328125 -10.072190285 -0.952813327
49.792060852 -60.763412476 -92.209472656 20474.677734375 -10.408615112 -0.725189567
43.520050049 -59.687789917 -92.641250610 21316.712890625 -12.466569901 -1.437777042
37.640041351 -58.011077881 -92.980621338 22227.437500000 -16.311622620 -1.568769932
32.152030945 -55.664916992 -93.308990479 23225.740234375 -17.081647873 -1.931540847
27.056020737 -53.557296753 -93.554153442 24333.654296875 -13.742823601 -2.600962639
22.303007126 -51.480621338 -93.494476318 25600.107421875 -11.460591316 -3.599296808
