979.038330078 26.447052002 22.609130859 0.000000000 -2.577488184 10.659651756
976.125793457 26.015380859 22.364654541 29.723602295 -4.734339237 15.895186424
970.783508301 25.307281494 22.324157715 81.564758301 -6.679014206 18.169429779
961.559509277 24.385803223 22.154449463 166.865325928 -8.207367897 20.728507996
947.996093750 23.508422852 21.440521240 290.753387451 -7.333195686 24.247936249
930.590148926 22.966125488 20.732055664 452.234832764 -4.276703835 25.820825577
909.850830078 22.134155273 20.140869141 646.043823242 1.832816958 26.253757477
887.228576660 20.858215332 19.333953857 865.431884766 9.929509163 26.828092575
862.738464355 19.547241211 18.285461426 1110.633666992 16.641714096 29.922067642
835.444580078 18.536102295 17.079589844 1388.479492188 19.706672668 34.443893433
805.346618652 17.130950928 15.619079590 1704.023681641 20.060428619 38.254562378
772.496276855 14.851226807 11.708770752 2059.700439453 18.009887695 41.070507050
736.900939941 12.076385498 9.768737793 2458.784423828 16.483221054 38.488365173
698.543762207 9.988922119 5.361206055 2906.662597656 25.463514328 35.011486053
657.485412598 8.306182861 -4.493377686 3410.329833984 35.779376984 36.541885376
613.700988770 4.120880127 -14.426208496 3975.021972656 40.472820282 36.438404083
567.565246582 -1.477172852 -18.406219482 4591.821777344 39.598674774 34.064704895
522.723388672 -6.267852783 -20.256591797 5229.104003906 41.431930542 34.324371338
482.248901367 -10.838348389 -20.392196655 5852.753417969 45.729957581 36.249950409
445.953918457 -15.707061768 -22.129379272 6449.377441406 46.961193085 36.215812683
413.209136963 -20.084945679 -25.525024414 7020.533691406 48.216632843 33.860527039
383.465576172 -24.053985596 -28.924636841 7568.954589844 49.035564423 31.408218384
356.629302979 -27.695449829 -30.684173584 8094.542480469 47.449390411 31.020330429
332.387329102 -31.065414429 -34.148956299 8597.096679688 43.807861328 32.881755829
310.483367920 -34.308044434 -37.591491699 9076.842773438 39.438781738 36.045864105
290.741027832 -37.538116455 -41.013290405 9533.339843750 35.825904846 38.261459351
272.933898926 -40.600906372 -44.293334961 9969.914062500 32.863044739 38.271217346
256.345581055 -43.789199829 -47.577438354 10390.789062500 31.222883224 36.163970947
241.327972412 -46.834564209 -50.795257568 10794.817382812 32.291633606 33.412021637
227.544647217 -49.923233032 -54.114776611 11190.326171875 35.107250214 31.425287247
213.732269287 -53.074615479 -58.429046631 11596.711914062 37.430076599 30.079166412
199.906127930 -56.325836182 -62.229125977 12024.457031250 38.536998749 29.538539886
186.079681396 -59.536361694 -65.345230103 12476.230468750 39.136566162 29.928096771
172.254058838 -62.670730591 -68.268157959 12955.839843750 41.743579865 30.240594864
158.428970337 -65.327041626 -71.204391479 13468.623046875 47.397636414 28.746450424
144.607467651 -66.640945435 -73.561080933 14023.054687500 54.614128113 25.569759369
130.789306641 -67.227172852 -77.548461914 14630.539062500 59.131134033 21.301374435
116.971229553 -67.412124634 -81.935272217 15305.107421875 57.559513092 14.885591507
103.153190613 -66.682586670 -86.632995605 16051.042968750 43.720855713 7.106865883
90.315177917 -64.885635376 -90.264617920 16828.941406250 17.564689636 11.022550583
80.025154114 -64.380569458 -83.164428711 17571.427734375 8.866452217 19.802181244
71.646110535 -62.708358765 -85.890625000 18272.986328125 11.373207092 16.416076660
63.855091095 -61.325195312 -89.875305176 18985.972656250 1.379252791 5.473226547
56.554080963 -62.264282227 -90.788970947 19735.158203125 -7.907160282 2.866032124
49.792068481 -62.314407349 -91.887115479 20521.732421875 -10.443121910 3.329102516
43.520057678 -60.837814331 -92.767211914 21358.509765625 -11.518822670 0.251687825
37.640045166 -58.716522217 -92.914779663 22265.328125000 -13.913206100 -3.073632002
32.152034760 -56.358825684 -92.859924316 23260.373046875 -16.504291534 -2.034615517
27.056020737 -54.134445190 -92.902221680 24364.916015625 -15.813740730 0.106450446
22.303007126 -51.907592773 -93.078674316 25628.347656250 -10.365580559 0.064786412
