984.230957031 23.500854492 20.573730469 0.000000000 -1.882209420 -2.459751844
981.304870605 23.446350098 20.641937256 29.391921997 -2.002257586 0.601178169
975.936157227 23.376281738 21.255554199 80.835418701 -1.534374595 1.029397249
966.654235840 23.694702148 21.782684326 165.877929688 -2.192720175 5.576232433
952.992004395 23.984832764 21.939422607 290.044006348 -2.484473944 13.038641930
935.437255859 23.603240967 21.865264893 452.383605957 -0.076031528 20.911647797
914.515869141 23.350891113 20.527801514 647.579833984 8.320897102 28.833427429
891.691589355 21.402313232 19.070098877 868.438110352 7.686944485 33.941997528
866.994628906 19.155181885 17.521911621 1114.464721680 9.127769470 38.100921631
839.463806152 17.046417236 15.867523193 1392.273315430 13.866709709 37.954353333
809.105468750 15.239166260 13.679962158 1706.984863281 19.029211044 29.899717331
775.954772949 13.473693848 9.914520264 2061.834960938 21.741954803 23.379989624
740.059814453 11.827056885 3.178253174 2460.640625000 27.871318817 23.391246796
701.439758301 9.749572754 -5.763702393 2908.412109375 33.299961090 24.787805557
660.059997559 6.662384033 -13.606719971 3411.256347656 32.517436981 27.922840118
615.866149902 3.228485107 -23.689300537 3975.875976562 32.674091339 31.529184341
569.284606934 -1.589141846 -29.441436768 4594.970214844 36.472690582 31.613821030
524.043151855 -5.921875000 -34.507537842 5236.003417969 41.156520844 29.958831787
483.244323730 -10.537384033 -36.750488281 5863.601074219 45.871242523 27.636821747
446.682159424 -15.313262939 -40.369735718 6463.833007812 50.670692444 26.798721313
413.720336914 -19.976806641 -46.774810791 7038.113769531 54.425411224 25.454734802
383.800933838 -24.348617554 -49.687683105 7588.597167969 55.694084167 23.774202347
356.838195801 -28.369201660 -50.730804443 8114.933105469 55.026443481 22.561939240
332.511291504 -31.931991577 -51.943664551 8617.243164062 53.377120972 22.200464249
310.545532227 -35.124832153 -53.843841553 9096.340820312 51.639076233 22.950584412
290.760650635 -38.062774658 -56.967864990 9552.309570312 49.208324432 24.514251709
272.925659180 -40.935409546 -60.494140625 9988.709960938 45.081851959 25.665147781
256.319702148 -43.882369995 -58.933578491 10409.627929688 38.676330566 25.471611023
241.291931152 -46.794143677 -56.659301758 10813.918945312 32.418090820 23.906978607
227.506271362 -49.733535767 -58.160461426 11209.735351562 28.565919876 22.413829803
213.698715210 -52.937332153 -61.602828979 11616.355468750 27.546140671 21.280731201
199.880905151 -56.284454346 -64.550338745 12044.123046875 29.016784668 21.206014633
186.062500000 -59.646026611 -66.645568848 12495.608398438 34.210762024 22.171190262
172.244186401 -62.665191650 -68.941131592 12974.848632812 42.598262787 23.390674591
158.425933838 -65.017517090 -71.562866211 13487.788085938 51.675754547 23.648752213
144.607757568 -66.404098511 -74.269470215 14042.797851562 58.105792999 22.114730835
130.789611816 -66.914794922 -77.591033936 14651.155273438 60.832519531 18.684736252
116.971527100 -66.599502563 -80.226928711 15327.621093750 57.570083618 11.975030899
103.153381348 -66.127624512 -73.808166504 16075.863281250 44.386512756 4.284178257
90.315216064 -65.512527466 -80.644714355 16853.531250000 22.259834290 11.213098526
80.025154114 -64.364257812 -81.708007812 17594.882812500 15.660222054 20.208017349
71.646110535 -60.761032104 -86.732971191 18299.808593750 11.232460022 9.559502602
63.855087280 -60.745986938 -88.529968262 19017.119140625 -4.883551121 0.489459217
56.554073334 -61.509017944 -90.875076294 19768.656250000 -10.300531387 2.838620901
49.792060852 -60.368927002 -92.081832886 20560.136718750 -12.076044083 2.692994356
43.520053864 -59.008255005 -92.713745117 21404.257812500 -16.235462189 -0.258539438
37.640045166 -58.052169800 -92.847457886 22316.320312500 -17.584493637 -1.843036890
32.152030945 -56.456130981 -92.814514160 23312.617187500 -17.026372910 -1.653806210
27.056020737 -54.464645386 -92.916168213 24415.996093750 -16.029096603 -0.288865685
22.303007126 -51.762207031 -93.103088379 25678.958984375 -10.485536575 1.836168647
