  965.0    387   26.0   19.0     65  14.55    190      8  302.2  345.4  304.8
  961.0    424   25.0   18.0     65  13.70    191      9  301.6  342.2  304.0
  940.9    610   22.7   17.0     71  13.15    195     17  301.0  339.9  303.4
  932.0    694   21.6   16.6     73  12.91    198     19  300.7  338.9  303.1
  925.0    760   21.2   16.2     73  12.68    200     21  301.0  338.5  303.3
  908.6    914   19.9   15.5     76  12.37    205     30  301.2  337.8  303.4
  876.9   1219   17.3   14.2     82  11.77    205     34  301.5  336.5  303.7
  850.0   1486   15.0   13.1     88  11.27    210     40  301.9  335.4  303.9
  849.0   1496   15.0   13.2     89  11.35    211     41  301.9  335.7  304.0
  846.2   1524   15.2   12.6     85  10.92    215     44  302.4  335.0  304.4
  838.0   1607   15.6   10.7     73   9.73    216     43  303.7  333.0  305.5
  833.0   1658   16.6    6.6     52   7.39    217     43  305.3  327.9  306.6
  817.0   1823   16.0    0.0     34   4.71    220     42  306.3  321.1  307.2
  816.4   1829   15.9   -0.1     33   4.67    220     42  306.4  321.0  307.2
  787.3   2134   13.6   -5.7     26   3.18    220     39  307.0  317.2  307.6
  759.3   2438   11.3  -11.3     19   2.13    220     34  307.7  314.7  308.1
  756.0   2475   11.0  -12.0     19   2.03    219     34  307.8  314.5  308.2
  731.8   2743    8.8  -13.3     19   1.88    215     36  308.3  314.5  308.6
  705.3   3048    6.3  -14.9     20   1.72    230     35  308.8  314.5  309.1
  700.0   3110    5.8  -15.2     20   1.68    230     38  308.9  314.5  309.2
  698.0   3133    5.6  -14.4     22   1.80    231     39  308.9  314.9  309.2
  656.0   3637    3.0  -16.0     23   1.68    249     50  311.5  317.2  311.8
  654.3   3658    3.0  -16.1     23   1.67    250     50  311.7  317.4  312.1
  637.0   3874    3.0  -17.0     21   1.59    246     59  314.1  319.6  314.4
  630.1   3962    2.6  -17.7     21   1.52    245     62  314.6  319.9  314.9
  614.0   4171    1.6  -19.4     19   1.35    245     59  315.8  320.5  316.1
  606.6   4267    0.8  -19.4     20   1.36    245     58  316.0  320.7  316.2
  578.0   4652   -2.5  -19.5     26   1.42    245     61  316.5  321.5  316.8
  561.8   4877   -2.8  -23.3     19   1.05    245     62  318.7  322.5  318.9
  550.0   5045   -3.1  -26.1     15   0.83    243     62  320.4  323.4  320.5
  500.0   5790   -8.3  -32.3     13   0.51    235     64  322.9  324.8  323.0
  480.6   6096  -10.3  -34.3     12   0.44    235     61  324.1  325.8  324.2
  458.0   6468  -12.7  -36.7     11   0.36    232     61  325.6  327.0  325.6
  406.0   7379  -19.7  -36.7     21   0.41    226     60  327.9  329.5  328.0
  400.0   7490  -20.5  -39.5     17   0.31    225     60  328.3  329.5  328.3
  396.0   7564  -20.9  -43.9     11   0.20    225     60  328.7  329.5  328.7
  393.0   7620  -21.4  -41.9     14   0.25    225     60  328.8  329.7  328.8
  390.0   7676  -21.9  -39.9     18   0.31    225     60  328.8  330.0  328.9
  370.0   8060  -24.7  -41.7     19   0.27    228     59  330.1  331.1  330.1
  343.0   8604  -29.5  -43.5     24   0.24    231     59  330.8  331.7  330.8
  333.0   8813  -31.3  -50.3     14   0.11    233     58  331.1  331.6  331.1
  317.6   9144  -34.2  -54.8     11   0.07    235     58  331.6  331.9  331.6
  305.0   9426  -36.7  -58.7      8   0.05    235     57  332.0  332.2  332.0
  300.0   9540  -37.7  -58.7      9   0.05    235     56  332.1  332.3  332.1
  290.7   9754  -39.5  -58.7     11   0.05    240     56  332.5  332.7  332.5
  271.0  10232  -43.7  -58.7     17   0.05    242     58  333.2  333.4  333.2
  267.0  10332  -44.3  -54.3     32   0.09    243     58  333.7  334.1  333.8
  250.0  10770  -47.9  -62.9     16   0.03    245     60  334.7  334.9  334.7
  247.0  10849  -48.5  -64.5     14   0.03    244     60  335.0  335.1  335.0
  232.0  11257  -52.1  -62.1     29   0.04    240     63  335.6  335.7  335.6
  208.0  11954  -57.3  -66.3     31   0.02    233     67  338.1  338.2  338.1
  200.0  12200  -59.5  -67.5     35   0.02    230     68  338.4  338.5  338.4
  184.0  12718  -63.5  -69.5     44   0.02    236     75  340.1  340.1  340.1
  175.0  13026  -64.3  -71.3     38   0.01    240     80  343.6  343.7  343.6
  164.2  13411  -66.9  -72.7     44   0.01    245     85  345.6  345.7  345.6
  160.0  13570  -67.9  -73.3     46   0.01    245     85  346.4  346.5  346.4
  157.0  13685  -68.7  -73.7     48   0.01    245     82  347.0  347.1  347.0
  153.0  13840  -67.5  -73.5     42   0.01    248     70  351.6  351.7  351.6
  150.0  13960  -65.5  -73.5     32   0.01    250     60  357.1  357.1  357.1
  148.5  14021  -65.2  -74.6     26   0.01    240     55  358.7  358.7  358.7
  145.0  14167  -64.3  -77.3     15   0.01    239     60  362.6  362.6  362.6
  139.0  14425  -66.1  -81.1     11   0.00    238     68  363.9  363.9  363.9
  135.0  14602  -65.5  -82.5      8   0.00    237     73  368.0  368.0  368.0
  131.0  14785  -66.5  -85.5      5   0.00    236     79  369.4  369.4  369.4
  129.0  14878  -65.7  -84.7      6   0.00    235     82  372.4  372.4  372.4
  128.0  14925  -65.3  -84.3      6   0.00    235     82  374.0  374.0  374.0
  127.8  14935  -65.3  -84.3      6   0.00    235     82  374.2  374.2  374.2
  123.0  15169  -64.3  -85.3      4   0.00    246     75  380.1  380.1  380.1
  121.6  15240  -64.5  -85.8      4   0.00    250     73  381.0  381.0  381.0
  118.0  15422  -64.9  -86.9      3   0.00    244     58  383.5  383.5  383.5
  115.0  15580  -62.5  -86.5      3   0.00    239     46  390.8  390.8  390.8
  110.1  15850  -63.5  -88.3      2   0.00    230     24  393.9  393.9  393.9
  109.0  15910  -63.7  -88.7      2   0.00    231     25  394.6  394.6  394.6
  102.0  16318  -63.7  -88.7      2   0.00    238     33  402.1  402.1  402.1
  101.0  16378  -63.1  -89.1      2   0.00    239     34  404.4  404.4  404.4
  100.0  16440  -60.5  -87.5      2   0.00    240     35  410.6  410.6  410.6
   96.1  16689  -58.1  -87.1      1   0.00    236     20  419.9  420.0  419.9
   94.9  16764  -58.6  -87.4      1   0.00    235     15  420.4  420.4  420.4
   90.4  17069  -60.7  -88.8      1   0.00    215     18  422.1  422.2  422.1
   90.0  17098  -60.9  -88.9      1   0.00    215     19  422.3  422.3  422.3
   86.9  17316  -59.5  -88.5      1   0.00    213     23  429.4  429.4  429.4
   82.0  17678  -62.4  -90.1      1   0.00    210     30  430.7  430.7  430.7
   79.5  17866  -63.9  -90.9      1   0.00    232     23  431.4  431.4  431.4
   78.0  17983  -62.9  -90.6      1   0.00    245     19  435.8  435.8  435.8
   75.3  18200  -61.1  -90.1      1   0.00    227     20  444.0  444.0  444.0
   74.2  18288  -61.5  -90.2      1   0.00    220     20  445.0  445.0  445.0
   71.4  18528  -62.5  -90.5      1   0.00    232     27  447.8  447.8  447.8
   70.7  18593  -62.2  -90.2      1   0.00    235     29  449.8  449.8  449.8
   70.0  18650  -61.9  -89.9      1   0.00    240     26  451.6  451.6  451.6
   67.3  18898  -61.2  -89.7      1   0.00    200      3  458.2  458.2  458.2
   64.3  19178  -60.5  -89.5      1   0.00    274      2  465.8  465.8  465.8
   61.8  19425  -61.7  -90.7      1   0.00    339      0  468.4  468.4  468.4
   61.0  19507  -61.5  -90.6      1   0.00      0      0  470.7  470.7  470.7
   58.1  19812  -60.7  -90.0      1   0.00    100     19  479.1  479.1  479.1
   55.3  20117  -59.9  -89.5      1   0.00    130     15  487.6  487.6  487.6
   52.7  20422  -59.1  -89.0      1   0.00    125     13  496.3  496.4  496.3
   52.1  20492  -58.9  -88.9      1   0.00    128     14  498.4  498.4  498.4
   50.2  20726  -59.6  -88.7      1   0.00    140     19  502.0  502.0  502.0
   50.0  20750  -59.7  -88.7      1   0.00    140     19  502.4  502.4  502.4
   47.8  21031  -59.9  -88.8      1   0.00    110      4  508.5  508.5  508.5
   45.5  21336  -60.0  -89.0      1   0.00     90     16  515.3  515.3  515.3
   44.3  21506  -60.1  -89.1      1   0.00    101     18  519.1  519.1  519.1
   43.4  21641  -59.7  -88.8      1   0.00    110     19  523.3  523.4  523.3
   39.4  22250  -57.7  -87.7      1   0.00    140      3  543.0  543.0  543.0
   35.4  22921  -55.5  -86.5      1   0.01     78     14  565.4  565.4  565.4
   34.1  23165  -56.0  -86.8      1   0.01     55     18  570.2  570.2  570.2
   30.3  23907  -57.7  -87.7      1   0.01     92     24  585.1  585.1  585.1
   30.0  23970  -57.3  -87.3      1   0.01     95     25  587.8  587.9  587.8
   29.5  24079  -56.8  -87.0      1   0.01     95     25  592.0  592.1  592.0
   28.1  24384  -55.5  -86.2      1   0.01     85     25  603.9  603.9  603.9
   27.3  24570  -54.7  -85.7      1   0.01     91     26  611.2  611.3  611.2
   25.6  24994  -54.7  -85.7      1   0.01    105     28  622.9  623.0  622.9
   25.4  25031  -54.7  -85.7      1   0.01    107     28  623.9  624.0  623.9
   24.4  25298  -53.2  -84.7      1   0.01    120     25  635.5  635.7  635.6
   23.2  25615  -51.5  -83.5      1   0.02    117     21  649.6  649.8  649.6
   22.2  25908  -51.3  -83.6      1   0.02    115     18  658.8  659.0  658.8
   20.2  26518  -50.8  -83.7      1   0.02     85     20  678.2  678.4  678.2
   20.0  26580  -50.7  -83.7      1   0.02    100     18  680.2  680.4  680.2
   18.4  27127  -50.2  -83.2      1   0.02    130     20  698.2  698.4  698.2
   17.9  27303  -50.1  -83.1      1   0.02    133     14  704.0  704.3  704.0
   17.6  27432  -49.3  -82.6      1   0.02    135      9  710.7  710.9  710.7
   17.0  27641  -47.9  -81.9      1   0.03    190      4  721.5  721.8  721.5
   16.8  27737  -48.3  -82.1      1   0.03    215      2  723.3  723.6  723.3
   15.8  28121  -49.9  -82.9      1   0.03    126      8  730.2  730.5  730.2
   15.3  28346  -48.8  -82.2      1   0.03     75     11  741.1  741.5  741.1
   14.6  28651  -47.2  -81.2      1   0.04     70     11  756.2  756.6  756.2
   13.9  28956  -45.6  -80.2      1   0.05     95     14  771.5  772.0  771.5
   12.7  29566  -42.5  -78.3      1   0.07     40     15  802.9  803.7  802.9
   12.5  29679  -41.9  -77.9      1   0.07     46     16  808.8  809.7  808.8
   12.2  29870  -41.8  -78.0      1   0.08     55     17  815.7  816.6  815.8
   11.1  30480  -41.4  -78.2      1   0.08    115     24  838.3  839.3  838.4
   10.8  30669  -41.3  -78.3      1   0.08    130     21  845.5  846.5  845.5
   10.2  31090  -41.8  -78.0      1   0.09    165     13  858.8  860.0  858.9
   10.0  31190  -41.9  -77.9      1   0.09    150      8  862.0  863.2  862.0
    9.9  31258  -42.5  -78.5      1   0.09    135      7  862.2  863.3  862.3
    9.7  31394  -41.2  -77.8      1   0.10    105      6  872.1  873.4  872.1
    9.6  31467  -40.5  -77.5      1   0.10     99      9  877.4  878.7  877.5
    9.3  31699  -40.2  -77.2      1   0.11     80     20  887.2  888.7  887.2