  964.0    387   28.8   18.8     55  14.38    185     13  305.1  348.4  307.8
  962.0    406   27.8   16.8     51  12.67    185     14  304.3  342.3  306.6
  954.0    481   26.8   16.8     54  12.77    185     19  304.0  342.3  306.3
  940.3    610   25.6   16.5     57  12.73    185     27  304.0  342.2  306.4
  925.0    756   24.2   16.2     61  12.68    195     26  304.1  342.1  306.4
  908.3    914   22.8   15.5     63  12.31    195     27  304.2  341.2  306.5
  876.9   1219   20.2   14.1     68  11.63    200     29  304.5  339.5  306.6
  850.0   1489   17.8   12.8     73  11.04    200     33  304.8  338.1  306.8
  843.0   1560   17.0   12.4     74  10.84    202     34  304.7  337.3  306.6
  818.0   1817   16.4    7.4     55   7.96    210     38  306.7  331.1  308.1
  816.8   1829   16.4    6.7     52   7.57    210     38  306.8  330.1  308.2
  796.0   2049   16.6   -6.4     20   2.99    214     41  309.3  319.0  309.8
  788.0   2134   16.0   -7.7     19   2.73    215     42  309.5  318.4  310.0
  762.0   2418   14.0  -12.0     15   2.01    215     44  310.3  317.0  310.7
  760.2   2438   13.8  -12.0     15   2.01    215     44  310.4  317.1  310.8
  732.9   2743   11.3  -12.4     18   2.02    215     46  310.9  317.6  311.2
  711.0   2996    9.2  -12.8     20   2.02    218     45  311.2  318.0  311.6
  700.0   3125    8.2  -10.8     25   2.41    220     45  311.5  319.5  312.0
  691.0   3232    7.0  -10.0     29   2.60    222     46  311.4  319.9  311.8
  680.0   3363    6.0   -6.0     42   3.61    224     48  311.7  323.4  312.4
  668.0   3509    5.4   -6.6     42   3.51    227     49  312.6  324.0  313.2
  663.0   3570    5.2  -10.8     30   2.54    228     50  313.0  321.5  313.5
  655.8   3658    4.6  -10.9     31   2.54    230     51  313.3  321.8  313.8
  608.1   4267    0.2  -11.9     39   2.53    235     61  315.1  323.6  315.6
  592.0   4484   -1.3  -12.3     43   2.53    235     62  315.8  324.2  316.3
  585.5   4572   -1.5  -14.9     35   2.07    235     63  316.6  323.6  317.0
  584.0   4593   -1.5  -15.5     34   1.97    235     63  316.8  323.5  317.1
  563.4   4877   -3.9  -17.9     33   1.67    240     61  317.2  323.0  317.5
  560.0   4925   -4.3  -18.3     33   1.62    240     60  317.3  322.9  317.6
  549.0   5081   -4.5  -20.5     27   1.37    240     58  318.9  323.7  319.1
  521.3   5486   -7.5  -23.5     27   1.11    240     52  320.0  323.9  320.2
  516.0   5566   -8.1  -24.1     26   1.06    241     53  320.2  324.0  320.4
  500.0   5810   -9.5  -27.5     22   0.80    245     56  321.4  324.3  321.6
  485.0   6045  -10.5  -28.5     21   0.76    241     56  323.0  325.8  323.1
  481.8   6096  -10.9  -29.8     19   0.67    240     56  323.1  325.6  323.2
  471.0   6271  -12.3  -34.3     14   0.45    239     57  323.4  325.2  323.5
  459.0   6468  -13.5  -30.5     22   0.66    238     59  324.4  326.8  324.5
  428.0   6996  -18.1  -34.1     23   0.50    236     63  325.0  326.9  325.1
  412.0   7281  -19.5  -46.5      7   0.14    235     65  326.8  327.4  326.8
  410.1   7315  -19.8  -46.7      7   0.14    235     65  326.8  327.4  326.8
  400.0   7500  -21.5  -47.5      8   0.13    235     64  327.0  327.5  327.0
  393.5   7620  -22.5  -48.2      8   0.12    235     63  327.2  327.7  327.2
  381.0   7855  -24.5  -49.5      8   0.11    231     59  327.6  328.0  327.6
  354.0   8385  -26.9  -50.9      8   0.10    223     49  331.3  331.7  331.3
  346.6   8534  -28.1  -51.1      9   0.10    220     46  331.6  332.1  331.6
  317.8   9144  -33.3  -52.1     13   0.10    220     49  332.8  333.2  332.8
  300.0   9550  -36.7  -52.7     17   0.10    230     47  333.5  333.9  333.6
  291.1   9754  -38.4  -53.9     18   0.09    230     45  334.0  334.3  334.0
  250.0  10790  -47.1  -60.1     21   0.05    230     56  335.9  336.1  335.9
  238.0  11114  -49.9  -60.9     26   0.04    233     59  336.4  336.6  336.4
  200.0  12230  -58.5  -68.5     26   0.02    245     68  340.0  340.1  340.0
  173.0  13123  -65.3  -72.3     37   0.01    245     69  343.1  343.2  343.1
  165.0  13408  -67.3  -73.3     42   0.01    245     70  344.4  344.5  344.4
  158.0  13668  -67.9  -72.9     49   0.01    245     70  347.7  347.8  347.7
  156.7  13716  -67.3  -72.9     45   0.01    245     70  349.6  349.6  349.6
  156.0  13744  -66.9  -72.9     42   0.01    245     69  350.7  350.8  350.7
  151.0  13940  -67.5  -74.5     36   0.01    245     64  352.9  353.0  352.9
  150.0  13980  -66.1  -74.1     32   0.01    245     63  356.0  356.1  356.0
  149.0  14021  -65.7  -73.7     32   0.01    244     62  357.4  357.4  357.4
  143.0  14272  -64.7  -77.7     15   0.01    241     56  363.4  363.4  363.4
  141.7  14326  -65.0  -78.5     14   0.01    240     55  363.8  363.8  363.8
  133.0  14714  -66.9  -83.9      7   0.00    244     61  367.1  367.1  367.1
  131.0  14806  -65.1  -84.1      6   0.00    245     62  371.9  371.9  371.9
  126.0  15043  -65.3  -86.3      4   0.00    248     66  375.6  375.7  375.6
  123.0  15190  -66.3  -87.3      4   0.00    249     68  376.4  376.4  376.4
  122.0  15240  -65.7  -87.0      4   0.00    250     69  378.4  378.4  378.4
  120.0  15341  -64.5  -86.5      3   0.00    253     62  382.4  382.4  382.4
  116.1  15545  -65.3  -88.3      3   0.00    260     47  384.6  384.6  384.6
  116.0  15548  -65.3  -88.3      3   0.00    260     47  384.6  384.6  384.6
  114.0  15655  -64.5  -88.5      2   0.00    256     44  388.0  388.1  388.0
  110.0  15874  -64.9  -88.9      2   0.00    249     37  391.3  391.3  391.3
  106.0  16101  -63.3  -88.3      2   0.00    242     30  398.5  398.5  398.5
  105.1  16154  -63.4  -88.6      2   0.00    240     28  399.2  399.2  399.2
  101.0  16399  -63.9  -89.9      2   0.00    240     30  402.9  402.9  402.9
  100.0  16460  -62.5  -89.5      2   0.00    240     31  406.7  406.7  406.7
   93.9  16850  -60.1  -89.1      1   0.00    240     29  418.8  418.8  418.8
   81.0  17764  -63.3  -91.3      1   0.00    240     25  430.3  430.3  430.3
   79.8  17856  -59.3  -90.3      1   0.00    240     25  440.4  440.4  440.4
   78.6  17951  -58.9  -89.9      1   0.00    240     24  443.1  443.1  443.1
   74.5  18288  -61.1  -91.4      1   0.00    240     23  445.4  445.4  445.4
   72.6  18445  -62.1  -92.1      1   0.00    250     22  446.5  446.5  446.5
   70.0  18670  -61.9  -91.9      1   0.00    265     20  451.6  451.6  451.6
   67.5  18898  -61.8  -91.8      1   0.00    270     20  456.7  456.7  456.7
   64.2  19202  -61.6  -91.6      1   0.00    225      3  463.6  463.6  463.6
   60.0  19624  -61.3  -91.3      1   0.00    139      8  473.3  473.3  473.3
   58.2  19812  -62.1  -91.7      1   0.00    100     10  475.6  475.6  475.6
   55.7  20083  -63.3  -92.3      1   0.00    140     20  478.9  478.9  478.9
   55.4  20117  -63.1  -92.2      1   0.00    145     21  480.0  480.0  480.0
   52.7  20422  -61.8  -91.3      1   0.00    165     17  490.0  490.0  490.0
   50.2  20726  -60.4  -90.4      1   0.00    170     14  500.1  500.2  500.1
   50.0  20750  -60.3  -90.3      1   0.00    165     15  500.9  501.0  500.9
   47.8  21031  -59.1  -90.1      1   0.00     70     11  510.3  510.3  510.3
   45.5  21336  -60.0  -91.0      1   0.00    130     16  515.3  515.4  515.4
   44.7  21450  -60.3  -91.3      1   0.00    119     16  517.2  517.3  517.2
   39.5  22226  -57.9  -89.9      1   0.00     47     16  541.9  541.9  541.9
   39.4  22250  -57.9  -89.9      1   0.00     45     16  542.5  542.5  542.5
   34.0  23165  -58.4  -89.5      1   0.00     85     26  564.1  564.1  564.1
   33.5  23263  -58.5  -89.5      1   0.00     91     25  566.4  566.5  566.4
   30.9  23774  -56.7  -88.5      1   0.01    120     20  584.4  584.5  584.4
   30.0  23960  -56.1  -88.1      1   0.01    120     19  591.1  591.2  591.1
   28.1  24384  -55.4  -87.8      1   0.01    110     24  604.5  604.5  604.5
   25.9  24897  -54.5  -87.5      1   0.01    123     17  621.0  621.1  621.0
   25.5  24994  -54.0  -87.0      1   0.01    125     16  625.2  625.3  625.2
   24.3  25298  -52.3  -85.3      1   0.01     65     11  638.5  638.6  638.5
   23.9  25414  -51.7  -84.7      1   0.01     73     13  643.6  643.7  643.6
   23.2  25603  -51.6  -84.7      1   0.01     85     17  649.3  649.5  649.3
   21.1  26213  -51.1  -84.8      1   0.01     85     18  668.3  668.4  668.3
   20.2  26518  -50.9  -84.9      1   0.01    100     16  678.0  678.1  678.0
   20.0  26570  -50.9  -84.9      1   0.01    100     16  679.6  679.8  679.6
   19.2  26822  -51.0  -85.0      1   0.02     65     12  686.8  687.0  686.8
   18.7  27008  -51.1  -85.1      1   0.02     59     12  692.2  692.3  692.2
   17.5  27432  -49.1  -83.1      1   0.02     45     11  711.5  711.8  711.6
   17.1  27593  -48.3  -82.3      1   0.03     53     13  719.0  719.3  719.0
   16.3  27908  -48.9  -82.9      1   0.03     68     18  727.0  727.3  727.0
   16.0  28042  -47.1  -81.6      1   0.03     75     20  737.2  737.5  737.2
   15.7  28157  -45.5  -80.5      1   0.04     75     19  746.0  746.4  746.0
   15.3  28346  -44.5  -79.9      1   0.04     75     17  755.5  756.0  755.5
   14.8  28553  -43.3  -79.3      1   0.05     92     15  766.0  766.6  766.0
   14.6  28651  -43.3  -79.3      1   0.05    100     14  769.3  769.9  769.3
   13.3  29261  -43.1  -79.1      1   0.06    160      3  790.0  790.6  790.0
   13.1  29375  -43.1  -79.1      1   0.06    159      4  793.9  794.6  793.9
   12.4  29744  -44.9  -79.9      1   0.05    154      8  800.1  800.8  800.1
   11.1  30480  -44.1  -79.9      1   0.06    145     16  828.3  829.1  828.4
   10.7  30732  -43.9  -79.9      1   0.06    228      5  838.2  839.0  838.2
   10.6  30785  -43.4  -79.3      1   0.07    245      3  842.1  843.0  842.1
   10.4  30924  -41.9  -77.9      1   0.09    297      6  852.4  853.5  852.5
   10.0  31190  -41.3  -78.3      1   0.09     35     11  864.2  865.4  864.3
    9.5  31539  -40.7  -77.7      1   0.10     80     16  879.3  880.6  879.3
    9.3  31699  -39.6  -77.0      1   0.12    100     19  889.5  891.0  889.5
    9.0  31909  -38.1  -76.1      1   0.14     98     16  903.0  904.8  903.0
    8.1  32614  -35.9  -73.8      1   0.21     90      7  938.5  941.4  938.7