  966.0    345   27.8   21.8     70  17.35    190     10  303.9  355.8  307.1
  937.6    610   24.8   19.7     73  15.63    185     19  303.5  350.1  306.3
  925.0    730   23.4   18.7     75  14.90    180     22  303.2  347.6  305.9
  905.6    914   21.7   18.3     81  14.81    180     24  303.4  347.5  306.0
  874.4   1219   18.9   17.5     92  14.65    175     25  303.5  347.2  306.2
  864.0   1323   18.0   17.3     96  14.60    175     26  303.6  347.1  306.2
  850.0   1463   17.0   16.1     94  13.73    175     27  303.9  345.0  306.4
  843.9   1524   16.7   15.8     95  13.59    180     27  304.2  344.9  306.7
  814.2   1829   15.1   14.5     97  12.91    185     27  305.6  344.6  308.0
  799.0   1990   14.2   13.8     97  12.57    188     26  306.4  344.4  308.7
  785.4   2134   13.5   13.0     97  12.10    190     26  307.1  343.8  309.3
  757.4   2438   11.9   11.2     95  11.16    195     26  308.6  342.8  310.7
  730.3   2743   10.4    9.4     94  10.27    200     27  310.2  341.9  312.1
  704.2   3048    8.8    7.7     92   9.44    205     28  311.7  341.1  313.5
  700.0   3098    8.6    7.4     92   9.31    205     28  312.0  341.0  313.7
  653.6   3658    5.5   -6.1     43   3.72    225     45  314.7  326.9  315.4
  629.8   3962    3.9  -13.5     27   2.16    220     52  316.2  323.5  316.6
  623.0   4050    3.4  -15.6     23   1.83    220     52  316.6  322.9  316.9
  606.1   4267    1.6  -17.5     23   1.60    220     53  317.0  322.6  317.3
  561.0   4877   -3.5  -23.0     20   1.08    225     54  318.1  321.9  318.3
  510.0   5628   -9.7  -29.7     18   0.64    229     58  319.3  321.7  319.5
  500.0   5780  -10.3  -34.3     12   0.42    230     59  320.4  322.0  320.5
  479.9   6096  -12.0  -29.3     22   0.71    230     59  322.1  324.8  322.3
  476.0   6158  -12.3  -28.3     25   0.78    230     59  322.5  325.4  322.6
  449.0   6604  -14.1  -48.1      4   0.11    230     60  325.6  326.1  325.7
  400.0   7470  -21.3  -48.3      7   0.12    230     63  327.2  327.7  327.2
  391.9   7620  -22.7  -49.1      7   0.11    230     64  327.3  327.8  327.3
  373.0   7981  -26.1  -51.1      8   0.09    236     66  327.5  327.9  327.5
  360.3   8230  -27.4  -54.5      6   0.06    240     68  329.0  329.3  329.0
  357.0   8296  -27.7  -55.4      5   0.06    240     68  329.4  329.7  329.4
  333.0   8796  -30.3  -62.3      3   0.03    234     59  332.5  332.6  332.5
  316.9   9144  -33.1  -56.4      8   0.06    230     52  333.3  333.6  333.3
  304.0   9438  -35.5  -51.5     18   0.11    226     49  334.0  334.4  334.0
  300.0   9530  -36.3  -52.3     18   0.10    225     48  334.1  334.5  334.1
  277.4  10058  -40.5  -56.1     17   0.07    220     45  335.6  335.9  335.6
  253.4  10668  -45.4  -60.4     17   0.04    230     49  337.2  337.4  337.2
  250.0  10760  -46.1  -61.1     17   0.04    230     49  337.4  337.6  337.4
  228.0  11368  -50.9  -69.9      9   0.01    232     53  339.1  339.1  339.1
  212.0  11839  -54.9  -64.9     28   0.03    234     56  340.0  340.1  340.0
  200.0  12210  -57.5  -68.5     23   0.02    235     59  341.6  341.6  341.6
  170.0  13216  -65.3  -73.3     32   0.01    243     60  344.8  344.9  344.9
  164.6  13411  -64.5  -74.1     26   0.01    245     60  349.4  349.4  349.4
  157.0  13701  -63.3  -75.3     18   0.01    240     63  356.2  356.2  356.2
  150.0  13980  -64.3  -77.3     15   0.01    235     66  359.1  359.1  359.1
  122.0  15240  -66.1  -83.4      7   0.00    240     69  377.6  377.6  377.6
  121.0  15289  -66.2  -83.6      7   0.00    240     69  378.4  378.4  378.4
  112.0  15760  -66.9  -85.9      5   0.00    253     68  385.5  385.5  385.5
  110.3  15850  -66.6  -85.9      5   0.00    255     68  387.8  387.8  387.8
  105.0  16154  -65.5  -85.8      4   0.00    270     41  395.3  395.4  395.3
  101.0  16389  -64.7  -85.7      4   0.00    270     34  401.3  401.3  401.3
  100.0  16450  -64.5  -85.5      4   0.00    270     32  402.8  402.9  402.8