  971.0    317   22.8   18.8     78  14.27     55      9  298.4  340.1  301.0
  938.5    610   21.1   18.2     84  14.25      5     12  299.6  341.5  302.2
  925.0    735   20.4   18.0     86  14.24    345      7  300.2  342.1  302.7
  906.1    914   19.5   18.1     92  14.67    260      1  301.0  344.3  303.7
  895.0   1020   19.0   18.2     95  14.92    236      7  301.6  345.7  304.2
  877.0   1196   19.8   17.7     88  14.75    195     16  304.1  348.3  306.8
  874.7   1219   19.6   17.7     88  14.75    190     17  304.2  348.3  306.9
  850.0   1466   17.8   17.2     96  14.75    190     19  304.8  349.0  307.5
  814.4   1829   16.0   12.4     79  11.23    195     26  306.6  340.7  308.7
  785.6   2134   14.5    8.4     67   8.86    205     30  308.2  335.4  309.8
  758.0   2438   13.0    4.3     56   6.94    205     36  309.7  331.4  311.0
  733.0   2722   11.6    0.6     47   5.48    205     38  311.2  328.6  312.2
  731.2   2743   11.6   -0.9     42   4.92    205     38  311.4  327.1  312.3
  721.0   2860   11.6   -9.4     22   2.61    210     38  312.6  321.3  313.1
  700.0   3106    9.4  -10.6     23   2.45    220     39  312.9  321.0  313.3
  679.1   3353    7.3  -11.5     25   2.35    225     39  313.2  321.1  313.7
  654.2   3658    4.7  -12.6     27   2.24    225     41  313.7  321.2  314.1
  618.0   4123    0.8  -14.2     32   2.07    229     46  314.3  321.3  314.7
  606.8   4267   -0.1  -16.4     28   1.76    230     48  314.9  320.9  315.2
  561.6   4877   -4.2  -25.8     17   0.84    240     53  317.2  320.2  317.3
  505.0   5713   -9.7  -38.7      7   0.27    240     56  320.2  321.3  320.3
  500.0   5790  -10.1  -32.1     15   0.52    240     56  320.7  322.6  320.8
  491.0   5930  -10.9  -26.9     26   0.87    240     57  321.4  324.5  321.5
  484.0   6040  -11.3  -30.3     19   0.64    240     58  322.2  324.6  322.3
  480.4   6096  -11.7  -30.5     19   0.63    240     58  322.3  324.7  322.4
  422.0   7074  -19.3  -34.3     25   0.50    240     63  324.8  326.7  324.9
  400.0   7470  -21.9  -45.9      9   0.16    240     65  326.4  327.1  326.5
  391.9   7620  -22.9  -48.0      8   0.13    240     65  327.1  327.6  327.1
  375.9   7925  -24.8  -52.2      6   0.08    240     67  328.4  328.8  328.5
  372.0   8000  -25.3  -53.3      5   0.07    240     67  328.8  329.1  328.8
  368.0   8079  -24.9  -56.9      3   0.05    239     66  330.3  330.5  330.3
  327.0   8926  -31.7  -46.7     21   0.18    236     61  332.3  333.0  332.3
  317.0   9144  -33.2  -51.5     14   0.11    235     60  333.2  333.6  333.2
  300.0   9530  -35.9  -59.9      7   0.04    235     63  334.7  334.8  334.7
  276.0  10108  -39.7  -62.7      7   0.03    228     63  337.2  337.4  337.2
  272.0  10208  -40.5  -55.5     18   0.08    227     63  337.5  337.8  337.5
  270.0  10258  -40.5  -44.8     63   0.26    226     63  338.2  339.3  338.2
  265.9  10363  -41.3  -67.2      4   0.02    225     63  338.5  338.6  338.5
  264.0  10412  -41.7  -77.7      1   0.00    226     63  338.6  338.6  338.6
  261.0  10489  -42.5  -50.5     41   0.14    227     63  338.6  339.2  338.6
  257.0  10594  -43.5  -49.5     51   0.16    229     62  338.6  339.3  338.6
  254.2  10668  -44.2  -50.9     47   0.14    230     62  338.6  339.2  338.6
  253.0  10700  -44.5  -51.5     45   0.13    230     61  338.6  339.2  338.6
  252.0  10727  -44.9  -57.9     22   0.06    230     60  338.4  338.7  338.4
  250.0  10780  -45.3  -52.3     45   0.12    230     59  338.6  339.1  338.6
  247.0  10860  -46.1  -85.1      0   0.00    231     58  338.6  338.6  338.6
  231.5  11278  -49.7  -78.3      2   0.00    235     55  339.4  339.4  339.4
  200.0  12220  -57.9  -62.9     53   0.04    235     62  340.9  341.1  340.9
  197.0  12315  -58.5  -63.5     52   0.04    235     62  341.4  341.6  341.4
  167.0  13336  -65.7  -71.7     43   0.01    240     60  345.9  346.0  345.9
  164.9  13411  -65.5  -72.7     36   0.01    240     58  347.5  347.5  347.5
  150.0  13990  -64.1  -80.1     10   0.00    240     76  359.5  359.5  359.5
  147.0  14114  -62.9  -81.9      6   0.00    240     78  363.6  363.6  363.6
  142.0  14326  -63.4  -82.8      6   0.00    240     78  366.4  366.4  366.4
  124.0  15156  -65.3  -86.3      4   0.00    245     69  377.4  377.4  377.4
  122.3  15240  -63.7  -87.0      3   0.00    245     68  381.7  381.7  381.7
  121.0  15306  -62.5  -87.5      2   0.00    245     68  385.1  385.1  385.1
  116.4  15545  -63.9  -87.7      3   0.00    245     68  387.0  387.0  387.0
  110.7  15850  -65.6  -88.0      3   0.00    270     51  389.3  389.3  389.3
  109.0  15945  -66.1  -88.1      3   0.00    265     48  390.0  390.0  390.0
  100.2  16459  -64.5  -88.5      2   0.00    240     32  402.6  402.6  402.6
  100.0  16470  -64.5  -88.5      2   0.00    245     35  402.8  402.9  402.8
   95.3  16764  -63.2  -89.2      2   0.00    245     35  411.0  411.0  411.0
   91.0  17048  -61.9  -89.9      1   0.00    259     28  419.0  419.0  419.0
   86.3  17374  -63.3  -90.1      2   0.00    275     20  422.6  422.7  422.6
   82.1  17678  -64.6  -90.2      2   0.00    270     18  426.1  426.1  426.1
   79.8  17851  -65.3  -90.3      2   0.00    225     15  428.0  428.0  428.0
   78.1  17983  -63.7  -90.3      2   0.00    190     12  433.9  433.9  433.9
   74.3  18288  -60.1  -90.3      1   0.00    215     22  447.7  447.7  447.7
   73.5  18357  -59.3  -90.3      1   0.00    217     21  450.8  450.9  450.9
   70.8  18593  -60.5  -90.0      1   0.00    225     17  453.1  453.1  453.1
   70.0  18660  -60.9  -89.9      1   0.00    195     10  453.8  453.8  453.8
   67.4  18898  -61.3  -90.2      1   0.00    200     10  457.8  457.8  457.8
   61.1  19507  -62.5  -90.9      1   0.00    180      4  468.3  468.3  468.3
   58.1  19812  -63.0  -91.3      1   0.00    235     10  473.6  473.6  473.6
   55.4  20117  -63.6  -91.6      1   0.00    140     24  479.0  479.1  479.0
   54.9  20168  -63.7  -91.7      1   0.00    142     24  480.0  480.0  480.0
   52.7  20422  -62.0  -91.3      1   0.00    150     21  489.4  489.4  489.4
   50.2  20726  -60.1  -90.9      1   0.00    170     10  501.0  501.0  501.0
   50.0  20750  -59.9  -90.9      1   0.00    120      7  501.9  501.9  501.9
   48.8  20902  -58.7  -89.7      1   0.00     86      6  508.2  508.2  508.2
   45.5  21336  -59.7  -90.1      1   0.00    350      4  516.1  516.1  516.1
   43.5  21620  -60.3  -90.3      1   0.00     55     19  521.3  521.3  521.3
   43.4  21641  -60.2  -90.3      1   0.00     60     20  522.0  522.0  522.0
   41.3  21946  -58.9  -90.0      1   0.00     95     17  532.5  532.5  532.5
   39.3  22250  -57.6  -89.7      1   0.00     80     18  543.2  543.2  543.2
   37.7  22518  -56.5  -89.5      1   0.00     78     16  552.7  552.8  552.7
   35.7  22860  -57.6  -89.8      1   0.00     75     14  558.4  558.5  558.4
   32.4  23470  -59.7  -90.3      1   0.00     95     27  568.7  568.7  568.7
   31.2  23705  -60.5  -90.5      1   0.00     95     22  572.7  572.7  572.7
   30.9  23774  -59.7  -90.6      1   0.00     95     21  576.6  576.7  576.6
   30.0  23950  -57.7  -90.7      1   0.00    125     16  586.8  586.8  586.8
   28.5  24276  -54.1  -89.1      1   0.00    129     15  605.4  605.4  605.4
   28.0  24384  -53.9  -88.9      1   0.01    130     14  608.9  609.0  608.9
   26.7  24689  -53.2  -88.2      1   0.01    100     10  619.0  619.1  619.0
   25.5  24994  -52.6  -87.6      1   0.01    120     12  629.3  629.3  629.3
   24.9  25143  -52.3  -87.3      1   0.01    113     10  634.4  634.4  634.4
   24.3  25298  -52.2  -87.3      1   0.01    105      8  639.0  639.0  639.0
   23.2  25603  -52.0  -87.4      1   0.01     75     14  648.1  648.2  648.1
   22.1  25908  -51.9  -87.4      1   0.01     80     14  657.4  657.5  657.4
   21.1  26213  -51.7  -87.5      1   0.01     65     18  666.9  667.0  666.9
   20.1  26518  -51.5  -87.5      1   0.01     45     15  676.5  676.5  676.5
   20.0  26560  -51.5  -87.5      1   0.01     80     14  677.8  677.9  677.8