  967.0    345   25.4   20.4     74  15.87    180     12  301.4  348.4  304.3
  953.0    475   23.4   18.4     74  14.18    182     16  300.7  342.5  303.2
  938.5    610   22.2   17.7     76  13.80    185     21  300.7  341.4  303.2
  925.0    738   21.0   17.1     78  13.44    185     24  300.8  340.5  303.2
  906.4    914   19.4   16.9     85  13.52    190     26  300.9  340.9  303.4
  901.0    966   19.0   16.8     87  13.54    192     27  301.0  341.0  303.4
  894.0   1033   19.4   15.0     76  12.13    194     28  302.1  338.1  304.3
  874.9   1219   17.6   14.3     81  11.83    200     32  302.1  337.3  304.3
  870.0   1267   17.2   14.1     82  11.76    202     33  302.1  337.1  304.3
  850.0   1466   17.4   10.4     63   9.40    210     37  304.4  332.8  306.1
  849.0   1476   17.8    9.8     59   9.03    210     37  304.9  332.3  306.5
  844.2   1524   17.4   10.1     62   9.26    210     38  305.0  333.0  306.7
  814.5   1829   15.1   11.8     81  10.79    215     43  305.7  338.3  307.6
  808.0   1898   14.6   12.2     86  11.17    215     44  305.8  339.6  307.9
  799.0   1993   15.6   -1.4     31   4.34    215     45  307.9  321.6  308.7
  790.0   2089   15.4    1.4     39   5.39    215     46  308.6  325.6  309.7
  785.8   2134   15.1    1.3     39   5.40    215     46  308.8  325.7  309.8
  775.0   2251   14.2    1.2     41   5.41    215     44  309.1  326.1  310.1
  757.9   2438   11.9    6.8     71   8.22    215     41  308.5  333.9  310.0
  756.0   2459   11.6    7.4     75   8.61    215     41  308.4  335.0  310.0
  730.6   2743    9.2    6.5     84   8.41    210     40  308.8  334.7  310.4
  709.0   2993    7.0    5.8     92   8.22    214     44  309.1  334.5  310.6
  706.0   3027    6.2    3.0     80   6.77    214     44  308.6  329.6  309.8
  704.0   3051    9.0   -2.0     46   4.72    214     44  311.9  327.0  312.8
  702.0   3074    9.2   -4.8     37   3.83    215     45  312.4  324.8  313.1
  700.0   3098    9.0   -5.0     37   3.78    215     45  312.4  324.7  313.1
  689.0   3229    8.6   -6.4     34   3.45    215     46  313.4  324.7  314.1
  653.6   3658    4.9   -8.6     37   3.07    215     51  314.0  324.1  314.6
  620.0   4087    1.2  -10.8     40   2.72    218     55  314.5  323.6  315.0
  606.0   4267    0.1  -12.3     39   2.46    220     57  315.3  323.5  315.7
  560.8   4877   -3.7  -17.6     33   1.73    225     58  317.9  323.8  318.2
  500.0   5780   -9.3  -25.3     26   0.98    230     63  321.6  325.2  321.8
  479.9   6096  -11.1  -28.8     22   0.74    230     65  323.3  326.0  323.4
  466.0   6322  -12.3  -31.3     19   0.60    230     65  324.4  326.7  324.6
  423.0   7054  -18.3  -37.3     17   0.37    230     64  325.9  327.3  325.9
  417.0   7161  -19.1  -32.1     31   0.63    230     64  326.2  328.5  326.3
  400.0   7470  -21.1  -49.1      6   0.11    230     64  327.5  327.9  327.5
  391.9   7620  -22.0  -48.9      7   0.11    230     61  328.2  328.7  328.3
  363.0   8180  -25.3  -48.3     10   0.13    232     57  331.1  331.6  331.1
  316.8   9144  -33.4  -52.9     12   0.09    235     49  332.9  333.3  332.9
  303.4   9449  -36.0  -54.3     13   0.08    240     48  333.4  333.7  333.4
  300.0   9530  -36.7  -54.7     14   0.08    240     49  333.5  333.9  333.5
  271.0  10228  -42.5  -53.5     29   0.10    240     51  334.9  335.4  335.0
  253.8  10668  -45.9  -62.6     13   0.03    240     52  336.2  336.4  336.2
  250.0  10770  -46.7  -64.7     11   0.03    240     52  336.5  336.6  336.5
  245.0  10903  -47.9  -66.9      9   0.02    239     52  336.7  336.8  336.7
  210.2  11887  -56.8  -66.9     27   0.02    230     56  337.8  337.9  337.8
  210.0  11894  -56.9  -66.9     27   0.02    230     56  337.8  337.9  337.8
  200.0  12200  -58.9  -66.9     35   0.02    235     63  339.3  339.4  339.3
  192.0  12455  -60.9  -66.9     45   0.02    237     66  340.1  340.2  340.1
  164.2  13411  -66.7  -72.7     43   0.01    245     76  346.0  346.1  346.0
  162.0  13493  -67.2  -73.2     42   0.01    245     76  346.5  346.6  346.5
  157.0  13684  -68.3  -74.3     42   0.01    245     72  347.7  347.7  347.7
  150.0  13960  -65.5  -75.5     24   0.01    250     67  357.1  357.1  357.1
  148.5  14021  -65.0  -76.6     19   0.01    250     66  359.0  359.1  359.0
  141.3  14326  -62.2  -81.9      6   0.00    240     58  368.9  368.9  368.9
  141.0  14340  -62.1  -82.1      5   0.00    240     58  369.4  369.4  369.4
  127.0  14984  -64.1  -87.1      3   0.00    233     70  377.0  377.0  377.0
  121.8  15240  -64.6  -87.1      3   0.00    230     74  380.6  380.6  380.6
  104.8  16154  -66.5  -86.9      4   0.00    260     45  393.8  393.8  393.8
  101.0  16380  -66.9  -86.9      4   0.00    252     36  397.1  397.1  397.1
  100.0  16440  -66.7  -86.7      4   0.00    250     34  398.6  398.6  398.6