  966.0    345   27.4   22.8     76  18.47    180     11  303.5  358.7  306.9
  937.4    610   25.3   21.0     77  17.02    175     23  304.0  354.9  307.1
  925.0    728   24.4   20.2     77  16.40    175     29  304.2  353.3  307.2
  905.5    914   23.2   19.1     78  15.64    185     36  304.9  351.8  307.7
  874.3   1219   21.2   17.3     79  14.45    185     34  305.9  349.4  308.5
  850.0   1465   19.6   15.9     79  13.55    190     31  306.7  347.7  309.2
  844.2   1524   19.1   15.8     81  13.53    190     31  306.7  347.6  309.2
  827.0   1701   17.4   15.4     88  13.49    193     31  306.8  347.6  309.2
  814.7   1829   16.7   14.2     85  12.66    195     31  307.4  345.8  309.7
  786.0   2134   15.1   11.4     78  10.86    205     34  308.8  342.1  310.8
  760.0   2420   13.6    8.7     72   9.37    210     35  310.1  339.1  311.9
  758.4   2438   13.9    7.3     65   8.54    210     35  310.6  337.2  312.2
  755.0   2476   14.4    4.4     51   6.99    211     35  311.6  333.6  312.9
  731.3   2743   12.0    2.5     52   6.32    215     34  311.8  331.8  313.0
  710.0   2991    9.8    0.8     53   5.74    219     32  312.0  330.3  313.1
  705.2   3048    9.5    0.0     52   5.47    220     32  312.3  329.8  313.4
  700.0   3109    9.2   -0.8     50   5.18    220     34  312.6  329.2  313.6
  666.0   3520    7.2   -9.8     29   2.74    224     41  314.9  324.0  315.4
  654.9   3658    6.2   -6.1     41   3.72    225     44  315.2  327.4  315.9
  645.0   3782    5.2   -2.8     56   4.85    226     45  315.5  331.2  316.4
  623.0   4064    3.4   -6.6     48   3.76    228     46  316.6  329.0  317.3
  607.6   4267    2.6  -19.5     18   1.35    230     47  317.9  322.6  318.2
  604.0   4315    2.4  -22.6     14   1.04    230     47  318.2  321.9  318.4
  570.0   4779   -1.1  -18.1     26   1.62    230     49  319.4  325.1  319.8
  563.0   4877   -1.7  -20.9     22   1.30    230     49  319.9  324.5  320.1
  514.0   5595   -6.1  -41.1      4   0.21    238     57  323.0  323.8  323.0
  500.0   5810   -7.9  -41.9      5   0.19    240     59  323.3  324.1  323.4
  481.5   6096  -10.3  -43.0      5   0.18    245     59  323.9  324.6  323.9
  400.0   7500  -22.1  -48.1      8   0.12    250     66  326.2  326.7  326.2
  393.5   7620  -23.1  -48.5      8   0.12    250     66  326.4  326.9  326.5
  365.0   8167  -27.5  -50.5      9   0.10    248     63  327.6  328.1  327.6
  349.0   8490  -27.5  -59.5      3   0.04    247     61  331.9  332.0  331.9
  318.2   9144  -32.9  -60.0      5   0.04    245     57  333.3  333.4  333.3
  300.0   9560  -36.3  -60.3      7   0.04    245     59  334.1  334.3  334.1
  254.9  10668  -44.9  -68.9      5   0.01    240     52  337.3  337.4  337.3
  250.0  10800  -45.9  -69.9      5   0.01    235     50  337.7  337.8  337.7
  223.0  11551  -51.3  -72.3      6   0.01    235     41  340.6  340.7  340.6
  221.9  11582  -51.5  -71.5      7   0.01    235     41  340.8  340.8  340.8
  212.0  11878  -53.5  -63.5     28   0.04    239     44  342.1  342.3  342.1
  200.0  12250  -56.3  -68.3     21   0.02    245     47  343.4  343.5  343.5
  182.0  12842  -61.1  -73.1     19   0.01    252     52  345.0  345.1  345.0
  150.0  14030  -65.5  -77.5     17   0.01    265     62  357.1  357.1  357.1
  138.0  14535  -67.9  -78.9     19   0.01    260     69  361.4  361.5  361.4
  135.8  14630  -67.7  -79.0     19   0.01    265     71  363.4  363.4  363.4
  135.0  14668  -67.6  -79.0     18   0.01    265     71  364.2  364.2  364.2
  122.8  15240  -66.4  -79.4     15   0.01    265     58  376.4  376.4  376.4
  116.0  15585  -65.7  -79.7     13   0.01    251     58  383.9  383.9  383.9
  111.0  15850  -67.4  -80.8     13   0.01    240     58  385.5  385.5  385.5
  108.0  16017  -68.5  -81.5     14   0.00    245     56  386.5  386.6  386.5
  105.6  16154  -68.2  -81.6     13   0.00    250     55  389.6  389.6  389.6
  101.0  16420  -67.7  -81.7     12   0.01    258     40  395.5  395.6  395.5
  100.0  16480  -67.9  -81.9     12   0.00    260     37  396.3  396.3  396.3