  971.0    317   23.8   17.8     69  13.38    310      4  299.5  338.8  301.9
  965.0    370   21.8   16.9     74  12.71    305      4  298.0  335.1  300.2
  938.3    610   19.6   16.6     83  12.85    280      2  298.1  335.6  300.4
  925.0    732   18.4   16.5     89  12.93    215      5  298.1  335.9  300.4
  915.0    825   17.6   16.4     93  12.99    210      9  298.2  336.2  300.6
  905.6    914   17.3   16.9     98  13.59    205     13  298.8  338.6  301.3
  901.0    958   17.2   17.2    100  13.90    205     15  299.1  339.8  301.6
  874.0   1219   16.9   15.7     92  12.97    205     29  301.5  339.9  303.8
  859.0   1367   16.8   14.8     88  12.47    208     33  302.8  340.0  305.1
  850.0   1457   16.0   15.1     94  12.86    210     35  302.9  341.2  305.2
  843.3   1524   15.6   14.7     94  12.58    205     37  303.1  340.7  305.4
  813.4   1829   13.7   12.6     93  11.39    205     39  304.3  338.5  306.4
  784.6   2134   11.8   10.5     92  10.28    200     40  305.4  336.5  307.3
  776.0   2227   11.2    9.9     92   9.96    205     39  305.7  335.9  307.6
  770.0   2292   11.0    8.5     85   9.12    208     38  306.2  334.0  307.9
  761.0   2391   13.2   -1.8     35   4.43    213     37  309.6  323.7  310.4
  756.7   2438   12.9   -2.5     34   4.21    215     37  309.8  323.2  310.6
  729.5   2743   11.2   -7.4     27   3.03    215     37  311.1  321.0  311.7
  700.0   3088    9.2  -12.8     20   2.05    225     41  312.6  319.5  313.0
  680.0   3327    7.8  -16.2     16   1.60    230     42  313.7  319.1  314.0
  677.8   3353    7.6  -16.3     17   1.59    230     42  313.7  319.2  314.0
  652.3   3658    5.2  -16.9     18   1.56    225     47  314.5  319.8  314.8
  604.3   4267    0.4  -18.3     23   1.51    220     49  315.9  321.1  316.1
  559.7   4877   -4.5  -19.6     29   1.45    230     54  317.2  322.2  317.4
  510.0   5618  -10.3  -21.3     40   1.38    230     60  318.6  323.4  318.9
  500.0   5770  -10.9  -22.9     37   1.22    230     61  319.7  324.0  319.9
  479.0   6096  -12.8  -29.1     24   0.72    235     63  321.3  323.9  321.4
  435.0   6827  -17.1  -43.1      9   0.20    235     66  324.8  325.6  324.8
  407.3   7315  -20.7  -45.1      9   0.17    235     68  326.3  327.0  326.3
  400.0   7450  -21.7  -45.7     10   0.16    230     68  326.7  327.4  326.7
  390.8   7620  -23.1  -46.2     10   0.15    235     68  327.1  327.7  327.1
  358.0   8258  -28.3  -48.3     13   0.13    225     65  328.4  328.9  328.4
  344.4   8534  -29.6  -50.1     12   0.11    220     64  330.2  330.7  330.2
  328.0   8883  -31.3  -52.3     11   0.09    223     60  332.6  332.9  332.6
  316.1   9144  -33.5  -51.1     15   0.11    225     57  333.1  333.6  333.1
  302.6   9449  -36.0  -49.8     23   0.13    225     55  333.7  334.3  333.7
  300.0   9510  -36.5  -49.5     25   0.14    225     58  333.8  334.4  333.8
  252.7  10668  -46.1  -57.2     27   0.07    225     62  336.4  336.7  336.4
  250.0  10740  -46.7  -57.7     27   0.06    230     60  336.5  336.8  336.5
  238.0  11064  -49.3  -58.3     34   0.06    232     62  337.4  337.6  337.4
  226.0  11401  -52.1  -64.1     22   0.03    235     65  338.1  338.2  338.1
  223.0  11487  -52.9  -58.9     48   0.06    235     66  338.1  338.4  338.2
  217.0  11663  -54.3  -64.3     28   0.03    236     67  338.6  338.8  338.6
  200.0  12180  -58.7  -62.6     61   0.04    240     71  339.6  339.8  339.7
  199.0  12211  -59.3  -63.6     57   0.04    240     71  339.2  339.4  339.2
  180.8  12802  -63.1  -67.8     53   0.02    240     73  342.4  342.6  342.4
  170.0  13184  -65.5  -70.5     50   0.02    247     67  344.5  344.6  344.5
  165.0  13365  -65.9  -71.9     43   0.01    250     64  346.8  346.9  346.8
  163.8  13411  -65.4  -72.9     35   0.01    250     69  348.4  348.4  348.4
  156.0  13708  -62.3  -79.3      9   0.00    247     64  358.5  358.5  358.5
  150.0  13950  -63.5  -79.5     10   0.00    245     60  360.5  360.5  360.5
  134.2  14630  -64.3  -82.5      7   0.00    235     58  370.7  370.7  370.7
  124.0  15114  -64.9  -84.6      5   0.00    240     74  378.1  378.1  378.1
  121.5  15240  -65.0  -85.2      5   0.00    245     74  380.1  380.1  380.1
  105.0  16132  -66.1  -89.1      3   0.00    255     54  394.2  394.2  394.2
  104.6  16154  -65.9  -89.1      3   0.00    255     53  395.0  395.0  395.0
  100.0  16430  -63.7  -88.7      2   0.00    245     30  404.4  404.4  404.4
   94.8  16764  -61.6  -89.1      1   0.00    245     30  414.8  414.8  414.8
   91.6  16973  -60.3  -89.3      1   0.00    252     28  421.4  421.4  421.4
   85.9  17374  -60.4  -89.7      1   0.00    265     25  428.9  428.9  428.9
   81.8  17678  -60.5  -90.0      1   0.00    200     18  434.7  434.7  434.7
   77.9  17983  -60.7  -90.3      1   0.00    190     32  440.6  440.6  440.6
   70.6  18593  -60.9  -90.8      1   0.00    225     24  452.6  452.6  452.6
   70.0  18650  -60.9  -90.9      1   0.00    220     16  453.8  453.8  453.8
   64.1  19202  -59.9  -90.6      1   0.00    250     13  467.6  467.6  467.6
   62.0  19406  -59.5  -90.5      1   0.00    223     15  472.9  472.9  472.9
   61.0  19507  -60.0  -90.7      1   0.00    210     16  473.9  473.9  473.9
   58.1  19812  -61.5  -91.3      1   0.00    185      1  477.2  477.2  477.2
   55.6  20082  -62.9  -91.9      1   0.00    110      9  480.1  480.1  480.1
   55.3  20117  -62.7  -91.8      1   0.00    100     10  481.3  481.3  481.3