  971.0    317   19.6   12.6     64   9.52    115      6  295.2  322.9  296.9
  938.1    610   16.2   11.8     75   9.31    190      5  294.7  321.7  296.3
  925.0    730   14.8   11.4     80   9.23    195     10  294.4  321.2  296.1
  915.0    822   14.0   11.5     85   9.39    195     17  294.5  321.8  296.2
  905.1    914   14.3   12.3     88  10.06    195     23  295.7  325.0  297.5
  873.1   1219   15.2   15.2    100  12.58    210     37  299.7  336.8  302.0
  873.0   1220   15.2   15.2    100  12.60    210     37  299.8  336.8  302.0
  850.0   1447   14.2   14.2    100  12.12    220     39  301.0  336.9  303.2
  842.3   1524   14.1   14.0     99  12.08    230     45  301.7  337.5  303.9
  812.5   1829   13.8   13.2     96  11.90    225     45  304.5  340.3  306.7
  811.0   1845   13.8   13.2     96  11.90    224     45  304.6  340.4  306.8
  805.0   1908   14.0   10.4     79   9.93    222     46  305.5  335.6  307.3
  791.0   2056   13.0    8.6     75   8.94    218     47  306.0  333.2  307.6
  783.7   2134   12.4    8.9     79   9.20    215     48  306.1  334.1  307.8
  756.0   2436   10.0   10.0    100  10.30    210     49  306.7  338.0  308.6
  755.8   2438   10.0    9.9    100  10.27    210     49  306.7  337.9  308.6
  728.5   2743    8.2    4.2     76   7.17    205     49  308.0  330.1  309.3
  726.0   2772    8.0    3.7     74   6.92    205     50  308.1  329.5  309.4
  723.0   2806    8.0    2.0     66   6.15    206     51  308.4  327.6  309.6
  707.0   2992    9.4   -7.6     29   3.07    209     59  312.0  322.0  312.6
  700.0   3074    9.0   -7.0     32   3.25    210     62  312.4  323.0  313.0
  678.0   3338    7.0  -14.0     21   1.92    215     63  313.1  319.5  313.4
  676.7   3353    6.9  -14.1     21   1.91    215     63  313.1  319.5  313.4
  651.9   3658    4.0  -15.2     23   1.81    220     59  313.2  319.4  313.6
  648.0   3707    3.6  -15.4     23   1.79    221     59  313.3  319.3  313.6
  610.0   4196    1.6  -17.4     23   1.61    229     61  316.4  322.0  316.7
  604.6   4267    1.0  -17.6     24   1.60    230     61  316.5  322.0  316.8
  559.8   4877   -4.5  -18.9     31   1.54    240     58  317.1  322.4  317.4
  535.0   5236   -7.7  -19.7     38   1.51    236     61  317.4  322.6  317.7
  500.0   5760  -10.9  -22.9     37   1.22    230     66  319.7  324.0  319.9
  478.5   6096  -12.4  -28.2     25   0.79    230     69  321.8  324.7  322.0
  472.0   6201  -12.9  -29.9     23   0.68    230     69  322.5  325.0  322.6
  413.0   7204  -20.5  -29.5     44   0.81    234     71  325.3  328.3  325.4
  400.0   7440  -21.9  -32.9     36   0.60    235     71  326.4  328.7  326.6
  390.2   7620  -23.1  -34.8     33   0.51    235     69  327.3  329.2  327.4
  358.7   8230  -27.0  -41.2     25   0.29    225     69  330.0  331.1  330.0
  350.0   8408  -28.1  -43.1     22   0.24    227     68  330.8  331.8  330.8
  337.0   8678  -30.3  -48.3     16   0.14    230     68  331.4  332.0  331.4
  315.3   9144  -34.7  -45.3     33   0.21    235     66  331.6  332.4  331.6
  308.0   9308  -36.3  -44.3     43   0.24    235     66  331.6  332.6  331.6
  300.0   9490  -37.5  -52.5     19   0.10    235     65  332.4  332.8  332.4
  288.0   9770  -39.9  -55.9     16   0.07    236     65  332.9  333.2  332.9
  279.0   9986  -41.7  -56.7     18   0.06    237     65  333.3  333.6  333.3
  277.0  10035  -41.9  -49.9     41   0.14    237     65  333.7  334.3  333.7
  267.0  10282  -43.9  -59.9     15   0.04    238     65  334.3  334.5  334.3
  252.0  10668  -47.4  -58.1     28   0.06    240     65  334.7  334.9  334.7
  250.0  10720  -47.9  -57.9     31   0.06    240     64  334.7  335.0  334.7
  240.5  10973  -50.0  -58.5     36   0.06    240     64  335.3  335.5  335.3
  219.0  11583  -55.1  -60.1     54   0.05    237     71  336.5  336.8  336.5
  206.0  11973  -57.7  -66.7     31   0.02    236     75  338.4  338.5  338.4
  200.0  12160  -59.3  -67.3     35   0.02    235     77  338.7  338.8  338.7
  188.0  12544  -62.5  -66.3     60   0.03    241     81  339.6  339.7  339.6
  179.0  12844  -64.3  -71.3     38   0.01    245     85  341.4  341.5  341.4
  171.4  13106  -64.9  -72.3     35   0.01    245     85  344.7  344.7  344.7
  162.0  13451  -65.7  -73.7     32   0.01    250     71  348.9  349.0  348.9
  153.0  13799  -63.5  -79.5     10   0.00    250     65  358.5  358.5  358.5
  150.0  13920  -64.3  -80.3     10   0.00    250     63  359.1  359.1  359.1
  147.6  14021  -63.8  -81.1      8   0.00    250     64  361.6  361.6  361.6
  140.4  14326  -62.4  -83.6      4   0.00    240     58  369.2  369.2  369.2
  133.6  14630  -61.0  -86.1      2   0.00    225     64  377.0  377.0  377.0
  132.0  14705  -60.7  -86.7      2   0.00    226     65  378.9  378.9  378.9
  121.0  15240  -61.1  -87.4      2   0.00    235     72  387.7  387.7  387.7
  109.7  15850  -61.5  -88.2      2   0.00    250     57  398.0  398.0  398.0
  100.0  16420  -61.9  -88.9      2   0.00    235     17  407.9  407.9  407.9
   99.4  16459  -61.9  -89.0      2   0.00    220     15  408.6  408.6  408.6
   94.6  16764  -61.9  -89.3      1   0.00    235     17  414.4  414.4  414.4
   87.0  17282  -61.9  -89.9      1   0.00    239     26  424.4  424.4  424.4
   85.7  17374  -61.3  -89.9      1   0.00    240     27  427.4  427.4  427.4
   81.7  17678  -59.3  -90.0      1   0.00    195     18  437.5  437.5  437.5
   79.3  17860  -58.1  -90.1      1   0.00    195     25  443.6  443.6  443.6
   77.8  17983  -58.6  -90.3      1   0.00    195     30  445.1  445.1  445.1
   70.5  18593  -61.1  -91.2      1   0.00    215     16  452.3  452.4  452.3
   70.0  18640  -61.3  -91.3      1   0.00    195     14  452.9  452.9  452.9
   67.2  18898  -61.4  -91.4      1   0.00    175     11  458.1  458.1  458.1
   64.0  19202  -61.5  -91.5      1   0.00    210     23  464.3  464.3  464.3
   60.9  19507  -61.5  -91.5      1   0.00    215     16  470.6  470.7  470.6
   58.0  19812  -61.6  -91.6      1   0.00    250     10  477.1  477.1  477.1
   56.1  20024  -61.7  -91.7      1   0.00    128     10  481.6  481.6  481.6
   55.3  20117  -61.1  -91.4      1   0.00     75     10  485.0  485.0  485.0
   52.7  20422  -59.1  -90.5      1   0.00    120     18  496.3  496.3  496.3
   51.1  20612  -57.9  -89.9      1   0.00    129     16  503.5  503.5  503.5
   50.2  20726  -58.4  -90.4      1   0.00    135     15  504.9  504.9  504.9
   50.0  20750  -58.5  -90.5      1   0.00    105     12  505.2  505.2  505.2
   47.8  21031  -59.1  -90.5      1   0.00    105     11  510.4  510.4  510.4