  973.0    317   20.6   19.6     94  14.99     65      5  296.1  339.4  298.7
  961.0    424   21.4   17.7     79  13.44     52      9  297.9  337.1  300.3
  940.4    610   20.1   16.6     80  12.77     30     15  298.5  335.9  300.8
  925.0    752   19.2   15.7     80  12.27     30     16  298.9  334.9  301.1
  907.8    914   18.2   16.1     87  12.81     40     14  299.6  337.2  301.9
  883.0   1152   16.8   16.6     99  13.64    114      9  300.4  340.6  302.9
  876.2   1219   17.1   15.9     93  13.15    135      8  301.4  340.4  303.8
  874.0   1240   17.2   15.7     91  13.00    139      9  301.7  340.3  304.1
  854.0   1439   16.2   16.2    100  13.75    181     17  302.7  343.6  305.2
  850.0   1479   16.0   16.0    100  13.64    190     19  302.9  343.5  305.4
  845.5   1524   15.8   15.7    100  13.47    210     21  303.1  343.3  305.6
  815.6   1829   14.4   13.8     96  12.34    205     27  304.9  341.9  307.1
  786.7   2134   13.1   11.9     93  11.28    215     35  306.6  340.8  308.6
  759.0   2438   11.8   10.1     89  10.30    215     37  308.2  339.8  310.2
  748.0   2561   11.2    9.3     88   9.93    215     36  308.9  339.4  310.8
  731.9   2743   10.5    6.9     79   8.60    215     34  310.1  336.8  311.7
  700.0   3115    9.0    2.0     62   6.36    220     39  312.4  332.5  313.6
  691.0   3222    8.8   -0.2     53   5.49    221     39  313.4  330.9  314.4
  655.4   3658    5.7   -6.2     42   3.68    225     37  314.6  326.7  315.4
  643.0   3815    4.6   -8.4     38   3.17    228     38  315.1  325.6  315.7
  629.0   3994    4.0  -10.0     35   2.86    230     40  316.4  326.0  316.9
  616.0   4164    3.6  -32.4      5   0.41    233     41  317.8  319.4  317.9
  609.0   4256    3.2  -23.8     12   0.92    235     42  318.4  321.7  318.6
  608.2   4267    3.1  -23.8     12   0.93    235     42  318.4  321.8  318.6
  585.5   4572    0.7  -22.4     16   1.09    235     37  319.1  323.0  319.3
  567.0   4831   -1.3  -21.3     20   1.24    239     37  319.7  324.1  319.9
  563.7   4877   -1.6  -22.2     19   1.15    240     37  319.8  323.9  320.1
  521.7   5486   -6.1  -34.7      8   0.39    250     42  321.6  323.1  321.7
  500.0   5820   -8.5  -41.5      5   0.20    245     44  322.6  323.4  322.6
  482.3   6096  -10.6  -41.8      6   0.20    250     49  323.3  324.1  323.4
  472.0   6261  -11.9  -41.9      6   0.21    245     55  323.8  324.6  323.8
  463.4   6401  -12.5  -43.2      6   0.18    240     60  324.7  325.5  324.8
  449.0   6640  -13.5  -45.5      5   0.15    241     61  326.4  327.0  326.4
  400.0   7500  -21.5  -45.5     10   0.16    245     64  327.0  327.6  327.0
  399.0   7519  -21.7  -45.7     10   0.16    245     64  326.9  327.6  327.0
  393.4   7620  -22.4  -46.5      9   0.15    245     64  327.4  328.0  327.4
  377.1   7925  -24.4  -48.8      9   0.12    250     67  328.6  329.1  328.7
  318.3   9144  -32.6  -58.2      6   0.05    245     55  333.6  333.8  333.6
  305.1   9449  -34.7  -60.6      5   0.04    245     53  334.8  334.9  334.8
  300.0   9570  -35.5  -61.5      5   0.03    240     46  335.2  335.4  335.2
  294.0   9710  -36.7  -61.7      6   0.03    234     45  335.5  335.6  335.5
  279.3  10058  -39.2  -60.6      9   0.04    220     41  336.8  336.9  336.8
  255.4  10668  -43.6  -58.7     17   0.05    220     41  339.0  339.2  339.0
  255.0  10678  -43.7  -58.7     17   0.05    220     41  339.0  339.3  339.1
  250.0  10810  -44.9  -63.9     10   0.03    225     41  339.2  339.3  339.2
  241.0  11054  -46.3  -66.3      9   0.02    224     41  340.6  340.8  340.6
  202.1  12192  -56.1  -69.5     17   0.02    220     41  342.7  342.8  342.7
  200.0  12260  -56.7  -69.7     18   0.02    230     40  342.8  342.9  342.8
  183.0  12816  -61.7  -67.7     45   0.02    237     37  343.5  343.6  343.5
  174.5  13106  -63.1  -69.8     40   0.02    240     36  345.8  345.9  345.8
  150.0  14030  -67.7  -76.7     27   0.01    250     61  353.3  353.3  353.3
  145.0  14234  -68.7  -76.7     31   0.01    250     60  355.0  355.0  355.0
  140.0  14444  -69.9  -77.9     30   0.01    250     58  356.4  356.5  356.4
  133.0  14752  -68.5  -81.6     14   0.00    250     69  364.1  364.1  364.1
  129.0  14935  -67.7  -83.8      8   0.00    250     69  368.7  368.8  368.7
  124.0  15173  -66.7  -86.7      4   0.00    246     62  374.8  374.8  374.8
  122.7  15240  -65.5  -86.8      4   0.00    245     60  378.2  378.2  378.2
  118.0  15477  -61.3  -87.3      2   0.00    251     54  390.1  390.1  390.1
  111.0  15850  -63.7  -87.8      2   0.00    260     44  392.6  392.6  392.6
  105.6  16154  -65.6  -88.2      3   0.00    225     31  394.5  394.5  394.5
  100.5  16459  -67.5  -88.7      4   0.00    230     21  396.5  396.5  396.5
  100.0  16490  -67.7  -88.7      4   0.00    225     31  396.7  396.7  396.7
   98.3  16593  -68.5  -89.5      4   0.00    230     30  397.1  397.1  397.1
   95.5  16764  -65.4  -89.0      3   0.00    225     31  406.4  406.4  406.4
   95.1  16792  -64.9  -88.9      2   0.00    226     30  407.9  407.9  407.9
   90.9  17069  -63.8  -88.7      2   0.00    240     22  415.4  415.4  415.4
   86.3  17385  -62.5  -88.5      2   0.00    222     18  424.2  424.2  424.2
   82.3  17678  -61.3  -88.9      1   0.00    205     15  432.4  432.4  432.4
   79.1  17924  -60.3  -89.3      1   0.00    205     22  439.4  439.4  439.4
   78.3  17983  -60.4  -89.3      1   0.00    205     24  440.4  440.4  440.4
   74.6  18288  -61.1  -89.6      1   0.00    200     25  445.3  445.3  445.3
   71.0  18593  -61.7  -89.8      1   0.00    220     26  450.2  450.2  450.2
   70.0  18680  -61.9  -89.9      1   0.00    255     17  451.6  451.6  451.6
   67.6  18898  -62.2  -90.1      1   0.00    250     18  455.5  455.5  455.5
   58.2  19812  -63.6  -90.8      1   0.00    275     10  472.1  472.1  472.1
   55.4  20120  -64.1  -91.1      1   0.00    140     10  477.8  477.8  477.8
   53.8  20301  -59.5  -89.5      1   0.00    146     14  492.4  492.4  492.4
   52.8  20422  -59.4  -89.4      1   0.00    150     17  495.4  495.4  495.4
   50.3  20726  -59.1  -89.1      1   0.00    155      1  502.9  502.9  502.9
   50.0  20760  -59.1  -89.1      1   0.00     80      2  503.8  503.8  503.8
   48.3  20977  -58.1  -88.1      1   0.00     80      2  511.2  511.2  511.2
   47.9  21031  -58.4  -88.2      1   0.00     80      2  511.8  511.8  511.8
   45.6  21336  -59.8  -88.7      1   0.00     60     17  515.5  515.5  515.5
   43.4  21647  -61.3  -89.3      1   0.00     85     28  519.2  519.2  519.2
   41.4  21946  -60.3  -88.9      1   0.00    110     18  528.8  528.8  528.8
   35.8  22860  -57.2  -87.8      1   0.01    105     22  559.1  559.2  559.1
   34.1  23165  -56.2  -87.4      1   0.01    110     18  569.6  569.6  569.6
   32.5  23470  -55.2  -87.0      1   0.01    100     19  580.3  580.3  580.3
   32.1  23547  -54.9  -86.9      1   0.01    110     19  583.0  583.1  583.0
   31.0  23774  -54.9  -86.9      1   0.01    140     18  588.9  589.0  588.9
   30.0  23980  -54.9  -86.9      1   0.01    100     10  594.4  594.4  594.4
   29.5  24079  -54.9  -86.9      1   0.01    125      9  596.9  597.0  596.9
   28.2  24384  -55.0  -87.0      1   0.01    110     10  604.9  605.0  604.9
   26.8  24689  -55.1  -87.1      1   0.01     65     16  613.0  613.0  613.0
   25.6  24994  -55.2  -87.2      1   0.01     80     16  621.1  621.2  621.1
   24.5  25270  -55.3  -87.3      1   0.01     57     21  628.6  628.7  628.6
   24.4  25298  -55.2  -87.2      1   0.01     55     21  629.8  629.9  629.8
   21.2  26213  -50.9  -85.1      1   0.01     55     17  668.8  668.9  668.8
   20.1  26547  -49.3  -84.3      1   0.02     41     15  683.5  683.7  683.5
   20.0  26580  -49.3  -84.3      1   0.02     40     15  684.5  684.7  684.5
   19.3  26822  -49.2  -84.3      1   0.02     85     13  692.1  692.3  692.1
   18.4  27127  -49.0  -84.4      1   0.02     35     15  701.8  702.0  701.8
   17.6  27432  -48.9  -84.4      1   0.02     50     17  711.6  711.8  711.6
   15.3  28346  -48.5  -84.5      1   0.02     90     29  741.8  742.1  741.9