  965.0    387   28.4   20.4     62  15.90    190      8  304.6  352.3  307.5
  962.0    415   27.4   18.4     58  14.04    191     10  303.9  345.9  306.4
  941.0    610   25.7   17.8     62  13.85    195     24  304.1  345.6  306.6
  925.0    761   24.4   17.4     65  13.70    200     23  304.2  345.3  306.8
  908.9    914   23.0   16.9     68  13.53    200     23  304.4  344.9  306.8
  877.5   1219   20.3   16.0     76  13.17    205     26  304.6  344.1  307.0
  850.0   1496   17.8   15.1     84  12.86    210     33  304.8  343.4  307.1
  834.0   1659   16.4   14.8     90  12.85    212     37  305.0  343.6  307.3
  817.5   1829   15.3   13.2     87  11.81    215     41  305.6  341.2  307.8
  800.0   2012   14.2   11.5     84  10.76    218     44  306.3  338.9  308.2
  788.5   2134   13.3   10.8     85  10.45    220     46  306.6  338.3  308.5
  760.5   2438   11.1    9.2     88   9.71    215     50  307.3  337.0  309.1
  750.0   2555   10.2    8.6     90   9.43    215     49  307.6  336.5  309.4
  737.0   2700   10.2    4.2     66   7.06    215     47  309.2  331.1  310.5
  733.2   2743   10.7    0.5     49   5.42    215     47  310.1  327.3  311.1
  729.0   2791   11.2   -3.8     35   3.98    216     47  311.2  324.0  312.0
  725.0   2837   11.4   -7.6     26   2.99    216     47  311.9  321.8  312.5
  715.0   2953   10.8  -10.2     22   2.47    218     48  312.5  320.7  313.0
  700.0   3129    9.6  -13.4     18   1.95    220     48  313.1  319.7  313.4
  688.0   3272    8.4  -14.6     18   1.80    223     49  313.3  319.4  313.6
  669.0   3503    6.4   -9.6     31   2.77    227     49  313.6  322.8  314.1
  656.4   3658    5.2  -10.4     31   2.65    230     50  313.9  322.7  314.4
  636.0   3916    3.2  -11.8     32   2.45    230     52  314.5  322.7  315.0
  635.0   3928    3.2  -10.8     35   2.66    230     52  314.6  323.5  315.1
  631.0   3980    2.6   -1.2     76   5.59    230     52  314.5  332.4  315.6
  627.0   4031    2.0   -1.2     79   5.62    230     52  314.4  332.4  315.5
  623.0   4083    1.8   -1.3     80   5.62    230     53  314.8  332.8  315.8
  617.0   4161    1.8   -8.2     47   3.36    230     53  315.6  326.7  316.3
  609.0   4267    1.0   -7.4     54   3.62    230     54  315.9  327.8  316.6
  607.0   4293    0.8   -7.2     55   3.69    230     54  315.9  328.1  316.6
  599.0   4400    0.8  -14.2     32   2.14    232     54  317.1  324.4  317.6
  564.1   4877   -3.4  -17.7     32   1.70    240     52  317.7  323.5  318.0
  554.0   5021   -4.7  -18.7     33   1.59    241     52  317.8  323.3  318.1
  516.0   5576   -8.7  -30.7     15   0.58    244     52  319.5  321.6  319.6
  504.0   5758   -9.7  -26.7     24   0.86    245     52  320.4  323.5  320.6
  500.0   5820  -10.1  -28.1     21   0.76    245     52  320.7  323.4  320.8
  485.0   6053  -11.9  -29.9     21   0.66    249     55  321.2  323.7  321.4
  482.3   6096  -12.0  -28.4     24   0.77    250     55  321.6  324.4  321.8
  480.0   6132  -12.1  -27.1     28   0.87    249     56  322.0  325.1  322.1
  463.3   6401  -13.0  -38.6     10   0.29    245     61  324.1  325.2  324.1
  455.0   6539  -13.5  -44.5      5   0.16    244     61  325.2  325.8  325.2
  400.0   7500  -21.7  -46.7      9   0.14    240     59  326.7  327.3  326.7
  393.5   7620  -22.8  -47.5      9   0.13    240     57  326.9  327.4  326.9
  377.4   7925  -25.4  -49.5      9   0.11    245     56  327.2  327.7  327.2
  376.0   7953  -25.7  -49.7      9   0.11    244     56  327.2  327.7  327.3
  366.0   8148  -25.7  -51.7      7   0.09    240     55  329.8  330.1  329.8
  334.0   8805  -31.1  -49.1     15   0.13    227     51  331.1  331.7  331.1
  318.4   9144  -33.1  -57.6      7   0.05    220     49  333.0  333.2  333.0
  315.0   9219  -33.5  -59.5      6   0.04    221     50  333.4  333.5  333.4
  300.0   9560  -36.3  -61.3      6   0.03    225     52  334.1  334.2  334.1
  278.0  10084  -39.9  -62.9      7   0.03    225     49  336.2  336.4  336.3
  266.7  10363  -42.3  -62.6      9   0.03    225     48  336.7  336.9  336.7
  250.0  10800  -46.1  -62.1     15   0.04    235     52  337.4  337.6  337.4
  211.2  11887  -55.6  -64.8     31   0.03    250     59  339.2  339.3  339.2
  200.0  12240  -58.7  -65.7     40   0.03    250     59  339.6  339.8  339.7
  197.0  12335  -59.5  -66.5     40   0.03    251     59  339.9  340.0  339.9
  173.0  13136  -65.7  -71.7     43   0.01    258     63  342.5  342.5  342.5
  165.0  13423  -66.7  -71.7     49   0.01    260     64  345.4  345.5  345.5
  162.0  13534  -65.9  -71.9     43   0.01    256     63  348.6  348.7  348.6
  159.0  13647  -66.9  -72.9     42   0.01    252     62  348.8  348.9  348.8
  157.2  13716  -66.5  -73.3     38   0.01    250     61  350.5  350.6  350.5
  154.0  13841  -65.9  -73.9     32   0.01    248     66  353.7  353.8  353.7
  150.0  14000  -66.7  -75.7     27   0.01    245     73  355.0  355.0  355.0
  149.5  14021  -66.8  -76.0     26   0.01    250     79  355.2  355.2  355.2
  147.0  14122  -67.3  -77.3     23   0.01    250     79  356.0  356.0  356.0
  146.0  14163  -67.3  -77.5     22   0.01    250     79  356.7  356.7  356.7
  142.0  14330  -67.3  -78.3     20   0.01    250     74  359.6  359.6  359.6
  138.0  14503  -66.1  -79.1     15   0.01    250     68  364.6  364.6  364.6
  135.1  14630  -66.7  -81.1     12   0.00    250     64  365.8  365.8  365.8
  134.0  14681  -66.9  -81.9     10   0.00    251     64  366.3  366.3  366.3
  127.0  15006  -64.1  -84.1      5   0.00    259     66  377.0  377.0  377.0
  124.0  15152  -65.1  -86.1      4   0.00    263     67  377.7  377.8  377.7
  122.2  15240  -64.7  -86.4      4   0.00    265     68  380.1  380.1  380.1
  119.0  15403  -63.9  -86.9      3   0.00    265     59  384.4  384.4  384.4
  112.0  15773  -65.3  -89.3      2   0.00    265     40  388.5  388.5  388.5
  110.6  15850  -65.0  -89.0      2   0.00    265     36  390.4  390.4  390.4
  110.0  15883  -64.9  -88.9      2   0.00    263     36  391.3  391.3  391.3
  104.0  16223  -67.1  -90.1      3   0.00    241     35  393.4  393.4  393.4
  102.0  16340  -66.7  -90.7      2   0.00    233     35  396.3  396.4  396.3
  101.0  16400  -65.1  -89.1      2   0.00    229     35  400.5  400.6  400.5
  100.0  16460  -65.5  -89.5      2   0.00    225     35  400.9  400.9  400.9
   98.0  16583  -65.7  -89.7      2   0.00    229     32  402.8  402.9  402.8
   95.9  16716  -61.5  -87.5      2   0.00    233     28  413.6  413.6  413.6
   93.5  16873  -60.7  -88.7      1   0.00    239     24  418.1  418.1  418.1
   90.6  17069  -61.5  -89.3      1   0.00    245     19  420.4  420.4  420.4
   86.2  17374  -62.7  -90.2      1   0.00    240     18  423.9  423.9  423.9
   82.0  17678  -64.0  -91.1      1   0.00    215     23  427.4  427.4  427.4
   79.6  17865  -64.7  -91.7      1   0.00    224     25  429.6  429.6  429.6
   78.1  17983  -63.2  -91.2      1   0.00    230     27  435.0  435.1  435.0
   75.1  18224  -60.1  -90.1      1   0.00    254     21  446.4  446.4  446.4
   74.3  18288  -60.5  -90.5      1   0.00    260     19  446.8  446.8  446.8
   70.8  18593  -62.7  -92.7      1   0.00    305     13  448.5  448.5  448.5
   70.8  18590  -62.7  -92.7      1   0.00    305     13  448.4  448.4  448.4
   70.0  18660  -62.7  -92.7      1   0.00    310     13  449.9  449.9  449.9
   67.4  18898  -61.6  -91.6      1   0.00     60      1  457.3  457.3  457.3
   67.2  18913  -61.5  -91.5      1   0.00     61      1  457.8  457.8  457.8
   63.5  19263  -62.9  -91.9      1   0.00     92      9  462.2  462.2  462.2
   61.4  19471  -61.5  -91.5      1   0.00    110     13  469.7  469.8  469.7
   58.1  19812  -62.2  -91.5      1   0.00    140     20  475.5  475.5  475.5
   57.0  19931  -62.5  -91.5      1   0.00    152     19  477.6  477.6  477.6
   55.3  20117  -61.0  -91.1      1   0.00    170     17  485.2  485.2  485.2
   54.2  20244  -59.9  -90.9      1   0.00    161     14  490.5  490.5  490.5
   50.2  20726  -58.2  -90.1      1   0.00    125      1  505.4  505.4  505.4
   50.0  20750  -58.1  -90.1      1   0.00     65      1  506.1  506.1  506.1
   49.7  20788  -57.9  -88.9      1   0.00     66      3  507.5  507.5  507.5
   47.8  21031  -58.8  -89.8      1   0.00     70     16  511.1  511.1  511.1
   45.5  21336  -59.8  -90.8      1   0.00    115     11  515.6  515.6  515.6
   45.0  21411  -60.1  -91.1      1   0.00    104     10  516.8  516.8  516.8
   43.4  21641  -60.0  -91.0      1   0.00     70      8  522.4  522.4  522.4
   39.3  22250  -59.8  -90.8      1   0.00     55     15  537.6  537.6  537.6
   37.5  22555  -59.8  -90.8      1   0.00     80     23  545.4  545.4  545.4
   34.0  23165  -59.6  -90.6      1   0.00     90     22  561.3  561.4  561.3
   32.9  23367  -59.5  -90.5      1   0.00    103     21  566.7  566.7  566.7
   32.4  23470  -58.7  -89.9      1   0.00    110     21  571.4  571.5  571.4
   30.5  23845  -55.9  -87.9      1   0.01    102     15  588.9  588.9  588.9
   30.0  23950  -55.5  -87.5      1   0.01    100     13  592.7  592.8  592.8
   29.4  24079  -55.3  -87.5      1   0.01     95     12  596.7  596.7  596.7
   28.0  24384  -54.9  -87.4      1   0.01    100     16  606.1  606.2  606.1
   26.7  24689  -54.4  -87.3      1   0.01     75     10  615.6  615.7  615.7
   26.4  24769  -54.3  -87.3      1   0.01     67     11  618.2  618.2  618.2
   25.5  24994  -52.4  -85.3      1   0.01     45     14  629.9  630.0  629.9
   25.2  25070  -51.7  -84.7      1   0.01     49     15  633.9  634.0  633.9
   23.2  25603  -52.7  -85.0      1   0.01     80     21  646.1  646.2  646.1
   22.4  25833  -53.1  -85.1      1   0.01     69     16  651.5  651.6  651.5
   22.1  25908  -52.8  -85.0      1   0.01     65     15  654.6  654.7  654.6
   20.2  26518  -50.1  -84.0      1   0.02     90     14  680.4  680.6  680.4
   20.0  26570  -49.9  -83.9      1   0.02     70     10  682.7  682.9  682.7
   19.5  26736  -48.9  -82.9      1   0.02     54     11  690.7  690.9  690.7
   19.2  26822  -48.8  -82.8      1   0.02     45     11  693.5  693.7  693.5
   17.5  27432  -48.4  -82.3      1   0.03     50     16  713.6  713.9  713.6
   16.8  27737  -48.1  -82.1      1   0.03     85     17  723.9  724.2  723.9
   16.7  27756  -48.1  -82.1      1   0.03     85     17  724.6  724.9  724.6
   16.1  27999  -45.9  -80.9      1   0.04     81     16  739.3  739.7  739.4
   16.0  28042  -45.8  -80.9      1   0.04     80     16  741.1  741.5  741.1
   15.3  28346  -45.0  -80.6      1   0.04    100     17  753.5  754.0  753.5
   14.9  28516  -44.5  -80.5      1   0.04    108     14  760.5  761.0  760.5
   14.6  28651  -44.5  -80.5      1   0.04    115     12  764.9  765.4  764.9
   13.4  29227  -44.5  -80.5      1   0.05     91      4  783.9  784.5  784.0
   13.3  29261  -44.6  -80.6      1   0.05     90      4  784.7  785.2  784.7
   12.0  29962  -46.9  -81.9      1   0.04     96     12  800.6  801.1  800.6
   11.1  30480  -45.9  -80.9      1   0.05    100     18  822.2  822.8  822.2
   10.6  30788  -45.3  -80.3      1   0.06    129     11  835.3  836.1  835.3
   10.1  31090  -42.2  -78.8      1   0.08     45     13  857.5  858.6  857.6
   10.0  31180  -41.3  -78.3      1   0.09     70     17  864.2  865.4  864.3
    9.6  31458  -39.3  -76.3      1   0.12     97     18  881.9  883.5  882.0
    9.3  31699  -38.0  -75.8      1   0.14    120     19  895.8  897.6  895.9
    9.2  31751  -37.7  -75.7      1   0.14    118     18  898.8  900.7  898.9
    8.6  32215  -38.3  -75.3      1   0.16     99      8  914.0  916.1  914.1
    8.5  32309  -37.9  -75.0      1   0.17     95      6  919.1  921.4  919.2
    7.8  32918  -35.4  -73.3      1   0.24     30     16  952.7  956.0  952.8
